mut_par_size	mut_par_patt	typ1_err	typ2_err	            rej_rate	acp_rate	avg_size	avg_size_thr	avg_par_size	avg_patt	avg_patt_thr	avg_par_patt	end_gen
0.250000	0.250000	0.026140	0.687523	0.235177	0.520523	10.000000	11.579816	9.501077	10.000000	11.121615	10.356812	2999
0.250000	0.250000	0.020290	0.585487	0.221883	0.442797	10.000000	14.547368	9.779909	10.000000	13.192529	9.267090	2999
0.250000	0.250000	0.042570	0.564053	0.234000	0.430207	10.000000	10.855773	10.719550	10.000000	11.831330	10.262270	2999
0.250000	0.250000	0.027893	0.388287	0.207983	0.295183	10.000000	14.026917	9.082729	10.000000	11.057709	10.666514	2999
0.250000	0.250000	0.022607	0.863353	0.249763	0.652757	10.000000	11.479920	9.947546	10.000000	11.840184	9.977759	2999
0.250000	0.250000	0.033387	0.345330	0.207420	0.261657	10.000000	10.960162	11.024310	10.000000	11.342004	10.877141	2999
0.250000	0.250000	0.042823	0.321353	0.212333	0.244477	10.000000	10.852156	11.037196	10.000000	12.834370	9.652355	2999
0.250000	0.250000	0.036673	0.372460	0.211833	0.283213	10.000000	11.245884	10.561984	10.000000	10.950538	11.035310	2999
0.250000	0.250000	0.027607	0.305880	0.199723	0.232163	10.000000	11.027425	11.230378	10.000000	12.292729	9.605827	2999
0.250000	0.250000	0.040090	0.595547	0.235073	0.453127	10.000000	10.879254	10.671438	10.000000	11.920485	10.074768	2999
0.250000	0.250000	0.020843	0.815463	0.243257	0.616413	10.000000	11.748826	9.860356	10.000000	12.508027	9.775095	2999
0.250000	0.250000	0.026883	0.196650	0.189103	0.149830	10.000000	11.054735	11.260650	10.000000	12.685570	9.092530	2999
0.250000	0.250000	0.025767	0.819710	0.248120	0.620537	10.000000	12.479449	10.044868	10.000000	11.088729	10.401885	2999
0.250000	0.250000	0.026623	0.080763	0.178477	0.060740	10.000000	11.189930	11.531988	10.000000	11.210898	11.576781	2999
0.250000	0.250000	0.029657	0.727123	0.240653	0.551230	10.000000	11.742805	9.644806	10.000000	11.074406	10.317154	2999
0.250000	0.250000	0.033127	0.649757	0.236037	0.493357	10.000000	11.572365	9.877500	10.000000	10.983375	10.634344	2999
0.250000	0.250000	0.029547	0.573490	0.226623	0.434477	10.000000	12.908212	9.633217	10.000000	11.008099	10.712590	2999
0.250000	0.250000	0.021390	0.478933	0.211120	0.362890	10.000000	13.405070	9.116645	10.000000	11.571331	9.689672	2999
0.250000	0.250000	0.023880	0.439453	0.210287	0.332537	10.000000	11.153514	10.937893	10.000000	12.588542	9.334735	2999
0.250000	0.250000	0.021813	0.765177	0.239583	0.579300	10.000000	11.443472	10.053477	10.000000	12.847718	9.566074	2999
0.250000	0.250000	0.020403	0.766693	0.238480	0.579370	10.000000	12.982587	9.559171	10.000000	12.000123	10.010504	2999
0.250000	0.250000	0.021000	0.376170	0.202060	0.284433	10.000000	11.831580	9.669844	10.000000	12.003764	8.940937	2999
0.250000	0.250000	0.024000	0.281587	0.195160	0.212760	10.000000	12.112936	9.328315	10.000000	11.162206	11.298458	2999
0.250000	0.250000	0.039217	0.378343	0.214777	0.287400	10.000000	11.206519	10.639430	10.000000	10.913584	10.964421	2999
0.250000	0.250000	0.021107	0.778410	0.240747	0.587297	10.000000	13.933749	9.579420	10.000000	11.564125	10.157456	2999
0.250000	0.250000	0.034113	0.744813	0.245257	0.565830	10.000000	10.937187	10.438190	10.000000	11.583373	10.062450	2999
0.250000	0.250000	0.021667	0.906030	0.253163	0.685880	10.000000	11.314626	10.135977	10.000000	12.406291	10.131292	2999
0.250000	0.250000	0.027067	0.823473	0.249043	0.623667	10.000000	11.141544	10.258711	10.000000	11.958733	9.883664	2999
0.250000	0.250000	0.030680	0.378460	0.209350	0.285820	10.000000	11.009932	11.150054	10.000000	11.273260	10.136063	2999
0.250000	0.250000	0.037423	0.500177	0.225023	0.379973	10.000000	13.160637	9.713359	10.000000	10.903850	10.781660	2999
0.250000	0.250000	0.020273	0.106323	0.175270	0.080183	10.000000	12.099542	9.194496	10.000000	13.307122	8.471631	2999
0.250000	0.250000	0.021277	0.436953	0.208173	0.330073	10.000000	12.236857	9.836856	10.000000	12.057822	9.001698	2999
0.250000	0.250000	0.034443	0.735950	0.244787	0.559180	10.000000	10.963726	10.447185	10.000000	11.260627	10.089360	2999
0.250000	0.250000	0.034473	0.325537	0.206233	0.247423	10.000000	10.917532	11.182534	10.000000	15.179543	10.395891	2999
0.250000	0.250000	0.038497	0.446400	0.220640	0.339143	10.000000	10.889271	10.897904	10.000000	13.525895	9.817622	2999
0.250000	0.250000	0.021800	0.536210	0.217520	0.405650	10.000000	11.433144	9.124591	10.000000	12.011070	10.056476	2999
0.250000	0.250000	0.022460	0.474543	0.212503	0.359677	10.000000	11.617545	9.060575	10.000000	11.781425	9.868642	2999
0.250000	0.250000	0.020003	0.525723	0.215313	0.397973	10.000000	13.896595	9.361291	10.000000	12.534910	9.419281	2999
0.250000	0.250000	0.021223	0.767497	0.238943	0.581067	10.000000	11.941428	9.571496	10.000000	11.627097	10.024249	2999
0.250000	0.250000	0.033897	0.428393	0.214943	0.325053	10.000000	11.099486	10.514580	10.000000	11.025980	10.984213	2999
0.250000	0.250000	0.030090	0.796673	0.247263	0.604460	10.000000	11.265272	10.324711	10.000000	11.162476	10.416174	2999
0.250000	0.250000	0.045297	0.507500	0.230330	0.387767	10.000000	11.047102	10.648007	10.000000	10.904304	10.584523	2999
0.250000	0.250000	0.027507	0.797953	0.245433	0.604267	10.000000	12.083842	9.860913	10.000000	11.051658	10.311472	2999
0.250000	0.250000	0.029530	0.797570	0.247917	0.603810	10.000000	11.521145	9.798130	10.000000	11.184833	10.251188	2999
0.250000	0.250000	0.031877	0.443937	0.215793	0.336447	10.000000	10.982966	11.005123	10.000000	11.505425	10.418029	2999
0.250000	0.250000	0.028117	0.207193	0.190197	0.157317	10.000000	11.454799	10.807530	10.000000	11.080785	11.471879	2999
0.250000	0.250000	0.027787	0.266650	0.195227	0.202533	10.000000	11.029109	11.355633	10.000000	13.101616	9.820120	2999
0.250000	0.250000	0.036077	0.709877	0.242530	0.541230	10.000000	11.603620	10.212022	10.000000	10.915823	10.511396	2999
0.250000	0.250000	0.032037	0.435297	0.215263	0.329683	10.000000	11.640054	9.672566	10.000000	10.976664	10.962377	2999
0.250000	0.250000	0.032847	0.182040	0.191980	0.138040	10.000000	10.945825	11.479758	10.000000	11.689222	10.476937	2999
0.250000	0.250000	0.020583	0.892657	0.251957	0.676600	10.000000	13.817711	10.026256	10.000000	11.711611	9.973542	2999
0.250000	0.250000	0.020420	0.585633	0.221273	0.443153	10.000000	13.713918	9.243979	10.000000	12.512721	9.871076	2999
0.250000	0.250000	0.022397	0.900323	0.253380	0.679957	10.000000	11.562914	10.043189	10.000000	13.264206	10.106195	2999
0.250000	0.250000	0.020667	0.832390	0.245867	0.630383	10.000000	12.146747	10.075317	10.000000	12.490730	9.724023	2999
0.250000	0.250000	0.035490	0.435210	0.216760	0.330430	10.000000	13.493871	9.414741	10.000000	10.925363	10.781069	2999
0.250000	0.250000	0.031030	0.503903	0.221067	0.383280	10.000000	10.966619	10.865202	10.000000	11.492135	9.779078	2999
0.250000	0.250000	0.040773	0.634877	0.239480	0.484140	10.000000	12.027269	9.897348	10.000000	10.876879	10.563846	2999
0.250000	0.250000	0.026573	0.676417	0.234090	0.513573	10.000000	13.626250	9.835763	10.000000	11.089341	10.667092	2999
0.250000	0.250000	0.029513	0.787343	0.246457	0.597440	10.000000	11.880534	9.762363	10.000000	11.026123	10.174241	2999
0.250000	0.250000	0.020257	0.376993	0.201510	0.284310	10.000000	12.789203	8.885949	10.000000	14.222282	9.927415	2999
0.250000	0.250000	0.022660	0.880283	0.251243	0.666947	10.000000	11.833393	10.048249	10.000000	11.243304	10.256541	2999
0.250000	0.250000	0.020363	0.301187	0.194550	0.227883	10.000000	14.404580	9.692431	10.000000	14.299628	8.797786	2999
0.250000	0.250000	0.022713	0.884320	0.251713	0.669273	10.000000	11.618713	9.987658	10.000000	11.400918	10.215555	2999
0.250000	0.250000	0.020517	0.778250	0.239997	0.587903	10.000000	13.486924	9.905532	10.000000	13.561713	9.625223	2999
0.250000	0.250000	0.026370	0.128597	0.182497	0.097567	10.000000	11.698212	8.618663	10.000000	11.107621	11.057293	2999
0.250000	0.250000	0.020770	0.824377	0.245060	0.621803	10.000000	12.912259	10.046771	10.000000	12.260326	9.688284	2999
0.250000	0.250000	0.041973	0.491113	0.227037	0.374327	10.000000	11.541661	10.333630	10.000000	10.866109	10.838166	2999
0.250000	0.250000	0.033413	0.505320	0.222837	0.383607	10.000000	12.864978	10.365223	10.000000	10.948198	10.898352	2999
0.250000	0.250000	0.026350	0.727853	0.238417	0.551817	10.000000	11.331816	10.390483	10.000000	15.334950	9.586854	2999
0.250000	0.250000	0.022017	0.827950	0.246163	0.626583	10.000000	11.301871	10.094800	10.000000	12.271859	9.751657	2999
0.250000	0.250000	0.022523	0.895720	0.252547	0.677913	10.000000	12.592655	9.993474	10.000000	11.853966	10.178449	2999
0.250000	0.250000	0.024523	0.402407	0.206470	0.305363	10.000000	11.163975	10.733930	10.000000	11.990816	9.095966	2999
0.250000	0.250000	0.031223	0.357590	0.207287	0.271400	10.000000	10.976105	11.054152	10.000000	12.374481	9.544943	2999
0.250000	0.250000	0.037480	0.431437	0.218817	0.327503	10.000000	11.592563	9.536598	10.000000	10.926749	10.858467	2999
0.250000	0.250000	0.035110	0.248083	0.200140	0.188773	10.000000	10.918630	11.302107	10.000000	12.922939	9.971704	2999
0.250000	0.250000	0.020277	0.366630	0.200130	0.276630	10.000000	12.285410	8.918196	10.000000	13.046653	9.695529	2999
0.250000	0.250000	0.021643	0.792270	0.241623	0.599273	10.000000	12.637871	9.700985	10.000000	11.629778	9.872093	2999
0.250000	0.250000	0.039907	0.769467	0.250783	0.585923	10.000000	10.979078	10.247738	10.000000	11.116597	10.210160	2999
0.250000	0.250000	0.032087	0.695007	0.239550	0.527127	10.000000	10.964442	10.515212	10.000000	12.896312	9.844874	2999
0.250000	0.250000	0.020437	0.762357	0.238277	0.576790	10.000000	13.674337	9.628025	10.000000	11.934513	9.833273	2999
0.250000	0.250000	0.029643	0.722480	0.239783	0.547677	10.000000	11.249019	10.346926	10.000000	11.055448	10.540679	2999
0.250000	0.250000	0.035433	0.206303	0.195670	0.156987	10.000000	10.915416	11.368367	10.000000	14.559672	9.841888	2999
0.250000	0.250000	0.026860	0.182580	0.187420	0.138330	10.000000	11.054191	11.591038	10.000000	13.287992	10.246433	2999
0.250000	0.250000	0.038143	0.538357	0.228433	0.410043	10.000000	13.125116	9.695982	10.000000	10.895635	10.696895	2999
0.250000	0.250000	0.021197	0.826890	0.245767	0.624610	10.000000	12.649083	10.063256	10.000000	12.252328	9.708193	2999
0.250000	0.250000	0.023450	0.860720	0.249203	0.651263	10.000000	11.914940	9.927585	10.000000	11.415268	10.022978	2999
0.250000	0.250000	0.022203	0.788363	0.241423	0.596260	10.000000	12.582701	9.629715	10.000000	11.500823	10.147823	2999
0.250000	0.250000	0.028490	0.628727	0.231213	0.476087	10.000000	11.048620	10.789591	10.000000	11.538893	10.284159	2999
0.250000	0.250000	0.020900	0.797990	0.242120	0.603117	10.000000	12.309437	10.010866	10.000000	12.475180	9.632011	2999
0.250000	0.250000	0.032223	0.700423	0.240527	0.531823	10.000000	12.122229	10.038981	10.000000	10.966600	10.571008	2999
0.250000	0.250000	0.035157	0.632440	0.234977	0.480137	10.000000	11.057535	10.416930	10.000000	11.039620	10.607679	2999
0.250000	0.250000	0.021937	0.122627	0.178077	0.092623	10.000000	11.325279	11.035564	10.000000	13.098204	8.485561	2999
0.250000	0.250000	0.023950	0.497020	0.215233	0.375323	10.000000	11.422431	10.416665	10.000000	12.565479	9.115032	2999
0.250000	0.250000	0.032117	0.742323	0.244433	0.564157	10.000000	11.026566	10.450327	10.000000	11.177572	10.255672	2999
0.250000	0.250000	0.023153	0.883293	0.252173	0.668373	10.000000	11.337849	10.066939	10.000000	12.857104	10.003941	2999
0.250000	0.250000	0.031317	0.786880	0.248043	0.597027	10.000000	11.010734	10.302576	10.000000	11.960823	9.898533	2999
0.250000	0.250000	0.026173	0.369357	0.204977	0.279850	10.000000	11.082854	11.252179	10.000000	12.065752	10.033833	2999
0.250000	0.250000	0.032080	0.349917	0.207857	0.265850	10.000000	12.896136	9.730165	10.000000	10.973400	11.130171	2999
0.250000	0.250000	0.026717	0.079533	0.177763	0.060403	10.000000	11.087443	11.923290	10.000000	11.491063	10.089312	2999
0.250000	0.250000	0.023673	0.661433	0.230883	0.500343	10.000000	11.169958	10.284193	10.000000	13.045542	9.397930	2999
0.250000	0.250000	0.025973	0.067003	0.175947	0.050440	10.000000	16.267308	10.677910	10.000000	11.068296	11.971386	2999
0.250000	0.250000	0.029237	0.333570	0.203717	0.253110	10.000000	11.128969	11.043487	10.000000	11.143925	10.964677	2999
0.250000	0.250000	0.035953	0.640147	0.237133	0.486153	10.000000	12.055930	10.355811	10.000000	10.917964	10.667519	2999
0.250000	0.250000	0.035723	0.569913	0.229647	0.432707	10.000000	13.280091	10.217780	10.000000	10.930747	10.781190	2999
0.250000	0.250000	0.040883	0.537157	0.230557	0.408683	10.000000	11.141391	10.647437	10.000000	10.925123	10.607060	2999
0.250000	0.250000	0.029527	0.622893	0.230673	0.472437	10.000000	12.517448	9.605474	10.000000	11.004269	10.580909	2999
0.250000	0.250000	0.022153	0.776953	0.240803	0.588820	10.000000	11.855420	10.261733	10.000000	11.532952	9.569715	2999
0.250000	0.250000	0.031160	0.288907	0.200773	0.219413	10.000000	10.985738	10.930124	10.000000	14.419583	9.096755	2999
0.250000	0.250000	0.032657	0.523687	0.224010	0.396637	10.000000	11.035253	10.953021	10.000000	12.108329	10.221101	2999
0.250000	0.250000	0.021940	0.739823	0.237493	0.560003	10.000000	11.721753	9.654324	10.000000	12.072031	9.717713	2999
0.250000	0.250000	0.022477	0.851537	0.248367	0.644200	10.000000	11.977205	10.026536	10.000000	12.242454	9.849159	2999
0.250000	0.250000	0.040757	0.494643	0.226433	0.376113	10.000000	11.124102	10.475462	10.000000	10.904809	10.768259	2999
0.250000	0.250000	0.020793	0.638313	0.227170	0.483090	10.000000	12.303659	10.067459	10.000000	11.811752	9.288748	2999
0.250000	0.250000	0.025093	0.816200	0.246750	0.617757	10.000000	11.112701	10.269326	10.000000	12.444566	9.842186	2999
0.250000	0.250000	0.027633	0.829540	0.249073	0.628007	10.000000	11.053071	10.278524	10.000000	11.964060	10.010343	2999
0.250000	0.250000	0.020847	0.883467	0.250607	0.668380	10.000000	12.358881	10.078931	10.000000	12.016052	9.907508	2999
0.250000	0.250000	0.026077	0.732833	0.239040	0.555960	10.000000	11.129872	10.044476	10.000000	12.795178	9.548973	2999
0.250000	0.250000	0.022573	0.773950	0.240247	0.584473	10.000000	12.283827	9.819124	10.000000	11.993590	9.679149	2999
0.250000	0.250000	0.021360	0.815080	0.244323	0.617437	10.000000	11.764251	9.779592	10.000000	12.001765	9.867113	2999
0.250000	0.250000	0.021490	0.677220	0.230337	0.512120	10.000000	13.883263	9.385066	10.000000	11.382952	10.323122	2999
0.250000	0.250000	0.039520	0.259017	0.204230	0.197057	10.000000	10.876404	11.208123	10.000000	11.343258	10.553931	2999
0.250000	0.250000	0.035373	0.690870	0.241390	0.525740	10.000000	14.501953	10.149184	10.000000	10.923064	10.564024	2999
0.250000	0.250000	0.030730	0.141867	0.186820	0.107610	10.000000	11.123845	11.238441	10.000000	11.074825	11.335151	2999
0.250000	0.250000	0.032640	0.302367	0.203113	0.229080	10.000000	10.992171	10.988507	10.000000	13.157279	9.203705	2999
0.250000	0.250000	0.034413	0.487863	0.221373	0.370363	10.000000	12.162739	9.815464	10.000000	10.929624	10.862732	2999
0.250000	0.250000	0.031593	0.587580	0.228500	0.445490	10.000000	11.102443	10.575479	10.000000	11.052753	10.673391	2999
0.250000	0.250000	0.022557	0.885137	0.251380	0.670243	10.000000	11.368631	10.113344	10.000000	12.986535	10.010092	2999
0.250000	0.250000	0.021367	0.649750	0.228190	0.491110	10.000000	11.929345	9.326498	10.000000	11.836958	9.995781	2999
0.250000	0.250000	0.040127	0.687600	0.244343	0.522940	10.000000	11.038351	10.380219	10.000000	11.064079	10.441124	2999
0.250000	0.250000	0.021053	0.533460	0.216687	0.404660	10.000000	12.462197	10.152383	10.000000	12.390721	9.109016	2999
0.250000	0.250000	0.024017	0.764007	0.241340	0.578083	10.000000	11.428854	10.057220	10.000000	11.454120	9.587615	2999
0.250000	0.250000	0.023820	0.688277	0.234083	0.519763	10.000000	11.164201	10.309815	10.000000	12.127731	9.462597	2999
0.250000	0.250000	0.047087	0.669830	0.247227	0.511107	10.000000	11.218951	10.313916	10.000000	10.846168	10.436757	2999
0.250000	0.250000	0.029810	0.523960	0.222743	0.398143	10.000000	10.994955	10.629026	10.000000	13.449677	9.393874	2999
0.250000	0.250000	0.023173	0.668747	0.231223	0.504787	10.000000	11.595300	10.015555	10.000000	12.444979	9.381085	2999
0.250000	0.250000	0.035707	0.472593	0.219997	0.359143	10.000000	12.077427	9.955019	10.000000	10.925744	10.911557	2999
0.250000	0.250000	0.029077	0.409987	0.210813	0.310687	10.000000	12.838588	9.290627	10.000000	11.019749	10.833180	2999
0.250000	0.250000	0.032273	0.522840	0.223607	0.395930	10.000000	10.952452	10.756769	10.000000	12.742444	9.627459	2999
0.250000	0.250000	0.031970	0.367880	0.208840	0.278787	10.000000	11.668432	10.377571	10.000000	10.968296	11.139728	2999
0.250000	0.250000	0.030440	0.844273	0.252870	0.640567	10.000000	13.234444	10.045609	10.000000	11.009256	10.148546	2999
0.250000	0.250000	0.029717	0.514177	0.221023	0.390653	10.000000	11.068844	10.774145	10.000000	11.181629	10.743675	2999
0.250000	0.250000	0.039717	0.545620	0.230390	0.416000	10.000000	10.879800	10.682725	10.000000	13.067219	9.732114	2999
0.250000	0.250000	0.024143	0.125310	0.180203	0.095257	10.000000	11.135903	11.712242	10.000000	12.614662	9.413686	2999
0.250000	0.250000	0.021633	0.042243	0.170827	0.031850	10.000000	11.322427	12.363141	10.000000	11.508106	9.979986	2999
0.250000	0.250000	0.030490	0.378627	0.208927	0.287340	10.000000	10.976392	11.112799	10.000000	12.193251	9.906974	2999
0.250000	0.250000	0.026283	0.352070	0.203477	0.267297	10.000000	12.930298	8.922850	10.000000	11.085203	10.505171	2999
0.250000	0.250000	0.020313	0.713483	0.233383	0.539107	10.000000	15.414426	10.126564	10.000000	12.490755	9.413836	2999
0.250000	0.250000	0.022283	0.065587	0.172697	0.049533	10.000000	11.293656	12.204104	10.000000	12.809161	9.975706	2999
0.250000	0.250000	0.028417	0.114117	0.181867	0.086450	10.000000	11.021508	11.652595	10.000000	11.867299	9.474585	2999
0.250000	0.250000	0.027830	0.770150	0.243613	0.583893	10.000000	11.440529	10.169813	10.000000	11.058534	10.505849	2999
0.250000	0.250000	0.028380	0.134847	0.184197	0.102050	10.000000	11.022436	11.610871	10.000000	14.187063	9.583215	2999
0.250000	0.250000	0.028697	0.500250	0.218787	0.379713	10.000000	12.173437	9.539785	10.000000	11.017835	10.822359	2999
0.250000	0.250000	0.031087	0.268000	0.198793	0.203497	10.000000	11.001344	11.245694	10.000000	11.345659	10.818056	2999
0.250000	0.250000	0.021963	0.759863	0.238520	0.574103	10.000000	13.333792	9.643351	10.000000	11.351764	9.818839	2999
0.250000	0.250000	0.037833	0.677090	0.240883	0.516323	10.000000	11.006107	10.312685	10.000000	11.004392	10.496171	2999
0.250000	0.250000	0.026433	0.280167	0.196663	0.212270	10.000000	11.065306	11.083995	10.000000	13.165962	9.151305	2999
0.250000	0.250000	0.029413	0.744773	0.242617	0.565627	10.000000	11.039766	10.437426	10.000000	11.870543	9.836270	2999
0.250000	0.250000	0.026293	0.257300	0.194767	0.194610	10.000000	15.869511	10.468566	10.000000	11.055233	11.445897	2999
0.250000	0.250000	0.020717	0.309823	0.195587	0.233220	10.000000	14.382753	9.757676	10.000000	12.188755	8.798056	2999
0.250000	0.250000	0.024587	0.865527	0.250877	0.654940	10.000000	11.358768	10.180269	10.000000	11.675795	9.968844	2999
0.250000	0.250000	0.027870	0.323413	0.202033	0.245150	10.000000	11.030254	11.288861	10.000000	13.115410	10.241286	2999
0.250000	0.250000	0.028850	0.461167	0.215053	0.349897	10.000000	13.510690	9.162833	10.000000	11.090209	10.542438	2999
0.250000	0.250000	0.034337	0.568887	0.229313	0.431697	10.000000	11.335387	9.676196	10.000000	10.965595	10.696663	2999
0.250000	0.250000	0.023727	0.811550	0.245797	0.613733	10.000000	12.315492	9.729226	10.000000	11.506324	10.034284	2999
0.250000	0.250000	0.033880	0.553770	0.227777	0.420973	10.000000	11.994557	9.704447	10.000000	10.969848	10.744325	2999
0.250000	0.250000	0.028030	0.716053	0.238473	0.543757	10.000000	11.621542	9.645215	10.000000	11.061235	10.390531	2999
0.250000	0.250000	0.028990	0.581607	0.228017	0.440640	10.000000	11.822049	9.364485	10.000000	11.036425	10.449878	2999
0.250000	0.250000	0.033960	0.285887	0.202320	0.216863	10.000000	11.376871	9.356116	10.000000	10.939861	11.079344	2999
0.250000	0.250000	0.034360	0.569017	0.229923	0.432150	10.000000	13.169170	10.209646	10.000000	10.937828	10.787375	2999
0.250000	0.250000	0.024603	0.079817	0.176567	0.060587	10.000000	11.142210	11.882393	10.000000	11.630171	11.232514	2999
0.250000	0.250000	0.029507	0.834563	0.251463	0.632407	10.000000	12.312707	10.013655	10.000000	11.046417	10.199149	2999
0.250000	0.250000	0.022293	0.034853	0.170810	0.026430	10.000000	11.262829	12.306997	10.000000	11.849377	11.156638	2999
0.250000	0.250000	0.030743	0.406330	0.211303	0.308000	10.000000	14.891709	10.054485	10.000000	10.985741	11.097390	2999
0.250000	0.250000	0.033130	0.553367	0.226833	0.419890	10.000000	11.302509	10.323469	10.000000	11.004711	10.828377	2999
0.250000	0.250000	0.039697	0.641357	0.238447	0.487013	10.000000	11.183217	10.350830	10.000000	10.975580	10.573735	2999
0.250000	0.250000	0.020500	0.741033	0.236543	0.560610	10.000000	11.948031	9.509114	10.000000	12.095295	9.986482	2999
0.250000	0.250000	0.041933	0.630660	0.240130	0.479270	10.000000	10.995311	10.425114	10.000000	11.018628	10.518772	2999
0.250000	0.250000	0.027713	0.191027	0.188713	0.144503	10.000000	11.472050	10.077624	10.000000	11.045425	11.550740	2999
0.250000	0.250000	0.028900	0.800893	0.247070	0.608800	10.000000	11.131974	10.348643	10.000000	11.451595	9.956239	2999
0.250000	0.250000	0.023827	0.853677	0.249150	0.645563	10.000000	11.405502	10.040660	10.000000	11.953436	9.875240	2999
0.250000	0.250000	0.030713	0.694240	0.238753	0.526483	10.000000	11.744623	10.015697	10.000000	11.022513	10.602696	2999
0.250000	0.250000	0.026163	0.724323	0.238977	0.548087	10.000000	11.072845	10.593532	10.000000	15.124099	9.932175	2999
0.250000	0.250000	0.028850	0.437950	0.213000	0.332587	10.000000	11.192118	10.155986	10.000000	11.076886	11.111139	2999
0.250000	0.250000	0.024163	0.822450	0.246533	0.622817	10.000000	12.210423	9.794142	10.000000	11.219724	10.241763	2999
0.250000	0.250000	0.028400	0.330400	0.202653	0.250443	10.000000	11.891131	9.034073	10.000000	11.055950	10.791374	2999
0.250000	0.250000	0.026020	0.835193	0.249123	0.632070	10.000000	11.087402	10.238746	10.000000	13.247710	9.931038	2999
0.250000	0.250000	0.031670	0.580750	0.228923	0.440763	10.000000	11.001988	10.817903	10.000000	12.581814	10.016324	2999
0.250000	0.250000	0.042463	0.622060	0.239377	0.472693	10.000000	11.818022	9.830257	10.000000	10.911888	10.573587	2999
0.250000	0.250000	0.022020	0.774380	0.240483	0.586473	10.000000	11.510569	10.122596	10.000000	11.517564	9.568323	2999
0.250000	0.250000	0.021337	0.796430	0.243070	0.602703	10.000000	11.629873	9.637105	10.000000	11.940606	10.007609	2999
0.250000	0.250000	0.032223	0.531680	0.224533	0.404037	10.000000	10.960741	10.848859	10.000000	12.096201	9.937943	2999
0.250000	0.250000	0.037190	0.473870	0.221487	0.361010	10.000000	10.902156	10.902643	10.000000	12.068224	10.178120	2999
0.250000	0.250000	0.036063	0.542303	0.227320	0.411357	10.000000	10.906257	10.759642	10.000000	12.181181	9.858750	2999
0.250000	0.250000	0.027233	0.098887	0.180270	0.074747	10.000000	12.083817	9.275920	10.000000	11.055664	11.682950	2999
0.250000	0.250000	0.031537	0.291607	0.200993	0.220620	10.000000	10.984894	11.279120	10.000000	13.353313	9.976595	2999
0.250000	0.250000	0.037577	0.533403	0.228137	0.407003	10.000000	10.971226	10.548159	10.000000	11.064742	10.713364	2999
0.250000	0.250000	0.029450	0.652407	0.234757	0.494527	10.000000	10.995052	10.576121	10.000000	12.448275	9.713015	2999
0.250000	0.250000	0.036243	0.767300	0.248907	0.583600	10.000000	10.971447	10.345243	10.000000	11.410407	9.977454	2999
0.250000	0.250000	0.032147	0.349243	0.207657	0.265560	10.000000	11.860470	9.608205	10.000000	10.979062	11.095118	2999
0.250000	0.250000	0.047010	0.379873	0.220103	0.288760	10.000000	10.815077	10.984239	10.000000	12.514299	10.253589	2999
0.250000	0.250000	0.042227	0.314697	0.211050	0.239183	10.000000	10.916016	11.077202	10.000000	11.147898	10.543416	2999
0.250000	0.250000	0.029927	0.636830	0.231853	0.483593	10.000000	11.026603	10.422102	10.000000	11.663058	9.483478	2999
0.250000	0.250000	0.038103	0.273153	0.204147	0.207263	10.000000	12.271664	9.592560	10.000000	10.889878	11.149155	2999
0.250000	0.250000	0.020713	0.721543	0.234887	0.545323	10.000000	13.408605	9.794265	10.000000	12.557866	9.549492	2999
0.250000	0.250000	0.022363	0.754060	0.238647	0.570287	10.000000	14.198733	9.907102	10.000000	11.778648	9.588201	2999
0.250000	0.250000	0.033377	0.535453	0.224837	0.407300	10.000000	10.964371	10.725881	10.000000	15.189653	9.603739	2999
0.250000	0.250000	0.040523	0.571730	0.234413	0.436667	10.000000	11.433515	10.269981	10.000000	10.900140	10.720187	2999
0.250000	0.250000	0.033613	0.535260	0.226037	0.405800	10.000000	10.984353	10.805320	10.000000	11.188482	10.458055	2999
0.250000	0.250000	0.023157	0.394860	0.204990	0.298337	10.000000	12.500430	9.047004	10.000000	11.298177	10.767369	2999
0.250000	0.250000	0.033807	0.620680	0.233893	0.472687	10.000000	10.945178	10.641691	10.000000	11.659447	9.825336	2999
0.250000	0.250000	0.032350	0.279727	0.200757	0.213313	10.000000	11.000507	11.291652	10.000000	11.219044	10.405988	2999
0.250000	0.250000	0.033307	0.485313	0.221457	0.368970	10.000000	12.340440	9.344141	10.000000	10.963059	10.628294	2999
0.250000	0.250000	0.024447	0.871033	0.251160	0.658727	10.000000	11.412626	10.144687	10.000000	11.933184	9.996085	2999
0.250000	0.250000	0.020843	0.753143	0.238037	0.568760	10.000000	12.778426	9.620948	10.000000	11.866445	9.803925	2999
0.250000	0.250000	0.044617	0.635633	0.242417	0.485333	10.000000	13.804614	9.994764	10.000000	10.860466	10.565395	2999
0.250000	0.250000	0.040607	0.718317	0.246280	0.547593	10.000000	12.231524	10.063771	10.000000	10.873542	10.435045	2999
0.250000	0.250000	0.027210	0.158650	0.185333	0.119947	10.000000	13.857116	9.150630	10.000000	11.040502	11.397777	2999
0.250000	0.250000	0.028217	0.758430	0.242930	0.575237	10.000000	11.053609	10.374995	10.000000	12.884585	9.776186	2999
0.250000	0.250000	0.027597	0.210217	0.191313	0.159123	10.000000	11.214019	11.235811	10.000000	11.096927	11.191068	2999
0.250000	0.250000	0.033833	0.518940	0.223770	0.393743	10.000000	10.945092	10.880505	10.000000	11.712666	10.251987	2999
0.250000	0.250000	0.045857	0.304500	0.212673	0.232343	10.000000	11.062678	10.819104	10.000000	10.873587	10.912086	2999
0.250000	0.250000	0.026590	0.822580	0.248437	0.622350	10.000000	11.088444	10.325444	10.000000	11.487143	9.982540	2999
0.250000	0.250000	0.040850	0.487823	0.225047	0.370990	10.000000	13.360729	9.556321	10.000000	10.884310	10.706975	2999
0.250000	0.250000	0.028093	0.821517	0.249260	0.621990	10.000000	11.081417	10.338125	10.000000	11.356262	10.210007	2999
0.250000	0.250000	0.033003	0.674163	0.237900	0.512137	10.000000	12.680052	9.917951	10.000000	10.953822	10.578988	2999
0.250000	0.250000	0.020730	0.752557	0.238283	0.568690	10.000000	11.762192	9.680397	10.000000	12.858652	9.723369	2999
0.250000	0.250000	0.035387	0.759840	0.248053	0.576990	10.000000	11.034378	10.353392	10.000000	11.062780	10.199297	2999
0.250000	0.250000	0.028413	0.268263	0.196797	0.202897	10.000000	14.837793	8.903835	10.000000	11.042007	10.806306	2999
0.250000	0.250000	0.038790	0.723367	0.246257	0.549213	10.000000	11.027401	10.301059	10.000000	11.069522	10.377956	2999
0.250000	0.250000	0.043180	0.538063	0.232097	0.410483	10.000000	11.461355	10.155509	10.000000	10.893754	10.753781	2999
0.250000	0.250000	0.020783	0.576150	0.220777	0.437100	10.000000	11.980245	9.229351	10.000000	11.831994	9.860635	2999
0.250000	0.250000	0.034423	0.664043	0.238407	0.504507	10.000000	10.937551	10.569977	10.000000	14.493421	9.884323	2999
0.250000	0.250000	0.037037	0.758913	0.248567	0.578543	10.000000	11.181359	10.145552	10.000000	10.944308	10.339197	2999
0.250000	0.250000	0.021153	0.614153	0.225157	0.464527	10.000000	11.820686	9.256191	10.000000	12.077082	10.055077	2999
0.250000	0.250000	0.021733	0.573813	0.220543	0.433793	10.000000	11.437396	9.962899	10.000000	12.641405	9.211045	2999
0.250000	0.250000	0.028757	0.839960	0.251033	0.635967	10.000000	11.239676	10.099578	10.000000	11.244832	9.985026	2999
0.250000	0.250000	0.040130	0.429263	0.220377	0.327397	10.000000	11.567292	10.342887	10.000000	10.893685	10.957033	2999
0.250000	0.250000	0.028557	0.706683	0.238577	0.536423	10.000000	11.715361	10.155259	10.000000	11.054147	10.655948	2999
0.250000	0.250000	0.039280	0.366910	0.213797	0.279203	10.000000	10.879488	10.979118	10.000000	12.395805	9.649138	2999
0.250000	0.250000	0.034397	0.707000	0.241807	0.537580	10.000000	11.450598	10.273828	10.000000	10.954145	10.535611	2999
0.250000	0.250000	0.041163	0.681270	0.243843	0.518517	10.000000	10.880940	10.537921	10.000000	11.888602	10.179577	2999
0.250000	0.250000	0.027807	0.700373	0.237553	0.531110	10.000000	11.024154	10.534685	10.000000	12.077031	9.778156	2999
0.250000	0.250000	0.027023	0.746743	0.241463	0.566267	10.000000	11.105801	10.424416	10.000000	11.482447	9.723867	2999
0.250000	0.250000	0.045447	0.483023	0.228670	0.368740	10.000000	11.534302	10.218630	10.000000	10.840751	10.813837	2999
0.250000	0.250000	0.025527	0.019397	0.171720	0.014810	10.000000	11.228382	12.094659	10.000000	11.341498	11.783785	2999
0.250000	0.250000	0.029120	0.264483	0.197347	0.200243	10.000000	12.695474	9.445184	10.000000	11.007483	11.241231	2999
0.250000	0.250000	0.021180	0.555557	0.219243	0.421047	10.000000	11.984588	9.496349	10.000000	13.654481	9.365582	2999
0.250000	0.250000	0.021043	0.827603	0.245587	0.626207	10.000000	12.029562	9.688870	10.000000	11.979593	10.130673	2999
0.250000	0.250000	0.022063	0.097193	0.176070	0.073417	10.000000	11.262524	11.994930	10.000000	12.419303	9.671008	2999
0.250000	0.250000	0.020390	0.274607	0.191847	0.207777	10.000000	13.318185	9.150432	10.000000	11.863319	8.990997	2999
0.250000	0.250000	0.020337	0.836183	0.245680	0.632500	10.000000	13.667272	10.025266	10.000000	14.021821	9.733069	2999
0.250000	0.250000	0.022127	0.430943	0.208990	0.325017	10.000000	11.518115	10.353420	10.000000	12.351461	8.973685	2999
0.250000	0.250000	0.027137	0.824080	0.248493	0.623713	10.000000	11.761867	9.906435	10.000000	11.038335	10.205004	2999
0.250000	0.250000	0.038220	0.577213	0.232467	0.439433	10.000000	13.505159	9.783585	10.000000	10.884900	10.653039	2999
0.250000	0.250000	0.033583	0.648800	0.236173	0.492587	10.000000	10.949041	10.653733	10.000000	13.132141	10.055359	2999
0.250000	0.250000	0.035927	0.620330	0.235487	0.471370	10.000000	11.006976	10.567934	10.000000	11.045071	10.481666	2999
0.250000	0.250000	0.020810	0.784503	0.241560	0.592780	10.000000	11.799306	9.665763	10.000000	13.177232	9.871981	2999
0.250000	0.250000	0.037227	0.752363	0.248620	0.572477	10.000000	10.983204	10.391680	10.000000	11.530013	10.281507	2999
0.250000	0.250000	0.021767	0.780487	0.241503	0.589977	10.000000	11.345470	10.170406	10.000000	12.637716	9.603994	2999
0.250000	0.250000	0.039760	0.338427	0.211803	0.258590	10.000000	10.868102	11.107184	10.000000	12.176754	10.493108	2999
0.250000	0.250000	0.033073	0.561343	0.227837	0.426547	10.000000	11.160009	10.331263	10.000000	11.002888	10.801365	2999
0.250000	0.250000	0.032000	0.546883	0.226280	0.415260	10.000000	11.580272	9.638664	10.000000	11.006081	10.751255	2999
0.250000	0.250000	0.039760	0.628923	0.238053	0.478557	10.000000	11.141816	10.203084	10.000000	10.921734	10.603973	2999
0.250000	0.250000	0.032223	0.767770	0.246620	0.583690	10.000000	11.098065	10.254582	10.000000	11.112459	10.402698	2999
0.250000	0.250000	0.020510	0.602380	0.223587	0.455277	10.000000	14.340516	10.138506	10.000000	12.433586	9.217462	2999
0.250000	0.250000	0.037307	0.507213	0.225783	0.384810	10.000000	11.066126	10.592983	10.000000	10.961485	10.720920	2999
0.250000	0.250000	0.032783	0.306093	0.203543	0.232203	10.000000	11.440787	9.248299	10.000000	10.958145	10.992329	2999
0.250000	0.250000	0.033010	0.406687	0.213147	0.308780	10.000000	10.995485	10.870555	10.000000	11.166962	10.834989	2999
0.250000	0.250000	0.020453	0.017440	0.167700	0.013100	10.000000	12.230680	8.643680	10.000000	12.366268	8.136598	2999
0.250000	0.250000	0.026487	0.865203	0.252740	0.654737	10.000000	11.096302	10.147107	10.000000	11.706254	10.090645	2999
0.250000	0.250000	0.036833	0.528353	0.227217	0.401587	10.000000	13.899748	10.088635	10.000000	10.904501	10.820606	2999
0.250000	0.250000	0.020763	0.519147	0.215110	0.392697	10.000000	12.053946	9.192163	10.000000	12.899271	9.674591	2999
0.250000	0.250000	0.031343	0.817727	0.250547	0.619790	10.000000	10.977756	10.304074	10.000000	13.883816	10.106852	2999
0.250000	0.250000	0.024257	0.840997	0.249270	0.637203	10.000000	11.807243	9.884859	10.000000	11.191910	10.238816	2999
0.250000	0.250000	0.022647	0.077163	0.174803	0.058213	10.000000	11.293285	12.108158	10.000000	11.473849	10.846321	2999
0.250000	0.250000	0.020650	0.526957	0.216063	0.398887	10.000000	11.713628	9.511973	10.000000	11.914162	9.292054	2999
0.250000	0.250000	0.030680	0.660430	0.235173	0.500420	10.000000	10.994454	10.543119	10.000000	12.401079	9.692182	2999
0.250000	0.250000	0.021317	0.498777	0.213640	0.377443	10.000000	11.726118	9.182785	10.000000	11.453031	9.607493	2999
0.250000	0.250000	0.033220	0.376527	0.209973	0.285077	10.000000	12.773671	10.394691	10.000000	10.944920	11.122912	2999
0.250000	0.250000	0.033423	0.750723	0.245573	0.569747	10.000000	12.312659	10.031450	10.000000	10.957117	10.436514	2999
0.250000	0.250000	0.023203	0.025583	0.169990	0.019200	10.000000	13.953248	10.450999	10.000000	11.220340	12.433430	2999
0.250000	0.250000	0.020797	0.861840	0.248213	0.652090	10.000000	11.876917	9.829364	10.000000	12.145367	10.028240	2999
0.250000	0.250000	0.020187	0.782567	0.240143	0.592443	10.000000	12.505341	9.746152	10.000000	12.216910	9.757345	2999
0.250000	0.250000	0.037260	0.507700	0.225267	0.385740	10.000000	10.902461	10.663121	10.000000	13.192409	9.502086	2999
0.250000	0.250000	0.020747	0.712700	0.234673	0.538493	10.000000	12.157886	9.455455	10.000000	11.704476	9.962071	2999
0.250000	0.250000	0.043637	0.533030	0.231870	0.406100	10.000000	10.976772	10.606891	10.000000	11.028452	10.591206	2999
0.250000	0.250000	0.021687	0.876867	0.251080	0.663643	10.000000	12.998474	9.932873	10.000000	11.793747	10.030726	2999
0.250000	0.250000	0.030697	0.617807	0.231207	0.468040	10.000000	12.142781	9.935747	10.000000	11.007339	10.723356	2999
0.250000	0.250000	0.026013	0.086363	0.177803	0.065550	10.000000	11.073301	11.844852	10.000000	12.778449	9.685444	2999
0.250000	0.250000	0.039003	0.299677	0.207123	0.228197	10.000000	12.670266	9.724886	10.000000	10.879054	11.119995	2999
0.250000	0.250000	0.040007	0.550353	0.231397	0.418900	10.000000	10.977812	10.578092	10.000000	11.100238	10.653195	2999
0.250000	0.250000	0.030307	0.332150	0.203373	0.251943	10.000000	10.981427	10.851671	10.000000	12.629090	9.136054	2999
0.250000	0.250000	0.040030	0.665167	0.241670	0.507137	10.000000	10.972879	10.495366	10.000000	11.138166	10.386016	2999
0.250000	0.250000	0.023643	0.075747	0.175600	0.057523	10.000000	11.319809	11.124620	10.000000	11.344310	12.031544	2999
0.250000	0.250000	0.035817	0.559120	0.229383	0.425807	10.000000	10.924952	10.801680	10.000000	12.111343	10.295953	2999
0.250000	0.250000	0.025463	0.728410	0.237953	0.551427	10.000000	11.140583	10.313555	10.000000	11.985830	9.570400	2999
0.250000	0.250000	0.021783	0.666133	0.229943	0.502680	10.000000	13.212070	9.355272	10.000000	11.680910	10.134732	2999
0.250000	0.250000	0.029423	0.808873	0.247853	0.613333	10.000000	11.013838	10.311017	10.000000	11.475844	10.064525	2999
0.250000	0.250000	0.026847	0.751327	0.241420	0.569870	10.000000	13.766239	9.900410	10.000000	11.139362	10.512707	2999
0.250000	0.250000	0.029647	0.747617	0.243280	0.567477	10.000000	13.645257	9.823569	10.000000	11.107606	10.423021	2999
0.250000	0.250000	0.022607	0.046443	0.171980	0.035137	10.000000	13.508519	9.730612	10.000000	11.250153	12.245763	2999
0.250000	0.250000	0.023497	0.805350	0.244403	0.609867	10.000000	14.868403	9.673685	10.000000	11.516086	10.150182	2999
0.250000	0.250000	0.020747	0.647533	0.228123	0.491117	10.000000	12.478240	9.881909	10.000000	13.060756	9.352703	2999
0.250000	0.250000	0.032250	0.516377	0.223390	0.391277	10.000000	11.039690	10.645668	10.000000	11.099365	10.775235	2999
0.250000	0.250000	0.028600	0.597713	0.228773	0.454183	10.000000	11.645409	9.371001	10.000000	11.109617	10.428761	2999
0.250000	0.250000	0.029877	0.611837	0.230663	0.464270	10.000000	10.999106	10.619151	10.000000	12.736227	9.629042	2999
0.250000	0.250000	0.027423	0.399023	0.208547	0.302330	10.000000	11.042353	11.121586	10.000000	12.340683	9.789520	2999
0.250000	0.250000	0.033847	0.707587	0.241820	0.537390	10.000000	11.215655	10.355525	10.000000	11.075215	10.522865	2999
0.250000	0.250000	0.034823	0.507043	0.223753	0.385487	10.000000	10.947221	10.844247	10.000000	11.273064	10.443610	2999
0.250000	0.250000	0.028687	0.771980	0.244570	0.585003	10.000000	12.045513	9.906675	10.000000	11.031533	10.396830	2999
0.250000	0.250000	0.042480	0.383827	0.217767	0.292573	10.000000	10.990055	10.739556	10.000000	10.961800	10.820636	2999
0.250000	0.250000	0.023290	0.889437	0.253140	0.673307	10.000000	11.860054	9.987199	10.000000	11.543715	10.219600	2999
0.250000	0.250000	0.028610	0.838540	0.251193	0.634803	10.000000	11.168079	10.145944	10.000000	11.106016	10.016718	2999
0.250000	0.250000	0.020517	0.600610	0.223610	0.454297	10.000000	12.796021	9.619697	10.000000	14.061423	9.373812	2999
0.250000	0.250000	0.021883	0.559110	0.220300	0.423227	10.000000	11.687072	9.180678	10.000000	11.963334	9.950198	2999
0.250000	0.250000	0.024117	0.406990	0.207140	0.308420	10.000000	11.143739	10.398611	10.000000	12.120759	8.976747	2999
0.250000	0.250000	0.037420	0.403053	0.215097	0.306647	10.000000	12.075235	9.604686	10.000000	10.918184	10.929573	2999
0.250000	0.250000	0.044307	0.423150	0.222703	0.322057	10.000000	10.837385	10.917447	10.000000	12.613253	10.029857	2999
0.250000	0.250000	0.028290	0.160893	0.186890	0.121853	10.000000	13.781990	10.434221	10.000000	11.047735	11.633063	2999
0.250000	0.250000	0.032593	0.656777	0.236643	0.497510	10.000000	11.242377	9.613645	10.000000	11.025198	10.503180	2999
0.250000	0.250000	0.028533	0.733287	0.241173	0.556197	10.000000	11.064445	10.441630	10.000000	12.836782	9.768129	2999
0.250000	0.250000	0.035883	0.671577	0.239330	0.509743	10.000000	13.404538	10.073845	10.000000	10.909864	10.581298	2999
0.250000	0.250000	0.034513	0.481073	0.220963	0.364970	10.000000	10.926583	10.806197	10.000000	13.642518	9.617305	2999
0.250000	0.250000	0.033543	0.691847	0.239877	0.526763	10.000000	10.955281	10.569473	10.000000	14.057197	9.997704	2999
0.250000	0.250000	0.020833	0.816790	0.244460	0.617263	10.000000	12.602720	9.716624	10.000000	12.143365	9.961577	2999
0.250000	0.250000	0.021360	0.707520	0.234017	0.535380	10.000000	11.544080	9.473114	10.000000	11.683122	9.888146	2999
0.250000	0.250000	0.020397	0.707060	0.233310	0.533753	10.000000	12.567513	9.454417	10.000000	12.749488	9.916867	2999
0.250000	0.250000	0.030253	0.500777	0.220630	0.379400	10.000000	10.995852	10.622813	10.000000	12.175246	9.337869	2999
0.250000	0.250000	0.031967	0.762550	0.246230	0.579103	10.000000	10.985345	10.413143	10.000000	11.877872	9.977958	2999
0.250000	0.250000	0.020653	0.740553	0.237373	0.559010	10.000000	13.631206	9.908854	10.000000	12.291388	9.529071	2999
0.250000	0.250000	0.023513	0.825730	0.245840	0.624197	10.000000	11.193179	10.147991	10.000000	13.206307	9.793022	2999
0.250000	0.250000	0.020197	0.227553	0.187023	0.171573	10.000000	12.912741	8.658743	10.000000	12.265382	9.645083	2999
0.250000	0.250000	0.029083	0.811963	0.249103	0.614380	10.000000	11.015152	10.147906	10.000000	11.540715	9.844835	2999
0.250000	0.250000	0.021577	0.878767	0.250713	0.663560	10.000000	11.962962	9.896328	10.000000	11.931713	10.098892	2999
0.250000	0.250000	0.030617	0.644047	0.234377	0.487840	10.000000	10.996274	10.650779	10.000000	12.127289	9.848392	2999
0.250000	0.250000	0.027757	0.501797	0.218070	0.380720	10.000000	11.084426	10.527676	10.000000	12.056732	9.226721	2999
0.250000	0.250000	0.030130	0.196827	0.191510	0.149447	10.000000	11.550772	10.573002	10.000000	11.034215	11.484387	2999
0.250000	0.250000	0.026797	0.855120	0.251207	0.648637	10.000000	11.208549	10.145938	10.000000	11.350293	10.099654	2999
0.250000	0.250000	0.035367	0.299580	0.204447	0.227900	10.000000	11.082389	10.803002	10.000000	11.002032	11.073609	2999
0.250000	0.250000	0.034943	0.393273	0.213313	0.299727	10.000000	10.916855	11.047791	10.000000	13.008058	10.026879	2999
0.250000	0.250000	0.027570	0.167267	0.187263	0.127020	10.000000	11.029340	11.581693	10.000000	12.283670	9.903798	2999
0.250000	0.250000	0.025597	0.812940	0.246557	0.615797	10.000000	11.812251	9.843606	10.000000	11.176475	10.286169	2999
0.250000	0.250000	0.044370	0.535020	0.232503	0.409250	10.000000	10.854785	10.701495	10.000000	11.190526	10.355466	2999
0.250000	0.250000	0.021650	0.804903	0.243630	0.607253	10.000000	12.029917	9.923830	10.000000	13.112894	9.707602	2999
0.250000	0.250000	0.020570	0.739867	0.237380	0.559610	10.000000	14.883905	9.807011	10.000000	11.821996	9.579848	2999
0.250000	0.250000	0.032577	0.439477	0.215847	0.333013	10.000000	10.943298	10.974259	10.000000	13.460882	9.864946	2999
0.250000	0.250000	0.030347	0.712263	0.239623	0.540593	10.000000	11.325024	10.035275	10.000000	11.059304	10.592303	2999
0.250000	0.250000	0.026067	0.686110	0.234803	0.520033	10.000000	11.084487	10.504857	10.000000	13.173344	9.609292	2999
0.250000	0.250000	0.030250	0.762037	0.244483	0.578917	10.000000	11.052578	10.367552	10.000000	12.252167	9.830864	2999
0.250000	0.250000	0.038170	0.321570	0.208760	0.244963	10.000000	11.495150	9.139585	10.000000	10.908035	10.805056	2999
0.250000	0.250000	0.021427	0.133310	0.178953	0.100590	10.000000	12.507312	8.520449	10.000000	12.414273	9.306318	2999
0.250000	0.250000	0.034910	0.384153	0.212300	0.291027	10.000000	11.085937	10.815704	10.000000	11.001101	10.880423	2999
0.250000	0.250000	0.028367	0.395683	0.208587	0.300037	10.000000	11.193274	10.845890	10.000000	11.112092	11.004972	2999
0.250000	0.250000	0.021457	0.902940	0.253070	0.682737	10.000000	11.631801	9.947994	10.000000	12.233820	10.248297	2999
0.250000	0.250000	0.028787	0.384193	0.207350	0.291927	10.000000	12.966729	10.027869	10.000000	11.003795	11.148287	2999
0.250000	0.250000	0.030790	0.625723	0.232230	0.474660	10.000000	12.636147	9.764911	10.000000	10.990970	10.653562	2999
0.250000	0.250000	0.022077	0.820857	0.245367	0.621267	10.000000	11.425624	10.155389	10.000000	12.472756	9.728159	2999
0.250000	0.250000	0.029277	0.201923	0.191150	0.152940	10.000000	12.907021	10.264108	10.000000	11.007652	11.501560	2999
0.250000	0.250000	0.020700	0.484907	0.211777	0.366707	10.000000	11.790985	9.592544	10.000000	12.011216	9.161626	2999
0.250000	0.250000	0.027117	0.864997	0.251923	0.655547	10.000000	13.433033	10.053612	10.000000	11.147779	10.081430	2999
0.250000	0.250000	0.021887	0.766517	0.239533	0.580100	10.000000	11.543623	9.585382	10.000000	13.053041	9.937988	2999
0.250000	0.250000	0.028353	0.638413	0.231913	0.484583	10.000000	11.911647	9.501241	10.000000	11.034199	10.465141	2999
0.250000	0.250000	0.025053	0.066170	0.174950	0.050097	10.000000	11.738147	10.745538	10.000000	11.176955	12.065845	2999
0.250000	0.250000	0.030457	0.173517	0.189380	0.132093	10.000000	11.150407	11.472190	10.000000	11.102825	10.960791	2999
0.250000	0.250000	0.025647	0.640587	0.229973	0.485650	10.000000	11.191726	10.313709	10.000000	12.158557	9.371793	2999
0.250000	0.250000	0.034663	0.561330	0.228443	0.427040	10.000000	11.549171	10.220808	10.000000	10.953753	10.802138	2999
0.250000	0.250000	0.037507	0.773500	0.250120	0.588647	10.000000	11.693291	10.155791	10.000000	11.053705	10.349492	2999
0.250000	0.250000	0.034747	0.590923	0.231890	0.449177	10.000000	14.675189	9.537909	10.000000	10.929471	10.528880	2999
0.250000	0.250000	0.024967	0.684870	0.234480	0.519653	10.000000	12.669713	9.433585	10.000000	11.207122	10.164434	2999
0.250000	0.250000	0.021490	0.747037	0.238323	0.565720	10.000000	11.375572	9.869365	10.000000	11.787851	9.578333	2999
0.250000	0.250000	0.027457	0.781637	0.244267	0.592643	10.000000	11.087524	10.494788	10.000000	12.286062	10.149363	2999
0.250000	0.250000	0.028313	0.482460	0.216263	0.366593	10.000000	13.143591	9.251466	10.000000	11.008786	10.592346	2999
0.250000	0.250000	0.023370	0.881793	0.252067	0.667477	10.000000	11.386772	10.235419	10.000000	11.578330	10.184252	2999
0.250000	0.250000	0.032893	0.215863	0.194270	0.163910	10.000000	14.933691	9.132204	10.000000	10.943606	11.124473	2999
0.250000	0.250000	0.023623	0.821457	0.245817	0.620543	10.000000	11.669630	10.147806	10.000000	11.769599	9.723039	2999
0.250000	0.250000	0.034580	0.748627	0.246350	0.568917	10.000000	11.528994	9.948320	10.000000	10.940219	10.387135	2999
0.250000	0.250000	0.029767	0.473893	0.217633	0.359653	10.000000	13.490090	9.486963	10.000000	10.990602	10.814068	2999
0.250000	0.250000	0.041633	0.346757	0.213630	0.264280	10.000000	11.449136	10.418132	10.000000	10.879711	11.049040	2999
0.250000	0.250000	0.030493	0.346717	0.206223	0.263357	10.000000	12.817153	8.949701	10.000000	10.998461	10.514581	2999
0.250000	0.250000	0.020323	0.528280	0.216690	0.398910	10.000000	14.696333	9.517965	10.000000	13.198438	9.291677	2999
0.250000	0.250000	0.034460	0.388603	0.213410	0.295087	10.000000	11.213561	10.474875	10.000000	10.973802	11.048900	2999
0.250000	0.250000	0.048500	0.314387	0.215073	0.240703	10.000000	10.882282	10.909561	10.000000	10.987432	10.734992	2999
0.250000	0.250000	0.026407	0.735557	0.240600	0.557493	10.000000	12.203917	9.767013	10.000000	11.136965	10.522501	2999
0.250000	0.250000	0.020580	0.722560	0.235003	0.546647	10.000000	12.242550	9.555506	10.000000	12.930409	9.781389	2999
0.250000	0.250000	0.020450	0.648900	0.227647	0.490987	10.000000	12.970306	9.914922	10.000000	12.531085	9.346111	2999
0.250000	0.250000	0.025540	0.503653	0.217423	0.381843	10.000000	11.088288	10.637539	10.000000	12.147348	9.270623	2999
0.250000	0.250000	0.044577	0.493233	0.228953	0.375530	10.000000	11.069001	10.480829	10.000000	10.883292	10.723241	2999
0.250000	0.250000	0.021370	0.648243	0.228283	0.490723	10.000000	11.525848	9.988882	10.000000	11.766233	9.331706	2999
0.250000	0.250000	0.025753	0.344143	0.202470	0.260687	10.000000	11.099196	11.161978	10.000000	12.277005	9.447191	2999
0.250000	0.250000	0.033200	0.717890	0.241803	0.545987	10.000000	10.981268	10.507419	10.000000	11.536771	10.308364	2999
0.250000	0.250000	0.046957	0.493280	0.230403	0.375763	10.000000	12.209386	10.436200	10.000000	10.822749	10.796844	2999
0.250000	0.250000	0.021750	0.887253	0.251373	0.670323	10.000000	11.789983	10.128947	10.000000	11.826827	9.966137	2999
0.250000	0.250000	0.020643	0.694903	0.232807	0.526137	10.000000	12.312064	9.379716	10.000000	12.922684	10.137564	2999
0.250000	0.250000	0.032187	0.197400	0.192963	0.149840	10.000000	15.280220	9.774957	10.000000	10.946310	11.405986	2999
0.250000	0.250000	0.036997	0.470563	0.221670	0.358283	10.000000	11.840729	10.451393	10.000000	10.931948	10.895044	2999
0.250000	0.250000	0.040093	0.570410	0.233357	0.434073	10.000000	13.056504	9.723075	10.000000	10.887944	10.629443	2999
0.250000	0.250000	0.027757	0.157617	0.185430	0.119487	10.000000	11.036806	11.637783	10.000000	12.331496	10.654862	2999
0.250000	0.250000	0.023083	0.268720	0.193583	0.203400	10.000000	12.360558	9.022789	10.000000	11.228547	11.140212	2999
0.250000	0.250000	0.022997	0.433323	0.209200	0.327347	10.000000	11.669753	8.974206	10.000000	11.582094	10.411343	2999
0.250000	0.250000	0.029537	0.843850	0.252040	0.639610	10.000000	11.090935	10.169922	10.000000	11.431930	10.089251	2999
0.250000	0.250000	0.038387	0.598363	0.235057	0.455703	10.000000	10.919684	10.674489	10.000000	11.289889	10.316430	2999
0.250000	0.250000	0.034993	0.253173	0.200397	0.191837	10.000000	10.929958	11.297174	10.000000	12.375246	10.588889	2999
0.250000	0.250000	0.029807	0.814360	0.249587	0.617343	10.000000	11.546387	9.865713	10.000000	11.228393	10.196572	2999
0.250000	0.250000	0.020777	0.665467	0.230150	0.502513	10.000000	12.797582	9.404383	10.000000	11.902828	9.833778	2999
0.250000	0.250000	0.021883	0.644777	0.227510	0.488090	10.000000	12.218707	10.051907	10.000000	11.337547	9.305396	2999
0.250000	0.250000	0.029953	0.295213	0.200270	0.224513	10.000000	11.866758	10.283393	10.000000	11.004342	11.312905	2999
0.250000	0.250000	0.041810	0.451320	0.223753	0.343823	10.000000	11.454855	10.473299	10.000000	10.878670	10.869591	2999
0.250000	0.250000	0.021500	0.407043	0.204883	0.307867	10.000000	11.759569	10.046698	10.000000	13.366750	8.927709	2999
0.250000	0.250000	0.023240	0.770147	0.241397	0.582967	10.000000	13.701526	9.618824	10.000000	11.213687	10.222103	2999
0.250000	0.250000	0.022760	0.072870	0.174607	0.055143	10.000000	11.215343	12.093576	10.000000	12.193390	10.110175	2999
0.250000	0.250000	0.037257	0.697677	0.243260	0.530237	10.000000	12.251597	9.950882	10.000000	10.912348	10.489770	2999
0.250000	0.250000	0.023537	0.884853	0.253020	0.670747	10.000000	11.248479	10.027071	10.000000	11.605075	10.171000	2999
0.250000	0.250000	0.023497	0.414007	0.208043	0.313280	10.000000	11.274011	10.417704	10.000000	13.203106	8.968708	2999
0.250000	0.250000	0.027897	0.415327	0.210690	0.314627	10.000000	11.857854	9.903960	10.000000	11.058680	11.133844	2999
0.250000	0.250000	0.038057	0.706043	0.243550	0.536753	10.000000	11.151674	10.219128	10.000000	11.013356	10.489679	2999
0.250000	0.250000	0.020860	0.165933	0.181717	0.125040	10.000000	13.530321	8.632137	10.000000	12.407086	9.269149	2999
0.250000	0.250000	0.031513	0.323330	0.204023	0.246130	10.000000	12.210115	9.987889	10.000000	10.964393	11.207903	2999
0.250000	0.250000	0.038423	0.396897	0.215427	0.302517	10.000000	11.139217	10.322710	10.000000	10.938384	11.011446	2999
0.250000	0.250000	0.035117	0.286590	0.203280	0.217763	10.000000	10.968365	11.109026	10.000000	11.179565	10.836181	2999
0.250000	0.250000	0.029070	0.697523	0.237810	0.528700	10.000000	13.498862	9.971314	10.000000	11.027415	10.614583	2999
0.250000	0.250000	0.038083	0.592203	0.233643	0.450457	10.000000	14.086618	9.969807	10.000000	10.908743	10.695627	2999
0.250000	0.250000	0.031173	0.689897	0.238283	0.523847	10.000000	10.975820	10.628280	10.000000	12.665357	10.174139	2999
0.250000	0.250000	0.036423	0.436110	0.218290	0.332233	10.000000	12.068468	9.861323	10.000000	10.911120	10.947615	2999
0.250000	0.250000	0.025943	0.846123	0.249307	0.641277	10.000000	11.154294	10.006207	10.000000	13.498915	9.910023	2999
0.250000	0.250000	0.025470	0.605730	0.227187	0.458607	10.000000	12.230938	9.419249	10.000000	11.108986	10.537399	2999
0.250000	0.250000	0.021763	0.689933	0.232310	0.521167	10.000000	12.176783	9.386412	10.000000	12.124212	10.183310	2999
0.250000	0.250000	0.026840	0.822247	0.248627	0.624087	10.000000	12.573051	9.823789	10.000000	11.098529	10.142059	2999
0.250000	0.250000	0.034150	0.749627	0.245900	0.569600	10.000000	10.958816	10.387362	10.000000	11.248165	10.305807	2999
0.250000	0.250000	0.037543	0.593027	0.232833	0.450770	10.000000	10.903758	10.715249	10.000000	11.988493	10.128897	2999
0.250000	0.250000	0.029817	0.831613	0.251143	0.629970	10.000000	11.191047	10.211952	10.000000	11.170499	10.057612	2999
0.250000	0.250000	0.020950	0.737957	0.236413	0.559317	10.000000	12.854165	9.736305	10.000000	11.563685	9.624158	2999
0.250000	0.250000	0.021090	0.024657	0.168413	0.018303	10.000000	11.657628	12.363325	10.000000	11.917495	8.497107	2999
0.250000	0.250000	0.027253	0.402877	0.208830	0.305150	10.000000	12.642257	9.940080	10.000000	11.033999	11.136568	2999
0.250000	0.250000	0.039660	0.408580	0.217183	0.310810	10.000000	11.292284	10.405167	10.000000	10.936042	10.998045	2999
0.250000	0.250000	0.020347	0.747827	0.237473	0.564243	10.000000	11.899712	9.568657	10.000000	12.868696	9.872668	2999
0.250000	0.250000	0.021220	0.766727	0.239837	0.579183	10.000000	12.457478	9.628328	10.000000	11.904605	9.854268	2999
0.250000	0.250000	0.038980	0.644760	0.239443	0.490620	10.000000	10.894571	10.637073	10.000000	13.277612	10.296820	2999
0.250000	0.250000	0.020363	0.123213	0.176793	0.093030	10.000000	12.657344	8.356408	10.000000	13.028845	9.974525	2999
0.250000	0.250000	0.022780	0.534493	0.218193	0.403573	10.000000	11.418243	10.013158	10.000000	11.459855	9.143915	2999
0.250000	0.250000	0.034960	0.666627	0.239067	0.506497	10.000000	10.959599	10.518984	10.000000	11.448211	9.783882	2999
0.250000	0.250000	0.020677	0.868803	0.249203	0.656613	10.000000	13.028827	9.785418	10.000000	11.763740	10.224334	2999
0.250000	0.250000	0.032837	0.154273	0.189170	0.117183	10.000000	15.348425	9.971800	10.000000	10.942072	11.530910	2999
0.250000	0.250000	0.031143	0.366740	0.207830	0.278267	10.000000	11.067137	10.761492	10.000000	11.102066	11.052631	2999
0.250000	0.250000	0.030373	0.253930	0.197533	0.192263	10.000000	10.983826	11.337364	10.000000	11.989133	9.844391	2999
0.250000	0.250000	0.032527	0.422263	0.214617	0.320327	10.000000	11.940970	9.116113	10.000000	10.990032	10.534888	2999
0.250000	0.250000	0.023803	0.658533	0.230473	0.498320	10.000000	13.143974	9.373163	10.000000	11.404682	10.239946	2999
0.250000	0.250000	0.028583	0.522337	0.221367	0.395447	10.000000	11.030694	10.893857	10.000000	12.449516	9.775288	2999
0.250000	0.250000	0.024990	0.637830	0.229817	0.483143	10.000000	11.157314	10.617924	10.000000	11.616425	9.526993	2999
0.250000	0.250000	0.027220	0.722937	0.239293	0.548180	10.000000	11.268616	9.585396	10.000000	11.097332	10.323442	2999
0.250000	0.250000	0.020880	0.701023	0.232960	0.529920	10.000000	13.519407	9.560238	10.000000	11.838229	9.690236	2999
0.250000	0.250000	0.026833	0.318470	0.199983	0.241643	10.000000	11.057381	11.187805	10.000000	12.108630	9.472244	2999
0.250000	0.250000	0.032207	0.720330	0.241823	0.546137	10.000000	10.984804	10.522775	10.000000	11.463484	10.358232	2999
0.250000	0.250000	0.023737	0.871323	0.250607	0.659017	10.000000	11.646882	9.968070	10.000000	11.270212	10.122426	2999
0.250000	0.250000	0.038373	0.442210	0.220477	0.337373	10.000000	10.885269	10.935213	10.000000	11.644123	10.052692	2999
0.250000	0.250000	0.044677	0.700363	0.247983	0.533093	10.000000	10.861685	10.382763	10.000000	11.310311	10.344541	2999
0.250000	0.250000	0.032617	0.558820	0.226913	0.423913	10.000000	11.972049	9.590352	10.000000	10.957134	10.667408	2999
0.250000	0.250000	0.020573	0.717580	0.234367	0.543137	10.000000	12.746521	9.794227	10.000000	11.476135	9.536148	2999
0.250000	0.250000	0.037610	0.455587	0.221240	0.345953	10.000000	11.047728	10.648668	10.000000	10.978521	10.794432	2999
0.250000	0.250000	0.024723	0.832053	0.247830	0.631150	10.000000	11.141225	10.227747	10.000000	12.649969	9.844902	2999
0.250000	0.250000	0.025437	0.859270	0.251383	0.651617	10.000000	11.324300	10.208368	10.000000	13.231292	9.962574	2999
0.250000	0.250000	0.039163	0.358147	0.213017	0.272750	10.000000	13.512107	10.048042	10.000000	10.880294	11.066244	2999
0.250000	0.250000	0.033803	0.245943	0.199107	0.187430	10.000000	11.662295	10.403227	10.000000	10.963908	11.346594	2999
0.250000	0.250000	0.020613	0.402073	0.204157	0.303310	10.000000	12.773148	9.433004	10.000000	13.878824	9.087596	2999
0.250000	0.250000	0.021117	0.814273	0.243443	0.615187	10.000000	11.868147	9.706008	10.000000	11.986627	9.982407	2999
0.250000	0.250000	0.025053	0.725497	0.237507	0.549903	10.000000	11.223620	10.276670	10.000000	12.900641	9.546893	2999
0.250000	0.250000	0.020233	0.788467	0.241037	0.595913	10.000000	13.640767	9.652924	10.000000	13.060345	9.906312	2999
0.250000	0.250000	0.032790	0.747887	0.245120	0.567477	10.000000	11.164997	10.318763	10.000000	11.100961	10.413811	2999
0.250000	0.250000	0.026337	0.217330	0.190313	0.164373	10.000000	11.089179	11.539136	10.000000	12.147707	10.081041	2999
0.250000	0.250000	0.030070	0.224510	0.194237	0.169780	10.000000	11.814911	9.052530	10.000000	11.029681	11.124619	2999
0.250000	0.250000	0.033093	0.457583	0.217567	0.346310	10.000000	12.415984	9.212518	10.000000	10.980381	10.566991	2999
0.250000	0.250000	0.031930	0.178737	0.190730	0.136530	10.000000	12.813413	10.430576	10.000000	10.964903	11.515794	2999
0.250000	0.250000	0.036653	0.750580	0.247280	0.570310	10.000000	10.926101	10.341812	10.000000	13.251876	9.879431	2999
0.250000	0.250000	0.034573	0.327773	0.207180	0.250293	10.000000	13.041074	10.294033	10.000000	10.922612	11.174767	2999
0.250000	0.250000	0.020890	0.831527	0.245517	0.629390	10.000000	12.329525	9.733076	10.000000	12.914834	10.003289	2999
0.250000	0.250000	0.025060	0.856167	0.250457	0.646737	10.000000	11.363553	10.099427	10.000000	11.827933	9.900065	2999
0.250000	0.250000	0.040527	0.383130	0.216300	0.292320	10.000000	10.888816	10.972220	10.000000	11.283928	10.541937	2999
0.250000	0.250000	0.020337	0.258053	0.190700	0.194887	10.000000	14.450485	8.655259	10.000000	13.352398	10.177403	2999
0.250000	0.250000	0.032600	0.636637	0.234583	0.483033	10.000000	11.304751	10.223760	10.000000	10.993664	10.683510	2999
0.250000	0.250000	0.020317	0.639560	0.227347	0.484157	10.000000	14.382568	9.290892	10.000000	13.226133	10.064030	2999
0.250000	0.250000	0.020663	0.667007	0.229870	0.503393	10.000000	12.596647	9.664173	10.000000	11.937512	9.496594	2999
0.250000	0.250000	0.024620	0.105103	0.178937	0.079873	10.000000	11.108710	11.864173	10.000000	14.230123	10.593605	2999
0.250000	0.250000	0.020270	0.575490	0.220563	0.434827	10.000000	13.890958	9.976505	10.000000	12.425518	9.197847	2999
0.250000	0.250000	0.024193	0.863473	0.250023	0.653597	10.000000	13.363075	9.970793	10.000000	11.368701	10.246952	2999
0.250000	0.250000	0.022217	0.625997	0.226540	0.473547	10.000000	15.259725	9.361230	10.000000	11.426396	9.754919	2999
0.250000	0.250000	0.030810	0.541457	0.224703	0.411210	10.000000	13.385421	10.024472	10.000000	10.973823	10.860202	2999
0.250000	0.250000	0.020900	0.726987	0.235043	0.549450	10.000000	11.649717	9.512672	10.000000	13.463368	9.886039	2999
0.250000	0.250000	0.027800	0.347547	0.203367	0.263233	10.000000	11.031792	11.239560	10.000000	11.971007	10.072895	2999
0.250000	0.250000	0.026860	0.775213	0.243500	0.586747	10.000000	11.146948	10.316285	10.000000	13.071786	9.738004	2999
0.250000	0.250000	0.020757	0.480903	0.211720	0.363153	10.000000	13.168683	9.206772	10.000000	11.983576	9.505831	2999
0.250000	0.250000	0.027437	0.814523	0.248193	0.616957	10.000000	11.156703	10.312914	10.000000	12.521657	9.899916	2999
0.250000	0.250000	0.020350	0.742280	0.236167	0.560273	10.000000	14.141399	9.892596	10.000000	12.076718	9.541075	2999
0.250000	0.250000	0.020493	0.629780	0.226053	0.475143	10.000000	12.623645	9.307960	10.000000	12.699492	9.914603	2999
0.250000	0.250000	0.035023	0.660723	0.238247	0.501760	10.000000	11.421857	10.307326	10.000000	10.941529	10.613696	2999
0.250000	0.250000	0.020600	0.687300	0.232807	0.519987	10.000000	12.835302	9.709463	10.000000	12.182851	9.515034	2999
0.250000	0.250000	0.029960	0.228153	0.194093	0.173303	10.000000	11.005045	11.370499	10.000000	11.403505	10.795398	2999
0.250000	0.250000	0.027337	0.079813	0.177583	0.060560	10.000000	12.704392	10.426538	10.000000	11.030890	11.872471	2999
0.250000	0.250000	0.034533	0.543637	0.227273	0.412453	10.000000	10.969182	10.818041	10.000000	11.452609	10.314117	2999
0.250000	0.250000	0.021167	0.772753	0.240353	0.584753	10.000000	14.696931	10.115742	10.000000	11.966963	9.540209	2999
0.250000	0.250000	0.022047	0.766060	0.239550	0.579337	10.000000	12.993785	9.623670	10.000000	11.867394	9.877078	2999
0.250000	0.250000	0.035753	0.277643	0.202807	0.210613	10.000000	11.798339	9.649634	10.000000	10.913819	11.179757	2999
