mut_par_size	mut_par_patt	typ1_err	typ2_err	rej_rate	acp_rate	avg_size	avg_size_thr	avg_par_size	avg_patt	avg_patt_thr	avg_par_patt	end_gen
0.250000	0.250000	0.013327	0.039587	0.173693	0.020220	10.000000	12.132673	10.000606	10.000000	10.938401	12.000017	2999
0.250000	0.250000	0.011763	0.042247	0.173073	0.021697	10.000000	11.948677	9.999873	10.000000	10.961768	12.000734	2999
0.250000	0.250000	0.011917	0.047790	0.175587	0.024607	10.000000	12.550277	10.000100	10.000000	10.980060	11.999546	2999
0.250000	0.250000	0.006410	0.061827	0.176257	0.031427	10.000000	12.000238	9.999978	10.000000	11.074308	12.000457	2999
0.250000	0.250000	0.012267	0.040697	0.172510	0.020840	10.000000	12.148891	9.999839	10.000000	10.950034	12.000106	2999
0.250000	0.250000	0.013213	0.039400	0.173177	0.020207	10.000000	12.434681	10.000037	10.000000	10.941651	11.999853	2999
0.250000	0.250000	0.013343	0.041303	0.174550	0.021223	10.000000	12.296134	9.999735	10.000000	10.945661	12.000547	2999
0.250000	0.250000	0.011487	0.042860	0.172973	0.021800	10.000000	12.131704	10.000176	10.000000	10.968946	11.999971	2999
0.250000	0.250000	0.010703	0.044693	0.173537	0.022710	10.000000	11.864711	10.000516	10.000000	10.974240	11.999975	2999
0.250000	0.250000	0.007027	0.057190	0.175353	0.029240	10.000000	12.662594	9.999740	10.000000	11.049168	11.999890	2999
0.250000	0.250000	0.016943	0.034507	0.173913	0.017797	10.000000	11.592810	9.999294	10.000000	10.905939	12.000117	2999
0.250000	0.250000	0.014607	0.037103	0.173417	0.018993	10.000000	13.463558	9.999826	10.000000	10.924642	12.000689	2999
0.250000	0.250000	0.018597	0.032443	0.175483	0.016893	10.000000	11.761660	10.000110	10.000000	10.891113	11.999864	2999
0.250000	0.250000	0.009007	0.048953	0.173090	0.025067	10.000000	13.115794	10.000262	10.000000	11.002419	12.000125	2999
0.250000	0.250000	0.011037	0.045640	0.174513	0.023283	10.000000	13.402998	9.999629	10.000000	10.974883	12.000734	2999
0.250000	0.250000	0.017083	0.033573	0.174127	0.017367	10.000000	11.981226	10.000039	10.000000	10.897112	12.000453	2999
0.250000	0.250000	0.012663	0.040697	0.173803	0.021213	10.000000	11.672355	9.999921	10.000000	10.947443	11.999936	2999
0.250000	0.250000	0.007743	0.053613	0.174330	0.027107	10.000000	12.387857	9.999466	10.000000	11.028792	11.999738	2999
0.250000	0.250000	0.010973	0.044517	0.173680	0.022753	10.000000	14.562538	9.999511	10.000000	10.971535	11.998910	2999
0.250000	0.250000	0.009970	0.046730	0.173230	0.023803	10.000000	14.086368	10.000428	10.000000	10.986647	12.000090	2999
0.250000	0.250000	0.011700	0.042443	0.173510	0.021730	10.000000	12.452893	9.999325	10.000000	10.961641	11.999444	2999
0.250000	0.250000	0.009360	0.048043	0.174133	0.024457	10.000000	11.819359	10.000040	10.000000	11.003810	12.000091	2999
0.250000	0.250000	0.013100	0.039893	0.172937	0.020640	10.000000	12.713775	9.999573	10.000000	10.938930	11.999501	2999
0.250000	0.250000	0.008827	0.049400	0.173213	0.024997	10.000000	11.729218	10.000054	10.000000	11.004450	12.000217	2999
0.250000	0.250000	0.015133	0.035623	0.173620	0.018260	10.000000	12.415473	10.000732	10.000000	10.914549	11.999883	2999
0.250000	0.250000	0.015913	0.034263	0.173250	0.017390	10.000000	13.083888	9.999099	10.000000	10.902020	11.999033	2999
0.250000	0.250000	0.012507	0.040597	0.172963	0.020993	10.000000	13.891157	10.000187	10.000000	10.947472	12.000141	2999
0.250000	0.250000	0.007137	0.054293	0.174233	0.027620	10.000000	12.159910	10.000651	10.000000	11.037121	12.000423	2999
0.250000	0.250000	0.014027	0.039510	0.174213	0.020343	10.000000	11.778824	10.000262	10.000000	10.934536	11.999816	2999
0.250000	0.250000	0.012627	0.040583	0.173203	0.020830	10.000000	12.571067	9.999707	10.000000	10.949020	12.000301	2999
0.250000	0.250000	0.013533	0.038410	0.173313	0.019627	10.000000	12.048793	9.999579	10.000000	10.933661	12.000083	2999
0.250000	0.250000	0.012253	0.044940	0.174500	0.022883	10.000000	11.309357	10.000453	10.000000	10.977518	12.000018	2999
0.250000	0.250000	0.008430	0.050993	0.173197	0.025943	10.000000	12.202092	10.000394	10.000000	11.012811	11.999473	2999
0.250000	0.250000	0.009963	0.047077	0.173780	0.023657	10.000000	12.149580	9.999649	10.000000	10.989802	11.999769	2999
0.250000	0.250000	0.018887	0.031160	0.174777	0.016320	10.000000	12.510554	9.999416	10.000000	10.880670	11.999742	2999
0.250000	0.250000	0.015983	0.035747	0.174137	0.018213	10.000000	12.128170	9.999688	10.000000	10.909815	11.999912	2999
0.250000	0.250000	0.010517	0.045527	0.173733	0.023060	10.000000	14.406181	10.000224	10.000000	10.975191	11.999726	2999
0.250000	0.250000	0.015450	0.037877	0.173783	0.019503	10.000000	12.009530	10.000103	10.000000	10.923639	12.000333	2999
0.250000	0.250000	0.007963	0.051983	0.173783	0.026050	10.000000	13.523745	10.000373	10.000000	11.020132	11.999824	2999
0.250000	0.250000	0.008073	0.055530	0.175753	0.028190	10.000000	11.512427	10.000529	10.000000	11.039174	12.000180	2999
0.250000	0.250000	0.013737	0.039857	0.174450	0.020883	10.000000	11.884674	10.000074	10.000000	10.937936	12.000123	2999
0.250000	0.250000	0.018113	0.032713	0.174887	0.017187	10.000000	12.146096	9.999668	10.000000	10.886840	11.999734	2999
0.250000	0.250000	0.011023	0.044583	0.173583	0.023080	10.000000	13.519156	10.000072	10.000000	10.972898	11.999868	2999
0.250000	0.250000	0.015747	0.035070	0.173367	0.017867	10.000000	12.799898	9.999801	10.000000	10.906431	11.999624	2999
0.250000	0.250000	0.011680	0.042697	0.173413	0.021637	10.000000	12.750221	9.999488	10.000000	10.960673	12.000417	2999
0.250000	0.250000	0.011210	0.042273	0.173103	0.021520	10.000000	13.224959	10.000059	10.000000	10.961533	11.999925	2999
0.250000	0.250000	0.013300	0.038027	0.172197	0.019230	10.000000	12.952536	10.000080	10.000000	10.935333	11.999781	2999
0.250000	0.250000	0.013317	0.040397	0.174750	0.020850	10.000000	12.923380	10.000148	10.000000	10.940321	11.999118	2999
0.250000	0.250000	0.018797	0.035783	0.176087	0.018250	10.000000	12.786844	10.000346	10.000000	10.899969	11.999636	2999
0.250000	0.250000	0.007417	0.058010	0.175927	0.029193	10.000000	11.640637	10.000147	10.000000	11.052571	12.000651	2999
0.250000	0.250000	0.007747	0.053750	0.174900	0.027117	10.000000	12.155346	9.999966	10.000000	11.031896	11.999501	2999
0.250000	0.250000	0.008213	0.052803	0.174310	0.026383	10.000000	12.906789	9.999722	10.000000	11.023197	12.000471	2999
0.250000	0.250000	0.016437	0.033703	0.173383	0.017573	10.000000	14.714134	10.000412	10.000000	10.896793	11.999282	2999
0.250000	0.250000	0.009640	0.046270	0.173163	0.023563	10.000000	13.511991	9.999443	10.000000	10.990010	12.000405	2999
0.250000	0.250000	0.012463	0.040270	0.173523	0.020417	10.000000	14.012854	10.000367	10.000000	10.946962	11.999121	2999
0.250000	0.250000	0.009500	0.048053	0.173377	0.024217	10.000000	12.980593	10.000701	10.000000	10.995362	11.999827	2999
0.250000	0.250000	0.011423	0.043980	0.173520	0.022260	10.000000	11.368405	10.000508	10.000000	10.974603	11.999828	2999
0.250000	0.250000	0.009720	0.047053	0.173417	0.023803	10.000000	13.413430	10.000699	10.000000	10.989039	11.999833	2999
0.250000	0.250000	0.010950	0.047260	0.173447	0.024017	10.000000	11.338216	10.000601	10.000000	10.996101	11.999961	2999
0.250000	0.250000	0.013973	0.038363	0.173617	0.019767	10.000000	12.511786	9.998763	10.000000	10.930727	12.000157	2999
0.250000	0.250000	0.012133	0.042847	0.173760	0.022140	10.000000	12.445483	10.000026	10.000000	10.964143	12.000293	2999
0.250000	0.250000	0.010007	0.051407	0.175490	0.026260	10.000000	11.565482	9.999936	10.000000	11.018229	11.999856	2999
0.250000	0.250000	0.012607	0.042110	0.173687	0.021133	10.000000	14.005309	9.999430	10.000000	10.953537	12.000308	2999
0.250000	0.250000	0.013047	0.041007	0.173473	0.021130	10.000000	12.113188	9.998796	10.000000	10.946761	11.999624	2999
0.250000	0.250000	0.023083	0.027980	0.176283	0.014480	10.000000	11.751763	10.000690	10.000000	10.847665	12.000739	2999
0.250000	0.250000	0.014013	0.038873	0.173753	0.019800	10.000000	13.063760	10.000753	10.000000	10.932835	12.000607	2999
0.250000	0.250000	0.009147	0.050510	0.174740	0.025847	10.000000	11.676001	10.000579	10.000000	11.018841	11.999360	2999
0.250000	0.250000	0.008933	0.048803	0.172967	0.024597	10.000000	12.534753	9.999545	10.000000	11.001987	12.000284	2999
0.250000	0.250000	0.017593	0.034223	0.175023	0.017480	10.000000	15.217113	10.001147	10.000000	10.895915	12.000313	2999
0.250000	0.250000	0.006640	0.058207	0.175330	0.029650	10.000000	12.294852	10.000041	10.000000	11.056958	12.000065	2999
0.250000	0.250000	0.012780	0.045037	0.175247	0.022920	10.000000	11.360430	9.999929	10.000000	10.981568	12.000198	2999
0.250000	0.250000	0.007673	0.053573	0.174553	0.026937	10.000000	12.922568	9.999188	10.000000	11.029397	12.000148	2999
0.250000	0.250000	0.012437	0.040500	0.173057	0.020783	10.000000	12.587204	10.000566	10.000000	10.950145	11.999811	2999
0.250000	0.250000	0.012137	0.042833	0.173440	0.021967	10.000000	11.462423	9.999767	10.000000	10.964971	12.000130	2999
0.250000	0.250000	0.012920	0.040253	0.173637	0.020563	10.000000	11.804936	10.000467	10.000000	10.943399	12.000801	2999
0.250000	0.250000	0.014403	0.038523	0.173900	0.019610	10.000000	12.464503	10.000114	10.000000	10.932536	12.000466	2999
0.250000	0.250000	0.012737	0.039967	0.173030	0.020473	10.000000	11.826326	9.999364	10.000000	10.942971	12.000088	2999
0.250000	0.250000	0.009097	0.049757	0.173587	0.025293	10.000000	11.948657	10.000369	10.000000	11.005542	12.000366	2999
0.250000	0.250000	0.012660	0.041043	0.174253	0.020983	10.000000	11.713626	10.000362	10.000000	10.959304	12.000572	2999
0.250000	0.250000	0.011940	0.041093	0.173123	0.021173	10.000000	12.434087	9.999454	10.000000	10.956073	12.000235	2999
0.250000	0.250000	0.010583	0.044637	0.173630	0.022760	10.000000	12.889238	10.000431	10.000000	10.977488	11.999810	2999
0.250000	0.250000	0.023130	0.028283	0.176643	0.014803	10.000000	11.873380	10.000024	10.000000	10.842650	12.000790	2999
0.250000	0.250000	0.010963	0.044937	0.173877	0.022727	10.000000	14.062211	9.999921	10.000000	10.977134	12.000909	2999
0.250000	0.250000	0.009583	0.047793	0.173667	0.024367	10.000000	13.034911	10.000401	10.000000	10.996107	12.000430	2999
0.250000	0.250000	0.013050	0.038443	0.173047	0.019557	10.000000	13.337699	10.000568	10.000000	10.938551	11.999594	2999
0.250000	0.250000	0.009643	0.049027	0.174333	0.025150	10.000000	12.984239	9.999609	10.000000	11.003242	12.000697	2999
0.250000	0.250000	0.021097	0.029283	0.175727	0.015333	10.000000	11.527524	9.999899	10.000000	10.859751	11.999611	2999
0.250000	0.250000	0.014923	0.035837	0.173683	0.018277	10.000000	12.516311	10.000350	10.000000	10.916947	11.999233	2999
0.250000	0.250000	0.015200	0.036803	0.174403	0.018697	10.000000	13.451154	9.999649	10.000000	10.917118	11.999262	2999
0.250000	0.250000	0.011267	0.044393	0.173910	0.022577	10.000000	12.142828	9.999771	10.000000	10.970532	12.000159	2999
0.250000	0.250000	0.012637	0.039977	0.173207	0.020620	10.000000	12.049319	10.000401	10.000000	10.948192	12.000350	2999
0.250000	0.250000	0.007190	0.055140	0.174697	0.027647	10.000000	12.390615	9.999788	10.000000	11.036751	11.999448	2999
0.250000	0.250000	0.010770	0.047637	0.174767	0.023940	10.000000	12.817164	10.000263	10.000000	10.983207	11.999522	2999
0.250000	0.250000	0.013960	0.038280	0.173553	0.019487	10.000000	13.468407	9.999646	10.000000	10.927003	11.999738	2999
0.250000	0.250000	0.010433	0.043577	0.172650	0.021840	10.000000	13.196048	9.999829	10.000000	10.975719	11.999653	2999
0.250000	0.250000	0.012117	0.046923	0.175573	0.024157	10.000000	12.136897	9.999793	10.000000	10.977946	11.999099	2999
0.250000	0.250000	0.004713	0.070877	0.178300	0.035557	10.000000	13.327528	9.999948	10.000000	11.111833	11.999586	2999
0.250000	0.250000	0.012130	0.042330	0.173257	0.021530	10.000000	12.015018	9.999945	10.000000	10.959849	12.001100	2999
0.250000	0.250000	0.011927	0.042720	0.174133	0.022020	10.000000	12.198724	10.000738	10.000000	10.958294	12.000519	2999
0.250000	0.250000	0.014267	0.038330	0.173343	0.019857	10.000000	13.956964	10.000311	10.000000	10.929454	12.000104	2999
0.250000	0.250000	0.040727	0.092520	0.209963	0.050133	10.000000	11.087691	10.499881	10.000000	10.765563	11.501021	2999
0.250000	0.250000	0.029600	0.110280	0.208203	0.057703	10.000000	11.092001	10.499963	10.000000	10.830804	11.499712	2999
0.250000	0.250000	0.024620	0.124417	0.209730	0.064773	10.000000	11.176831	10.499799	10.000000	10.854731	11.500332	2999
0.250000	0.250000	0.029037	0.111790	0.209027	0.059270	10.000000	11.107584	10.500147	10.000000	10.831443	11.500634	2999
0.250000	0.250000	0.038033	0.097490	0.210040	0.051987	10.000000	11.364827	10.499985	10.000000	10.746461	11.499492	2999
0.250000	0.250000	0.043790	0.087860	0.210700	0.047817	10.000000	11.235389	10.499206	10.000000	10.726285	11.499395	2999
0.250000	0.250000	0.030870	0.113703	0.209643	0.060737	10.000000	11.999555	10.499495	10.000000	10.798377	11.500237	2999
0.250000	0.250000	0.031053	0.107067	0.207643	0.057280	10.000000	11.365876	10.499994	10.000000	10.793244	11.499951	2999
0.250000	0.250000	0.038170	0.100510	0.210430	0.053840	10.000000	11.539409	10.499253	10.000000	10.767024	11.500045	2999
0.250000	0.250000	0.037720	0.099737	0.210123	0.053500	10.000000	11.580535	10.500471	10.000000	10.754667	11.499790	2999
0.250000	0.250000	0.036523	0.108323	0.212350	0.058183	10.000000	12.946166	10.499662	10.000000	10.754185	11.499282	2999
0.250000	0.250000	0.022737	0.131033	0.210817	0.068083	10.000000	11.514064	10.499666	10.000000	10.869002	11.500393	2999
0.250000	0.250000	0.030587	0.110693	0.209060	0.058330	10.000000	11.263966	10.499547	10.000000	10.812019	11.499869	2999
0.250000	0.250000	0.025223	0.126927	0.210617	0.066530	10.000000	11.710223	10.499290	10.000000	10.851476	11.500042	2999
0.250000	0.250000	0.037743	0.098990	0.210467	0.053073	10.000000	11.225840	10.499303	10.000000	10.787115	11.500789	2999
0.250000	0.250000	0.032873	0.106967	0.209300	0.057120	10.000000	11.341202	10.500275	10.000000	10.805938	11.500549	2999
0.250000	0.250000	0.027387	0.116850	0.208777	0.061413	10.000000	11.298018	10.499725	10.000000	10.825590	11.500844	2999
0.250000	0.250000	0.034030	0.107940	0.210113	0.057580	10.000000	11.794495	10.499885	10.000000	10.774166	11.500049	2999
0.250000	0.250000	0.029933	0.112030	0.209513	0.058453	10.000000	11.466817	10.498717	10.000000	10.800577	11.499153	2999
0.250000	0.250000	0.031750	0.107367	0.208670	0.056637	10.000000	11.206567	10.499626	10.000000	10.800597	11.500334	2999
0.250000	0.250000	0.040843	0.091580	0.209907	0.049237	10.000000	11.251559	10.500216	10.000000	10.738540	11.500162	2999
0.250000	0.250000	0.029347	0.118377	0.210400	0.062370	10.000000	12.660215	10.501021	10.000000	10.795881	11.500065	2999
0.250000	0.250000	0.030903	0.109000	0.208433	0.057253	10.000000	11.255542	10.499750	10.000000	10.802610	11.500147	2999
0.250000	0.250000	0.020443	0.139473	0.211873	0.072600	10.000000	11.187773	10.499952	10.000000	10.908347	11.501225	2999
0.250000	0.250000	0.035553	0.105560	0.210657	0.056757	10.000000	11.583280	10.500187	10.000000	10.781475	11.500092	2999
0.250000	0.250000	0.030053	0.113213	0.209983	0.059837	10.000000	11.356810	10.499938	10.000000	10.802781	11.500229	2999
0.250000	0.250000	0.032253	0.106237	0.209330	0.056490	10.000000	11.055636	10.499871	10.000000	10.821937	11.499391	2999
0.250000	0.250000	0.025553	0.128383	0.211157	0.067047	10.000000	12.805258	10.499771	10.000000	10.819865	11.500450	2999
0.250000	0.250000	0.042767	0.088707	0.210200	0.047983	10.000000	11.116102	10.500279	10.000000	10.747968	11.499260	2999
0.250000	0.250000	0.021633	0.131513	0.209857	0.068687	10.000000	11.266302	10.499380	10.000000	10.875032	11.500256	2999
0.250000	0.250000	0.027290	0.117537	0.209727	0.061523	10.000000	11.378270	10.500116	10.000000	10.818212	11.499542	2999
0.250000	0.250000	0.032860	0.109130	0.209500	0.057803	10.000000	11.300962	10.499811	10.000000	10.805108	11.499712	2999
0.250000	0.250000	0.022850	0.130897	0.210253	0.068387	10.000000	11.476563	10.499590	10.000000	10.849079	11.499569	2999
0.250000	0.250000	0.026277	0.119660	0.209557	0.062477	10.000000	11.176436	10.500837	10.000000	10.852457	11.500794	2999
0.250000	0.250000	0.025683	0.123690	0.209933	0.064963	10.000000	11.358209	10.499099	10.000000	10.831213	11.500080	2999
0.250000	0.250000	0.020610	0.133450	0.209180	0.069877	10.000000	11.276959	10.500077	10.000000	10.870427	11.499884	2999
0.250000	0.250000	0.031810	0.105973	0.208287	0.056503	10.000000	11.088096	10.500616	10.000000	10.817246	11.499866	2999
0.250000	0.250000	0.025557	0.121533	0.209003	0.063373	10.000000	11.435509	10.499985	10.000000	10.828006	11.499689	2999
0.250000	0.250000	0.032853	0.107780	0.209360	0.057273	10.000000	11.427060	10.500450	10.000000	10.784082	11.499782	2999
0.250000	0.250000	0.030427	0.109263	0.208840	0.057873	10.000000	11.229545	10.500013	10.000000	10.817900	11.500443	2999
0.250000	0.250000	0.031740	0.111230	0.210050	0.059377	10.000000	11.494167	10.500077	10.000000	10.788716	11.500172	2999
0.250000	0.250000	0.024440	0.124340	0.209007	0.064903	10.000000	11.122016	10.499931	10.000000	10.878074	11.499978	2999
0.250000	0.250000	0.027223	0.120793	0.209243	0.063707	10.000000	11.353599	10.500535	10.000000	10.830785	11.500203	2999
0.250000	0.250000	0.036923	0.097443	0.209140	0.051787	10.000000	11.026145	10.499877	10.000000	10.798449	11.499711	2999
0.250000	0.250000	0.025470	0.122487	0.209300	0.064297	10.000000	11.926667	10.499893	10.000000	10.823912	11.499800	2999
0.250000	0.250000	0.030977	0.107910	0.208527	0.057597	10.000000	11.260038	10.499937	10.000000	10.796370	11.499665	2999
0.250000	0.250000	0.027707	0.114390	0.208423	0.060080	10.000000	11.154492	10.500400	10.000000	10.841341	11.500523	2999
0.250000	0.250000	0.028217	0.112387	0.207763	0.059573	10.000000	11.152989	10.499737	10.000000	10.829367	11.499811	2999
0.250000	0.250000	0.036703	0.098770	0.209210	0.052687	10.000000	11.240726	10.500815	10.000000	10.782158	11.499293	2999
0.250000	0.250000	0.031053	0.107377	0.207737	0.056887	10.000000	11.174476	10.499989	10.000000	10.807577	11.499746	2999
0.250000	0.250000	0.040897	0.099503	0.212320	0.053463	10.000000	11.771367	10.499879	10.000000	10.731475	11.499551	2999
0.250000	0.250000	0.029397	0.110983	0.207917	0.058733	10.000000	11.211768	10.500847	10.000000	10.810280	11.499447	2999
0.250000	0.250000	0.035293	0.106387	0.210470	0.056443	10.000000	11.272542	10.499835	10.000000	10.793907	11.499992	2999
0.250000	0.250000	0.023843	0.126147	0.210617	0.066083	10.000000	11.287409	10.499578	10.000000	10.869839	11.500354	2999
0.250000	0.250000	0.028697	0.112733	0.208777	0.059447	10.000000	11.302054	10.499882	10.000000	10.822817	11.499603	2999
0.250000	0.250000	0.022287	0.130517	0.210597	0.067947	10.000000	11.288329	10.500139	10.000000	10.873835	11.499719	2999
0.250000	0.250000	0.034417	0.104787	0.210623	0.055420	10.000000	11.562321	10.499418	10.000000	10.785282	11.499518	2999
0.250000	0.250000	0.021570	0.133513	0.209803	0.069253	10.000000	12.306720	10.499469	10.000000	10.860173	11.499960	2999
0.250000	0.250000	0.027143	0.129617	0.212620	0.067977	10.000000	11.408572	10.500589	10.000000	10.871941	11.500115	2999
0.250000	0.250000	0.027057	0.120180	0.209790	0.062947	10.000000	11.369823	10.499290	10.000000	10.830775	11.499617	2999
0.250000	0.250000	0.030657	0.114393	0.210050	0.060523	10.000000	12.248323	10.499880	10.000000	10.794163	11.500869	2999
0.250000	0.250000	0.023137	0.131393	0.210420	0.068180	10.000000	11.639711	10.501015	10.000000	10.851258	11.500940	2999
0.250000	0.250000	0.035633	0.107773	0.211070	0.057420	10.000000	14.909095	10.500240	10.000000	10.758633	11.500642	2999
0.250000	0.250000	0.042790	0.091900	0.211503	0.049633	10.000000	11.455318	10.500128	10.000000	10.728053	11.498969	2999
0.250000	0.250000	0.026677	0.118253	0.208713	0.062460	10.000000	11.083172	10.499990	10.000000	10.858357	11.499738	2999
0.250000	0.250000	0.037777	0.099953	0.209940	0.053260	10.000000	11.016352	10.499972	10.000000	10.804527	11.500414	2999
0.250000	0.250000	0.019067	0.144937	0.212727	0.074957	10.000000	11.320270	10.500301	10.000000	10.902260	11.499546	2999
0.250000	0.250000	0.018810	0.140633	0.210970	0.073210	10.000000	11.178170	10.499586	10.000000	10.908611	11.500343	2999
0.250000	0.250000	0.032877	0.108240	0.209760	0.057657	10.000000	11.623779	10.499542	10.000000	10.778355	11.500478	2999
0.250000	0.250000	0.032583	0.106480	0.208590	0.056573	10.000000	11.233868	10.500356	10.000000	10.803032	11.499711	2999
0.250000	0.250000	0.031890	0.111660	0.210610	0.059057	10.000000	11.056039	10.500233	10.000000	10.841303	11.499928	2999
0.250000	0.250000	0.028907	0.122557	0.212027	0.064120	10.000000	13.265334	10.500150	10.000000	10.795392	11.499223	2999
0.250000	0.250000	0.033043	0.103263	0.208753	0.055107	10.000000	11.267735	10.501002	10.000000	10.783128	11.500659	2999
0.250000	0.250000	0.033190	0.105143	0.208607	0.055787	10.000000	11.219289	10.499961	10.000000	10.801716	11.500280	2999
0.250000	0.250000	0.036153	0.097560	0.208147	0.051950	10.000000	11.212620	10.499467	10.000000	10.768159	11.499341	2999
0.250000	0.250000	0.031873	0.111747	0.210083	0.059137	10.000000	11.407606	10.500076	10.000000	10.813153	11.499501	2999
0.250000	0.250000	0.026830	0.118873	0.209603	0.063103	10.000000	11.164879	10.500043	10.000000	10.855408	11.501204	2999
0.250000	0.250000	0.025823	0.121293	0.209620	0.063810	10.000000	11.242125	10.499709	10.000000	10.849859	11.500396	2999
0.250000	0.250000	0.025090	0.123060	0.209780	0.064090	10.000000	11.392854	10.500174	10.000000	10.831309	11.500029	2999
0.250000	0.250000	0.024203	0.122473	0.208583	0.064577	10.000000	11.325911	10.500710	10.000000	10.848103	11.500585	2999
0.250000	0.250000	0.037323	0.099980	0.210250	0.053730	10.000000	11.977543	10.499680	10.000000	10.752842	11.500149	2999
0.250000	0.250000	0.032167	0.104790	0.208200	0.056130	10.000000	11.132216	10.499795	10.000000	10.805423	11.500100	2999
0.250000	0.250000	0.024713	0.121653	0.208727	0.064003	10.000000	11.243620	10.499515	10.000000	10.853036	11.500108	2999
0.250000	0.250000	0.028010	0.116670	0.209463	0.061200	10.000000	11.395723	10.500286	10.000000	10.814611	11.499877	2999
0.250000	0.250000	0.016237	0.152413	0.213320	0.078530	10.000000	11.400872	10.499736	10.000000	10.918541	11.499677	2999
0.250000	0.250000	0.023650	0.125797	0.209343	0.065323	10.000000	11.416494	10.500745	10.000000	10.841567	11.499473	2999
0.250000	0.250000	0.032697	0.109487	0.210423	0.058200	10.000000	11.139320	10.500178	10.000000	10.826324	11.500178	2999
0.250000	0.250000	0.030797	0.112187	0.209640	0.059317	10.000000	11.406784	10.500068	10.000000	10.805133	11.499974	2999
0.250000	0.250000	0.024003	0.124800	0.208803	0.064940	10.000000	11.700315	10.499863	10.000000	10.843424	11.499866	2999
0.250000	0.250000	0.043057	0.098873	0.213673	0.053937	10.000000	14.585125	10.499694	10.000000	10.721553	11.499892	2999
0.250000	0.250000	0.034300	0.106410	0.209840	0.057057	10.000000	11.475514	10.501146	10.000000	10.776739	11.500043	2999
0.250000	0.250000	0.025660	0.121357	0.208963	0.063500	10.000000	11.269812	10.500100	10.000000	10.834698	11.499649	2999
0.250000	0.250000	0.019257	0.139920	0.211370	0.072477	10.000000	11.497352	10.499728	10.000000	10.877014	11.500355	2999
0.250000	0.250000	0.027333	0.114293	0.207520	0.060343	10.000000	11.151465	10.500607	10.000000	10.834267	11.499097	2999
0.250000	0.250000	0.036073	0.099523	0.209940	0.053447	10.000000	11.240252	10.500204	10.000000	10.783109	11.500961	2999
0.250000	0.250000	0.027103	0.118503	0.209253	0.061943	10.000000	11.378631	10.500153	10.000000	10.819241	11.499844	2999
0.250000	0.250000	0.035253	0.102820	0.209953	0.054787	10.000000	11.375176	10.499341	10.000000	10.766929	11.499244	2999
0.250000	0.250000	0.019433	0.138123	0.210507	0.072173	10.000000	11.181448	10.499723	10.000000	10.900994	11.499898	2999
0.250000	0.250000	0.040383	0.099863	0.212870	0.053080	10.000000	11.309514	10.500288	10.000000	10.776455	11.499752	2999
0.250000	0.250000	0.025270	0.121353	0.208790	0.063897	10.000000	11.470816	10.500142	10.000000	10.837131	11.499964	2999
0.250000	0.250000	0.044730	0.157960	0.232540	0.086237	10.000000	10.866501	11.000491	10.000000	10.828461	11.000192	2999
0.250000	0.250000	0.039450	0.172387	0.233263	0.092337	10.000000	10.828300	10.998941	10.000000	10.919380	11.000057	2999
0.250000	0.250000	0.045283	0.158013	0.233410	0.086120	10.000000	10.902689	10.999725	10.000000	10.792816	10.999513	2999
0.250000	0.250000	0.054827	0.155010	0.238850	0.086160	10.000000	10.979768	11.000012	10.000000	10.717019	11.000067	2999
0.250000	0.250000	0.044213	0.159260	0.233450	0.086187	10.000000	10.869098	11.000639	10.000000	10.827153	10.999998	2999
0.250000	0.250000	0.046817	0.153480	0.232927	0.083457	10.000000	10.840033	11.000192	10.000000	10.830203	10.999147	2999
0.250000	0.250000	0.042353	0.165637	0.234263	0.089883	10.000000	10.806402	11.000257	10.000000	10.913441	11.000533	2999
0.250000	0.250000	0.057740	0.138470	0.235410	0.076923	10.000000	10.771842	10.998785	10.000000	10.831817	11.000353	2999
0.250000	0.250000	0.040093	0.175233	0.235217	0.095160	10.000000	10.958908	11.000059	10.000000	10.799312	10.999409	2999
0.250000	0.250000	0.040140	0.170610	0.233903	0.092273	10.000000	10.874753	11.000460	10.000000	10.861486	10.999031	2999
0.250000	0.250000	0.055737	0.142050	0.235753	0.079070	10.000000	10.796673	10.999801	10.000000	10.829368	11.000093	2999
0.250000	0.250000	0.058557	0.135183	0.234543	0.074817	10.000000	10.809705	10.999662	10.000000	10.785655	10.999286	2999
0.250000	0.250000	0.048120	0.159567	0.235763	0.087317	10.000000	10.946264	11.000194	10.000000	10.760580	10.999289	2999
0.250000	0.250000	0.040977	0.169493	0.234773	0.091390	10.000000	10.806461	11.000249	10.000000	10.927333	11.000618	2999
0.250000	0.250000	0.049387	0.150400	0.234507	0.082423	10.000000	10.847320	10.999650	10.000000	10.815057	11.000114	2999
0.250000	0.250000	0.059090	0.142817	0.237370	0.080077	10.000000	10.708747	10.999798	10.000000	10.934318	11.000075	2999
0.250000	0.250000	0.051880	0.148760	0.235090	0.081780	10.000000	10.765809	10.999247	10.000000	10.889141	10.999652	2999
0.250000	0.250000	0.050723	0.150867	0.235060	0.082977	10.000000	10.877939	11.000412	10.000000	10.788670	11.000465	2999
0.250000	0.250000	0.065943	0.129197	0.237830	0.072880	10.000000	10.705947	10.999842	10.000000	10.868670	10.999245	2999
0.250000	0.250000	0.041543	0.170660	0.235150	0.092073	10.000000	10.933634	10.999068	10.000000	10.811487	11.000261	2999
0.250000	0.250000	0.035610	0.179947	0.234377	0.095917	10.000000	10.869145	10.999948	10.000000	10.902109	11.000657	2999
0.250000	0.250000	0.044553	0.161420	0.234090	0.087257	10.000000	10.808371	10.999882	10.000000	10.897386	11.000385	2999
0.250000	0.250000	0.046263	0.154217	0.232680	0.084237	10.000000	10.848454	11.000927	10.000000	10.828617	11.000634	2999
0.250000	0.250000	0.044133	0.160283	0.232827	0.087247	10.000000	10.838783	11.000433	10.000000	10.858789	11.000383	2999
0.250000	0.250000	0.043880	0.161307	0.233650	0.087393	10.000000	10.895369	10.999556	10.000000	10.813065	11.000524	2999
0.250000	0.250000	0.042917	0.164027	0.233577	0.088253	10.000000	10.834810	10.999533	10.000000	10.872318	10.999938	2999
0.250000	0.250000	0.051017	0.153793	0.236373	0.084197	10.000000	10.754776	11.000180	10.000000	10.926104	10.999223	2999
0.250000	0.250000	0.046050	0.157370	0.233647	0.085383	10.000000	10.849890	11.000194	10.000000	10.835478	10.999386	2999
0.250000	0.250000	0.037680	0.173503	0.233763	0.093383	10.000000	10.930877	11.000932	10.000000	10.832003	11.000466	2999
0.250000	0.250000	0.036453	0.176210	0.233613	0.094160	10.000000	10.890010	11.000521	10.000000	10.868885	10.999815	2999
0.250000	0.250000	0.051830	0.145093	0.233337	0.079523	10.000000	10.795080	10.999915	10.000000	10.850929	11.000934	2999
0.250000	0.250000	0.040633	0.167377	0.232803	0.090420	10.000000	10.843606	11.000439	10.000000	10.880086	10.999656	2999
0.250000	0.250000	0.046370	0.156967	0.234000	0.085813	10.000000	10.795151	11.000429	10.000000	10.890690	10.999417	2999
0.250000	0.250000	0.047540	0.151443	0.232520	0.083333	10.000000	10.840225	11.000810	10.000000	10.825295	11.000018	2999
0.250000	0.250000	0.045977	0.156160	0.232730	0.085407	10.000000	10.815784	11.000527	10.000000	10.872170	10.999187	2999
0.250000	0.250000	0.041743	0.165593	0.233327	0.089093	10.000000	10.905521	11.000277	10.000000	10.817765	10.999557	2999
0.250000	0.250000	0.050440	0.150270	0.233910	0.082837	10.000000	10.774986	10.999506	10.000000	10.884473	10.999780	2999
0.250000	0.250000	0.038840	0.174287	0.235037	0.093793	10.000000	10.826645	11.000366	10.000000	10.928094	11.000334	2999
0.250000	0.250000	0.036177	0.178257	0.234243	0.095827	10.000000	10.895805	11.000500	10.000000	10.868666	11.000126	2999
0.250000	0.250000	0.045263	0.157353	0.232997	0.085783	10.000000	10.805914	10.999688	10.000000	10.886524	11.000091	2999
0.250000	0.250000	0.042320	0.165027	0.233517	0.088907	10.000000	10.869326	10.999078	10.000000	10.849343	10.999806	2999
0.250000	0.250000	0.044853	0.168800	0.236447	0.091363	10.000000	10.978199	11.001054	10.000000	10.768500	10.999079	2999
0.250000	0.250000	0.057107	0.144610	0.236673	0.080523	10.000000	10.931789	11.000324	10.000000	10.718582	11.000565	2999
0.250000	0.250000	0.044960	0.158587	0.233743	0.085847	10.000000	10.891022	11.000125	10.000000	10.803715	10.999893	2999
0.250000	0.250000	0.040837	0.165060	0.233070	0.089137	10.000000	10.864543	11.000316	10.000000	10.853080	11.000081	2999
0.250000	0.250000	0.046380	0.155767	0.233250	0.084267	10.000000	10.835609	11.000936	10.000000	10.848703	11.000125	2999
0.250000	0.250000	0.051290	0.163880	0.238750	0.090250	10.000000	11.007957	11.000653	10.000000	10.726855	11.001202	2999
0.250000	0.250000	0.063120	0.140793	0.239503	0.078703	10.000000	10.948373	11.000232	10.000000	10.687429	11.000198	2999
0.250000	0.250000	0.036227	0.179943	0.235470	0.096373	10.000000	10.864247	10.999620	10.000000	10.905864	10.999701	2999
0.250000	0.250000	0.055740	0.148087	0.236900	0.082637	10.000000	10.949034	11.000429	10.000000	10.716952	10.999964	2999
0.250000	0.250000	0.054087	0.141980	0.233200	0.078790	10.000000	10.834877	11.000581	10.000000	10.789295	10.999375	2999
0.250000	0.250000	0.037607	0.175947	0.234203	0.094033	10.000000	10.858867	10.999985	10.000000	10.900684	11.000353	2999
0.250000	0.250000	0.043223	0.166423	0.235293	0.090020	10.000000	10.795211	11.000077	10.000000	10.930069	10.999586	2999
0.250000	0.250000	0.039540	0.182340	0.237773	0.098393	10.000000	11.007193	11.000158	10.000000	10.789189	11.000087	2999
0.250000	0.250000	0.047007	0.159247	0.234760	0.087170	10.000000	10.773271	11.000073	10.000000	10.923475	11.000269	2999
0.250000	0.250000	0.054920	0.141160	0.233860	0.078100	10.000000	10.809134	11.000338	10.000000	10.808184	10.999446	2999
0.250000	0.250000	0.046487	0.154137	0.232397	0.084300	10.000000	10.821560	10.999892	10.000000	10.856207	11.000265	2999
0.250000	0.250000	0.037923	0.173187	0.233980	0.093070	10.000000	10.875887	10.999979	10.000000	10.872594	11.000113	2999
0.250000	0.250000	0.041563	0.165903	0.233113	0.089947	10.000000	10.815392	11.000945	10.000000	10.911655	11.000069	2999
0.250000	0.250000	0.037407	0.178210	0.234920	0.095970	10.000000	10.877819	11.000010	10.000000	10.884238	10.999720	2999
0.250000	0.250000	0.053277	0.147820	0.235003	0.081227	10.000000	10.768086	11.000626	10.000000	10.882065	10.999978	2999
0.250000	0.250000	0.041060	0.167647	0.233873	0.090450	10.000000	10.863085	10.999856	10.000000	10.866666	11.000759	2999
0.250000	0.250000	0.039680	0.179920	0.236690	0.096507	10.000000	10.789954	11.001241	10.000000	10.996256	11.000224	2999
0.250000	0.250000	0.057727	0.137503	0.234843	0.076603	10.000000	10.765530	11.000818	10.000000	10.841660	10.999583	2999
0.250000	0.250000	0.035330	0.180130	0.234707	0.096710	10.000000	10.862529	10.999379	10.000000	10.909785	10.999457	2999
0.250000	0.250000	0.057870	0.135667	0.234543	0.075267	10.000000	10.793820	11.000018	10.000000	10.801787	10.999880	2999
0.250000	0.250000	0.042267	0.162050	0.232603	0.088207	10.000000	10.861573	10.999107	10.000000	10.843635	10.999813	2999
0.250000	0.250000	0.037367	0.180913	0.235727	0.097683	10.000000	10.804722	11.000376	10.000000	10.978332	11.000214	2999
0.250000	0.250000	0.035497	0.182760	0.235333	0.098050	10.000000	10.930001	11.000226	10.000000	10.854926	11.000211	2999
0.250000	0.250000	0.045307	0.156707	0.232827	0.085657	10.000000	10.884156	11.000135	10.000000	10.804830	11.000288	2999
0.250000	0.250000	0.053067	0.147987	0.235160	0.081197	10.000000	10.875991	11.000095	10.000000	10.772341	11.000349	2999
0.250000	0.250000	0.058023	0.134853	0.234787	0.074713	10.000000	10.806032	11.000251	10.000000	10.790572	10.999789	2999
0.250000	0.250000	0.036970	0.175990	0.234203	0.094167	10.000000	10.885144	10.999696	10.000000	10.869686	10.999921	2999
0.250000	0.250000	0.050073	0.156390	0.236123	0.085607	10.000000	10.926276	11.000254	10.000000	10.761259	11.000317	2999
0.250000	0.250000	0.052230	0.143427	0.233123	0.079403	10.000000	10.829437	10.999157	10.000000	10.806868	11.000080	2999
0.250000	0.250000	0.040420	0.166903	0.233117	0.089150	10.000000	10.867811	11.000016	10.000000	10.855774	11.000059	2999
0.250000	0.250000	0.047187	0.153940	0.232800	0.083783	10.000000	10.865040	10.999739	10.000000	10.806282	10.999774	2999
0.250000	0.250000	0.039413	0.169207	0.233480	0.091470	10.000000	10.835354	10.999067	10.000000	10.898941	11.000007	2999
0.250000	0.250000	0.032417	0.196303	0.237783	0.104833	10.000000	10.877684	10.999701	10.000000	10.950353	11.000648	2999
0.250000	0.250000	0.040637	0.167090	0.232973	0.089827	10.000000	10.836957	11.000781	10.000000	10.893464	11.000145	2999
0.250000	0.250000	0.034977	0.182563	0.235477	0.097880	10.000000	10.871472	10.999886	10.000000	10.907392	11.000088	2999
0.250000	0.250000	0.052923	0.143343	0.233523	0.079307	10.000000	10.857906	10.999766	10.000000	10.777971	11.000264	2999
0.250000	0.250000	0.047857	0.156547	0.234693	0.085543	10.000000	10.927025	10.999957	10.000000	10.766158	10.999844	2999
0.250000	0.250000	0.042637	0.162777	0.233693	0.088023	10.000000	10.875653	11.000180	10.000000	10.835800	11.000843	2999
0.250000	0.250000	0.026423	0.208263	0.237600	0.109687	10.000000	10.934360	10.999523	10.000000	10.939923	11.000576	2999
0.250000	0.250000	0.055437	0.143607	0.235577	0.079957	10.000000	10.899585	11.000288	10.000000	10.739161	11.000219	2999
0.250000	0.250000	0.053497	0.143897	0.234450	0.079167	10.000000	10.804591	10.999377	10.000000	10.827061	10.998990	2999
0.250000	0.250000	0.042330	0.165637	0.234223	0.089587	10.000000	10.818102	10.999987	10.000000	10.901467	10.999322	2999
0.250000	0.250000	0.044490	0.159990	0.234123	0.086617	10.000000	10.827141	10.999187	10.000000	10.871707	10.999996	2999
0.250000	0.250000	0.039570	0.171693	0.234240	0.092690	10.000000	10.829213	11.000076	10.000000	10.910985	10.999888	2999
0.250000	0.250000	0.050407	0.146790	0.232733	0.080453	10.000000	10.848640	10.999960	10.000000	10.796284	11.001029	2999
0.250000	0.250000	0.054933	0.141107	0.233957	0.078113	10.000000	10.846245	11.000370	10.000000	10.772521	10.999294	2999
0.250000	0.250000	0.041550	0.165427	0.233487	0.089517	10.000000	10.848484	11.000555	10.000000	10.870730	11.000100	2999
0.250000	0.250000	0.050153	0.148490	0.234040	0.081180	10.000000	10.819616	11.000231	10.000000	10.835524	11.000376	2999
0.250000	0.250000	0.060683	0.141260	0.238073	0.078723	10.000000	10.711999	11.000279	10.000000	10.920503	10.999883	2999
0.250000	0.250000	0.043900	0.159857	0.232770	0.087087	10.000000	10.864273	11.000063	10.000000	10.833352	11.000071	2999
0.250000	0.250000	0.035737	0.180347	0.234287	0.096637	10.000000	10.943443	11.000197	10.000000	10.840038	11.000232	2999
0.250000	0.250000	0.038833	0.172700	0.234290	0.092850	10.000000	10.831854	10.999573	10.000000	10.918021	10.999356	2999
0.250000	0.250000	0.031317	0.194573	0.236480	0.102867	10.000000	10.853699	10.999662	10.000000	10.977731	11.000176	2999
0.250000	0.250000	0.050310	0.150277	0.233920	0.082673	10.000000	10.818862	11.000745	10.000000	10.840053	11.000231	2999
0.250000	0.250000	0.026947	0.119473	0.209563	0.063303	10.000000	10.821898	11.499374	10.000000	11.396213	10.499269	2999
0.250000	0.250000	0.030913	0.108013	0.208487	0.056847	10.000000	10.800765	11.499923	10.000000	11.223107	10.501393	2999
0.250000	0.250000	0.022580	0.129727	0.209493	0.067890	10.000000	10.871703	11.499804	10.000000	11.228743	10.499697	2999
0.250000	0.250000	0.034990	0.099953	0.209393	0.053210	10.000000	10.783929	11.499873	10.000000	11.162231	10.499487	2999
0.250000	0.250000	0.036160	0.102253	0.209693	0.054533	10.000000	10.774109	11.499743	10.000000	11.471848	10.499837	2999
0.250000	0.250000	0.025193	0.123797	0.209623	0.064807	10.000000	10.839871	11.499760	10.000000	12.046660	10.500182	2999
0.250000	0.250000	0.022373	0.128760	0.209050	0.067093	10.000000	10.853758	11.499936	10.000000	11.576251	10.499755	2999
0.250000	0.250000	0.029467	0.111480	0.208780	0.058023	10.000000	10.800025	11.499293	10.000000	11.339182	10.500047	2999
0.250000	0.250000	0.035410	0.105890	0.210520	0.056107	10.000000	10.777559	11.500100	10.000000	11.583252	10.499853	2999
0.250000	0.250000	0.039383	0.095333	0.209807	0.050910	10.000000	10.750594	11.500628	10.000000	11.298624	10.500150	2999
0.250000	0.250000	0.025543	0.119640	0.208770	0.062987	10.000000	10.853230	11.499697	10.000000	11.111207	10.500291	2999
0.250000	0.250000	0.026690	0.125417	0.211350	0.066107	10.000000	10.811742	11.499943	10.000000	13.447591	10.499503	2999
0.250000	0.250000	0.024950	0.122950	0.208990	0.064620	10.000000	10.847840	11.500139	10.000000	11.318613	10.499545	2999
0.250000	0.250000	0.036650	0.106697	0.211460	0.056783	10.000000	10.753677	11.500017	10.000000	13.741452	10.499905	2999
0.250000	0.250000	0.030897	0.107697	0.207297	0.057127	10.000000	10.794551	11.500040	10.000000	11.273961	10.500145	2999
0.250000	0.250000	0.024130	0.126313	0.209953	0.065580	10.000000	10.884122	11.500274	10.000000	11.083870	10.500222	2999
0.250000	0.250000	0.036410	0.106600	0.210920	0.057923	10.000000	10.754622	11.499721	10.000000	13.142415	10.500817	2999
0.250000	0.250000	0.031287	0.109027	0.209143	0.057707	10.000000	10.802130	11.499896	10.000000	11.362760	10.500669	2999
0.250000	0.250000	0.028860	0.114490	0.208693	0.060837	10.000000	10.806037	11.500672	10.000000	11.455729	10.499412	2999
0.250000	0.250000	0.029780	0.114503	0.209447	0.060700	10.000000	10.804859	11.500168	10.000000	11.374324	10.499851	2999
0.250000	0.250000	0.042790	0.092830	0.211807	0.050360	10.000000	10.725557	11.499375	10.000000	11.566114	10.500229	2999
0.250000	0.250000	0.041127	0.093073	0.210967	0.050487	10.000000	10.736656	11.500092	10.000000	11.620202	10.500152	2999
0.250000	0.250000	0.034360	0.103043	0.209403	0.055210	10.000000	10.805871	11.499679	10.000000	11.112575	10.500943	2999
0.250000	0.250000	0.031780	0.108007	0.209160	0.057430	10.000000	10.797814	11.500445	10.000000	11.329495	10.500867	2999
0.250000	0.250000	0.026597	0.119653	0.209280	0.063183	10.000000	10.829199	11.499554	10.000000	11.390429	10.499471	2999
0.250000	0.250000	0.022593	0.127607	0.209080	0.067497	10.000000	10.859475	11.499980	10.000000	11.274736	10.500953	2999
0.250000	0.250000	0.031040	0.107213	0.207537	0.056737	10.000000	10.796219	11.499556	10.000000	11.281887	10.500968	2999
0.250000	0.250000	0.030203	0.109360	0.208623	0.058110	10.000000	10.815218	11.500410	10.000000	11.202975	10.499838	2999
0.250000	0.250000	0.040950	0.093840	0.210367	0.050690	10.000000	10.734596	11.499856	10.000000	11.413143	10.499829	2999
0.250000	0.250000	0.026493	0.122447	0.211030	0.064497	10.000000	10.864464	11.499975	10.000000	11.204421	10.499975	2999
0.250000	0.250000	0.024157	0.124197	0.208650	0.065450	10.000000	10.845058	11.500383	10.000000	11.296194	10.501190	2999
0.250000	0.250000	0.028633	0.118223	0.210890	0.063093	10.000000	10.812572	11.499399	10.000000	11.401015	10.499774	2999
0.250000	0.250000	0.027037	0.125180	0.211597	0.066227	10.000000	10.809279	11.499949	10.000000	14.514108	10.499482	2999
0.250000	0.250000	0.031370	0.115513	0.211243	0.061347	10.000000	10.779544	11.499191	10.000000	13.679252	10.499778	2999
0.250000	0.250000	0.040033	0.092227	0.208200	0.050133	10.000000	10.754162	11.500498	10.000000	11.168885	10.499995	2999
0.250000	0.250000	0.029980	0.112323	0.208553	0.058753	10.000000	10.832855	11.499971	10.000000	11.127127	10.499734	2999
0.250000	0.250000	0.023807	0.125350	0.209320	0.065663	10.000000	10.847120	11.499854	10.000000	11.308329	10.500816	2999
0.250000	0.250000	0.021397	0.131150	0.209160	0.068497	10.000000	10.880716	11.500550	10.000000	11.181464	10.499412	2999
0.250000	0.250000	0.034767	0.100397	0.208593	0.053943	10.000000	10.788038	11.499290	10.000000	11.348821	10.499277	2999
0.250000	0.250000	0.030057	0.110807	0.209483	0.058210	10.000000	10.831602	11.500671	10.000000	11.094322	10.500819	2999
0.250000	0.250000	0.030593	0.112163	0.209320	0.059890	10.000000	10.855674	11.499480	10.000000	11.005152	10.500360	2999
0.250000	0.250000	0.027607	0.116963	0.208860	0.062033	10.000000	10.822405	11.500879	10.000000	11.286661	10.499217	2999
0.250000	0.250000	0.035453	0.099730	0.208473	0.053233	10.000000	10.799900	11.500281	10.000000	11.043492	10.499636	2999
0.250000	0.250000	0.037250	0.099410	0.210130	0.053150	10.000000	10.757578	11.499548	10.000000	11.313693	10.499823	2999
0.250000	0.250000	0.025053	0.121697	0.209073	0.064300	10.000000	10.840430	11.499610	10.000000	11.318664	10.500323	2999
0.250000	0.250000	0.023183	0.125140	0.208527	0.065953	10.000000	10.845121	11.498948	10.000000	11.326999	10.500227	2999
0.250000	0.250000	0.026820	0.116777	0.208893	0.061490	10.000000	10.826553	11.499909	10.000000	11.220974	10.500556	2999
0.250000	0.250000	0.037083	0.107973	0.212650	0.057847	10.000000	10.752903	11.500131	10.000000	14.340989	10.500311	2999
0.250000	0.250000	0.024573	0.126037	0.210660	0.065660	10.000000	10.844595	11.500149	10.000000	11.381838	10.499770	2999
0.250000	0.250000	0.039413	0.097527	0.210403	0.052563	10.000000	10.756773	11.499541	10.000000	11.312181	10.499824	2999
0.250000	0.250000	0.033470	0.104073	0.208783	0.055560	10.000000	10.786647	11.500050	10.000000	11.310071	10.499756	2999
0.250000	0.250000	0.033857	0.105963	0.209927	0.056490	10.000000	10.779812	11.500071	10.000000	11.399507	10.500407	2999
0.250000	0.250000	0.030833	0.108263	0.207977	0.057213	10.000000	10.804755	11.499932	10.000000	11.200849	10.499366	2999
0.250000	0.250000	0.025867	0.119957	0.208920	0.063153	10.000000	10.833409	11.499532	10.000000	11.266287	10.499385	2999
0.250000	0.250000	0.040760	0.094107	0.210457	0.050640	10.000000	10.753115	11.499381	10.000000	11.410782	10.500653	2999
0.250000	0.250000	0.026030	0.123690	0.210143	0.064680	10.000000	10.867937	11.500041	10.000000	11.190583	10.500676	2999
0.250000	0.250000	0.031293	0.112727	0.209880	0.059410	10.000000	10.798557	11.500901	10.000000	11.534216	10.499266	2999
0.250000	0.250000	0.023497	0.128843	0.210313	0.067650	10.000000	10.886691	11.499834	10.000000	11.127526	10.500118	2999
0.250000	0.250000	0.026263	0.118973	0.208567	0.062560	10.000000	10.854649	11.499339	10.000000	11.149263	10.499908	2999
0.250000	0.250000	0.042447	0.091630	0.210380	0.050113	10.000000	10.730179	11.500030	10.000000	11.360031	10.499500	2999
0.250000	0.250000	0.023790	0.124543	0.208690	0.064580	10.000000	10.868029	11.499334	10.000000	11.148217	10.500204	2999
0.250000	0.250000	0.024043	0.125960	0.209343	0.066523	10.000000	10.856882	11.499670	10.000000	11.250369	10.499269	2999
0.250000	0.250000	0.039387	0.094343	0.209810	0.050553	10.000000	10.745882	11.499348	10.000000	11.321208	10.500061	2999
0.250000	0.250000	0.026330	0.119410	0.209173	0.063297	10.000000	10.857727	11.499870	10.000000	11.097559	10.500565	2999
0.250000	0.250000	0.028160	0.112487	0.207603	0.058720	10.000000	10.816366	11.500096	10.000000	11.246398	10.499378	2999
0.250000	0.250000	0.034383	0.101540	0.208157	0.054053	10.000000	10.798174	11.500537	10.000000	11.083938	10.499396	2999
0.250000	0.250000	0.023817	0.124610	0.209163	0.065083	10.000000	10.853652	11.500229	10.000000	11.214683	10.499895	2999
0.250000	0.250000	0.022110	0.128633	0.209313	0.067603	10.000000	10.880386	11.500260	10.000000	11.136233	10.500221	2999
0.250000	0.250000	0.025147	0.129543	0.211137	0.067317	10.000000	10.908298	11.499820	10.000000	11.028894	10.500086	2999
0.250000	0.250000	0.028073	0.118453	0.210230	0.062867	10.000000	10.864663	11.499959	10.000000	11.077566	10.500555	2999
0.250000	0.250000	0.032030	0.107593	0.208820	0.057100	10.000000	10.788156	11.499981	10.000000	11.378976	10.500824	2999
0.250000	0.250000	0.041293	0.092907	0.210280	0.050173	10.000000	10.739378	11.499413	10.000000	11.288793	10.500336	2999
0.250000	0.250000	0.025193	0.121880	0.209187	0.063810	10.000000	10.835377	11.500926	10.000000	11.579970	10.500205	2999
0.250000	0.250000	0.027493	0.121073	0.210117	0.063887	10.000000	10.807667	11.500329	10.000000	11.667026	10.500001	2999
0.250000	0.250000	0.032203	0.106087	0.208483	0.056640	10.000000	10.790098	11.499414	10.000000	11.255080	10.499825	2999
0.250000	0.250000	0.032697	0.108277	0.210980	0.057590	10.000000	10.801104	11.500299	10.000000	11.407034	10.501050	2999
0.250000	0.250000	0.024930	0.119903	0.208580	0.062930	10.000000	10.844913	11.500417	10.000000	11.174443	10.501364	2999
0.250000	0.250000	0.040977	0.093337	0.211053	0.050403	10.000000	10.751893	11.500344	10.000000	11.174247	10.499853	2999
0.250000	0.250000	0.024953	0.128190	0.211657	0.066887	10.000000	10.895677	11.499873	10.000000	11.064523	10.500187	2999
0.250000	0.250000	0.018840	0.144967	0.212623	0.075257	10.000000	10.918824	11.499842	10.000000	11.341256	10.499859	2999
0.250000	0.250000	0.030547	0.111233	0.208907	0.058753	10.000000	10.828617	11.499885	10.000000	11.268717	10.499462	2999
0.250000	0.250000	0.025953	0.127120	0.211510	0.066143	10.000000	10.886958	11.499835	10.000000	11.093651	10.500233	2999
0.250000	0.250000	0.026333	0.124867	0.211480	0.065757	10.000000	10.821573	11.500144	10.000000	11.530019	10.499913	2999
0.250000	0.250000	0.030843	0.107977	0.208117	0.057150	10.000000	10.803154	11.500190	10.000000	11.265113	10.499479	2999
0.250000	0.250000	0.025313	0.121830	0.208963	0.064087	10.000000	10.864023	11.500499	10.000000	11.197613	10.499674	2999
0.250000	0.250000	0.024023	0.128840	0.210200	0.067647	10.000000	10.890165	11.499383	10.000000	11.100039	10.499858	2999
0.250000	0.250000	0.024250	0.126793	0.210153	0.066677	10.000000	10.843181	11.499333	10.000000	11.679374	10.499727	2999
0.250000	0.250000	0.027067	0.119510	0.209493	0.062413	10.000000	10.841866	11.499983	10.000000	11.176233	10.499866	2999
0.250000	0.250000	0.034043	0.103797	0.208093	0.055020	10.000000	10.781502	11.500080	10.000000	11.477608	10.500174	2999
0.250000	0.250000	0.028563	0.115510	0.209307	0.061237	10.000000	10.814330	11.499452	10.000000	11.587893	10.500302	2999
0.250000	0.250000	0.031150	0.110537	0.209187	0.058227	10.000000	10.795041	11.500391	10.000000	11.890131	10.498978	2999
0.250000	0.250000	0.036427	0.108953	0.213590	0.058277	10.000000	10.808090	11.500226	10.000000	11.266031	10.500490	2999
0.250000	0.250000	0.030770	0.116190	0.211477	0.061260	10.000000	10.870730	11.500523	10.000000	10.994744	10.499484	2999
0.250000	0.250000	0.019953	0.140633	0.211783	0.073500	10.000000	10.869828	11.499893	10.000000	11.557934	10.499582	2999
0.250000	0.250000	0.033223	0.104427	0.208830	0.055523	10.000000	10.790165	11.499509	10.000000	11.211344	10.500251	2999
0.250000	0.250000	0.024873	0.122780	0.208797	0.064210	10.000000	10.842575	11.499582	10.000000	11.310665	10.500081	2999
0.250000	0.250000	0.034857	0.100720	0.208333	0.053633	10.000000	10.778285	11.499553	10.000000	11.256509	10.500529	2999
0.250000	0.250000	0.020310	0.143980	0.212730	0.075283	10.000000	10.888912	11.500352	10.000000	11.933728	10.500161	2999
0.250000	0.250000	0.032033	0.104720	0.208153	0.055677	10.000000	10.798332	11.500084	10.000000	11.177520	10.500139	2999
0.250000	0.250000	0.029310	0.111430	0.208710	0.058800	10.000000	10.819793	11.500182	10.000000	11.194925	10.500462	2999
0.250000	0.250000	0.013267	0.039363	0.173157	0.020227	10.000000	10.942769	11.999995	10.000000	11.877737	10.000054	2999
0.250000	0.250000	0.008927	0.048713	0.173977	0.024933	10.000000	11.008124	11.999069	10.000000	11.791629	9.999785	2999
0.250000	0.250000	0.008830	0.050973	0.174153	0.026113	10.000000	11.013557	12.000211	10.000000	12.135437	10.000243	2999
0.250000	0.250000	0.011717	0.040777	0.172773	0.020507	10.000000	10.958274	12.000630	10.000000	12.417261	10.000352	2999
0.250000	0.250000	0.018243	0.033013	0.174827	0.017330	10.000000	10.889720	11.999931	10.000000	11.733074	9.999480	2999
0.250000	0.250000	0.011830	0.043417	0.174083	0.022550	10.000000	10.971494	11.999971	10.000000	11.587614	10.000323	2999
0.250000	0.250000	0.010023	0.045573	0.172570	0.023190	10.000000	10.981283	12.000104	10.000000	12.374505	9.999683	2999
0.250000	0.250000	0.014840	0.035603	0.173340	0.018467	10.000000	10.916287	11.999053	10.000000	12.209624	9.999913	2999
0.250000	0.250000	0.009937	0.046677	0.173477	0.023930	10.000000	10.987975	11.999829	10.000000	13.680215	9.999620	2999
0.250000	0.250000	0.018683	0.031763	0.175217	0.016273	10.000000	10.880286	11.999970	10.000000	11.694919	10.000103	2999
0.250000	0.250000	0.016140	0.037127	0.175003	0.019287	10.000000	10.915785	12.000015	10.000000	12.066729	9.999917	2999
0.250000	0.250000	0.011833	0.042733	0.173427	0.021620	10.000000	10.963484	11.999403	10.000000	11.614005	10.000117	2999
0.250000	0.250000	0.013960	0.038493	0.173880	0.019737	10.000000	10.932829	12.000014	10.000000	12.457240	10.000284	2999
0.250000	0.250000	0.009460	0.047323	0.172443	0.024107	10.000000	10.992269	11.999736	10.000000	12.089306	10.000181	2999
0.250000	0.250000	0.007830	0.054570	0.174833	0.027647	10.000000	11.034547	11.999955	10.000000	12.231282	10.000225	2999
0.250000	0.250000	0.009357	0.047463	0.172983	0.024267	10.000000	10.996363	12.000219	10.000000	12.275917	9.999753	2999
0.250000	0.250000	0.007850	0.053893	0.174600	0.027570	10.000000	11.030702	11.999969	10.000000	12.208197	10.000216	2999
0.250000	0.250000	0.007803	0.055517	0.174523	0.028300	10.000000	11.037162	11.999743	10.000000	15.905826	9.999707	2999
0.250000	0.250000	0.012813	0.042397	0.174490	0.021827	10.000000	10.953266	12.000095	10.000000	15.213966	9.999443	2999
0.250000	0.250000	0.010677	0.044090	0.173223	0.022430	10.000000	10.976505	12.000232	10.000000	12.582514	10.000208	2999
0.250000	0.250000	0.014633	0.043027	0.175950	0.022037	10.000000	10.952602	11.999636	10.000000	11.978119	9.999993	2999
0.250000	0.250000	0.009710	0.047133	0.172973	0.023867	10.000000	10.992734	12.000560	10.000000	12.183968	10.000070	2999
0.250000	0.250000	0.014647	0.037957	0.173947	0.019570	10.000000	10.929664	11.999746	10.000000	11.672877	10.000610	2999
0.250000	0.250000	0.009417	0.047447	0.173167	0.024063	10.000000	10.994820	12.000003	10.000000	13.850804	9.999591	2999
0.250000	0.250000	0.014797	0.040377	0.175377	0.020773	10.000000	10.937346	11.999819	10.000000	12.168414	10.000210	2999
0.250000	0.250000	0.010133	0.046077	0.172897	0.023567	10.000000	10.984827	12.000466	10.000000	13.230498	9.999842	2999
0.250000	0.250000	0.015577	0.036563	0.174313	0.018943	10.000000	10.913014	11.999855	10.000000	12.759376	9.999871	2999
0.250000	0.250000	0.011623	0.043390	0.173907	0.021953	10.000000	10.968568	11.999952	10.000000	11.553328	10.000257	2999
0.250000	0.250000	0.012827	0.039993	0.173550	0.020507	10.000000	10.944106	11.999987	10.000000	12.208704	9.999245	2999
0.250000	0.250000	0.015633	0.034657	0.173803	0.017687	10.000000	10.905799	12.000174	10.000000	16.060696	9.999714	2999
0.250000	0.250000	0.010160	0.045820	0.173370	0.023420	10.000000	10.984969	11.999759	10.000000	12.699079	10.000518	2999
0.250000	0.250000	0.008690	0.051610	0.174183	0.026250	10.000000	11.015925	12.000201	10.000000	12.142698	9.999696	2999
0.250000	0.250000	0.012510	0.040703	0.173493	0.021047	10.000000	10.949326	12.000030	10.000000	12.133190	9.999230	2999
0.250000	0.250000	0.009380	0.047980	0.173843	0.024410	10.000000	10.997768	12.000205	10.000000	11.850793	9.999456	2999
0.250000	0.250000	0.015803	0.035230	0.173570	0.018033	10.000000	10.910799	11.999915	10.000000	11.743467	10.000061	2999
0.250000	0.250000	0.008640	0.052453	0.174887	0.026923	10.000000	11.021362	11.999964	10.000000	12.006971	9.999624	2999
0.250000	0.250000	0.013700	0.037963	0.173053	0.019470	10.000000	10.928588	12.000355	10.000000	15.384105	10.000201	2999
0.250000	0.250000	0.011113	0.045727	0.174297	0.023173	10.000000	10.980625	11.999542	10.000000	11.763422	9.999917	2999
0.250000	0.250000	0.009670	0.046410	0.174110	0.023777	10.000000	10.990917	12.000080	10.000000	13.107459	9.999212	2999
0.250000	0.250000	0.011157	0.045517	0.174090	0.022990	10.000000	10.982123	12.000020	10.000000	11.390722	9.999645	2999
0.250000	0.250000	0.010250	0.046830	0.173673	0.024033	10.000000	10.986780	12.000223	10.000000	12.702852	10.000456	2999
0.250000	0.250000	0.014603	0.037213	0.174080	0.018697	10.000000	10.922775	12.000144	10.000000	13.153393	10.000207	2999
0.250000	0.250000	0.012387	0.041370	0.173643	0.021273	10.000000	10.951909	11.999774	10.000000	12.454520	9.998989	2999
0.250000	0.250000	0.011363	0.042793	0.173293	0.021973	10.000000	10.960560	11.999802	10.000000	13.141674	9.999742	2999
0.250000	0.250000	0.013467	0.038270	0.173120	0.019573	10.000000	10.932378	12.000225	10.000000	13.141154	9.999920	2999
0.250000	0.250000	0.008520	0.049527	0.173380	0.025110	10.000000	11.011180	12.000691	10.000000	12.402285	10.000212	2999
0.250000	0.250000	0.004677	0.075617	0.179927	0.038117	10.000000	11.133088	12.000020	10.000000	12.020392	9.999540	2999
0.250000	0.250000	0.016537	0.034297	0.173500	0.017687	10.000000	10.905115	11.999502	10.000000	11.520714	9.999493	2999
0.250000	0.250000	0.012710	0.040277	0.173783	0.020800	10.000000	10.944802	11.999705	10.000000	15.034695	10.000252	2999
0.250000	0.250000	0.013183	0.040773	0.174000	0.020577	10.000000	10.946257	11.999902	10.000000	12.419036	10.000117	2999
0.250000	0.250000	0.013597	0.038207	0.173280	0.019687	10.000000	10.931171	12.000089	10.000000	13.897058	10.000576	2999
0.250000	0.250000	0.012263	0.041003	0.173503	0.020860	10.000000	10.955291	12.000243	10.000000	12.337064	9.999924	2999
0.250000	0.250000	0.012790	0.039203	0.172573	0.020180	10.000000	10.940504	11.999791	10.000000	12.237905	9.999783	2999
0.250000	0.250000	0.011640	0.040770	0.173227	0.020813	10.000000	10.958887	12.000410	10.000000	12.544655	10.000398	2999
0.250000	0.250000	0.008647	0.050177	0.173380	0.025543	10.000000	11.012283	12.000379	10.000000	13.425017	9.999790	2999
0.250000	0.250000	0.012423	0.043183	0.174073	0.022060	10.000000	10.959122	12.000077	10.000000	11.633670	9.999939	2999
0.250000	0.250000	0.018990	0.037727	0.177160	0.019557	10.000000	10.907815	12.000795	10.000000	12.787403	10.000035	2999
0.250000	0.250000	0.013577	0.038237	0.172910	0.019473	10.000000	10.932875	12.000730	10.000000	13.773672	10.000119	2999
0.250000	0.250000	0.008373	0.053780	0.174493	0.027373	10.000000	11.023226	12.000028	10.000000	13.278838	9.999266	2999
0.250000	0.250000	0.013173	0.041117	0.173890	0.021037	10.000000	10.952795	11.999648	10.000000	11.953023	9.999774	2999
0.250000	0.250000	0.013430	0.039507	0.173523	0.019933	10.000000	10.935836	11.999661	10.000000	12.787949	9.999642	2999
0.250000	0.250000	0.008733	0.054467	0.175100	0.028213	10.000000	11.039216	11.999934	10.000000	11.416718	9.999997	2999
0.250000	0.250000	0.013673	0.039050	0.173250	0.020270	10.000000	10.937498	12.000133	10.000000	13.729652	10.000476	2999
0.250000	0.250000	0.013273	0.038907	0.172663	0.020180	10.000000	10.936452	12.000287	10.000000	12.487472	9.999602	2999
0.250000	0.250000	0.012393	0.041877	0.173770	0.021427	10.000000	10.952006	11.999922	10.000000	14.296211	10.000091	2999
0.250000	0.250000	0.017250	0.032950	0.174840	0.017050	10.000000	10.890651	11.999237	10.000000	12.933209	9.999968	2999
0.250000	0.250000	0.017167	0.034917	0.174310	0.018023	10.000000	10.907602	12.000386	10.000000	11.419501	10.000299	2999
0.250000	0.250000	0.009677	0.047313	0.173857	0.024170	10.000000	10.994936	11.999729	10.000000	11.952031	10.000188	2999
0.250000	0.250000	0.011410	0.042687	0.173457	0.021940	10.000000	10.966445	12.000368	10.000000	11.619381	9.999163	2999
0.250000	0.250000	0.012673	0.041063	0.172877	0.021073	10.000000	10.946177	12.000288	10.000000	12.182248	9.999330	2999
0.250000	0.250000	0.017173	0.033343	0.174453	0.017460	10.000000	10.891706	11.999766	10.000000	12.837694	10.000459	2999
0.250000	0.250000	0.016337	0.036147	0.174967	0.018640	10.000000	10.907882	12.000105	10.000000	12.203575	10.000914	2999
0.250000	0.250000	0.010037	0.045280	0.173003	0.023207	10.000000	10.981647	12.000063	10.000000	13.412590	10.000318	2999
0.250000	0.250000	0.011760	0.044583	0.174950	0.022817	10.000000	10.972874	12.000084	10.000000	11.952637	9.999869	2999
0.250000	0.250000	0.013150	0.042623	0.174270	0.021730	10.000000	10.959400	12.000015	10.000000	11.461982	9.999713	2999
0.250000	0.250000	0.009133	0.051160	0.174377	0.025973	10.000000	11.015377	11.999938	10.000000	11.694845	10.000444	2999
0.250000	0.250000	0.007063	0.057733	0.174860	0.029487	10.000000	11.049605	12.000364	10.000000	12.394386	10.000177	2999
0.250000	0.250000	0.013360	0.039007	0.173140	0.020183	10.000000	10.939060	12.000183	10.000000	12.310943	9.999616	2999
0.250000	0.250000	0.018027	0.032597	0.174980	0.016883	10.000000	10.890935	12.000069	10.000000	12.233919	10.000195	2999
0.250000	0.250000	0.012290	0.042157	0.173530	0.021637	10.000000	10.959225	12.000225	10.000000	12.080057	9.999837	2999
0.250000	0.250000	0.014127	0.037920	0.173397	0.019097	10.000000	10.927680	11.999675	10.000000	13.223910	9.999489	2999
0.250000	0.250000	0.012803	0.040477	0.173907	0.020527	10.000000	10.943697	11.999890	10.000000	15.010210	9.999908	2999
0.250000	0.250000	0.007657	0.053780	0.173813	0.027363	10.000000	11.029422	12.000407	10.000000	13.753952	9.999331	2999
0.250000	0.250000	0.006870	0.057987	0.175003	0.029110	10.000000	11.051051	12.000320	10.000000	14.749022	10.000320	2999
0.250000	0.250000	0.013607	0.038377	0.173213	0.019560	10.000000	10.931567	12.000127	10.000000	13.610890	9.999931	2999
0.250000	0.250000	0.006303	0.061147	0.175780	0.030900	10.000000	11.072650	12.000088	10.000000	12.711331	9.999303	2999
0.250000	0.250000	0.009087	0.049103	0.173637	0.025473	10.000000	11.003113	12.000089	10.000000	13.675944	10.000308	2999
0.250000	0.250000	0.008663	0.049377	0.173500	0.024810	10.000000	11.005502	11.999122	10.000000	15.653256	10.000361	2999
0.250000	0.250000	0.011760	0.042393	0.173607	0.021567	10.000000	10.957546	11.999154	10.000000	14.364138	10.000005	2999
0.250000	0.250000	0.007200	0.058940	0.176353	0.029497	10.000000	11.056440	11.999723	10.000000	11.626660	9.999960	2999
0.250000	0.250000	0.012423	0.040843	0.173453	0.020890	10.000000	10.953357	11.999917	10.000000	12.261892	10.000069	2999
0.250000	0.250000	0.012650	0.043103	0.174530	0.022060	10.000000	10.961069	11.999505	10.000000	12.063844	9.999954	2999
0.250000	0.250000	0.011090	0.045010	0.174547	0.023263	10.000000	10.979021	12.000135	10.000000	12.025249	10.000410	2999
0.250000	0.250000	0.007137	0.057193	0.175030	0.028960	10.000000	11.043985	11.999696	10.000000	12.834724	10.000039	2999
0.250000	0.250000	0.011547	0.042413	0.173100	0.021543	10.000000	10.962797	11.999754	10.000000	12.349668	9.999990	2999
0.250000	0.250000	0.010303	0.049497	0.174293	0.025273	10.000000	11.009139	12.000521	10.000000	11.731521	9.999332	2999
0.250000	0.250000	0.010317	0.045100	0.173487	0.023143	10.000000	10.982000	12.000336	10.000000	12.024434	9.999320	2999
0.250000	0.250000	0.016587	0.032990	0.173610	0.017240	10.000000	10.900658	12.000266	10.000000	11.522799	10.000205	2999
0.250000	0.250000	0.008977	0.051660	0.174563	0.026817	10.000000	11.019850	11.999682	10.000000	11.552805	9.999801	2999
0.250000	0.250000	0.013330	0.038777	0.172897	0.019957	10.000000	10.940769	11.999819	10.000000	11.690949	9.999045	2999
