mut_par_patt	typ1_err	typ2_err	rej_rate	acp_rate	avg_patt	avg_patt_thr	avg_par_patt	end_gen
0.250000	0.295850	0.653993	0.529433	0.425473	10.000000	10.237216	9.847034	2999
0.250000	0.244203	0.711697	0.536010	0.425283	10.000000	10.304479	9.666160	2999
0.250000	0.227793	0.706410	0.533467	0.409460	10.000000	10.327251	9.537687	2999
0.250000	0.255950	0.702307	0.534257	0.429497	10.000000	10.287973	9.580949	2999
0.250000	0.268553	0.694543	0.533610	0.433383	10.000000	10.271228	9.727632	2999
0.250000	0.277867	0.692103	0.534940	0.439730	10.000000	10.259326	9.690660	2999
0.250000	0.257270	0.704170	0.535227	0.430310	10.000000	10.286763	9.651046	2999
0.250000	0.204410	0.712760	0.534170	0.392830	10.000000	10.360317	9.529690	2999
0.250000	0.281233	0.667753	0.529593	0.426167	10.000000	10.253841	9.835319	2999
0.250000	0.250853	0.590890	0.505237	0.357297	10.000000	10.295785	10.096832	2999
0.250000	0.283530	0.669667	0.530530	0.428160	10.000000	10.252784	9.822878	2999
0.250000	0.263840	0.652247	0.523077	0.403207	10.000000	10.277750	9.927908	2999
0.250000	0.216583	0.686867	0.526710	0.389063	10.000000	10.343773	9.443844	2999
0.250000	0.269623	0.678997	0.529587	0.425170	10.000000	10.269948	9.822174	2999
0.250000	0.245777	0.702007	0.533167	0.420057	10.000000	10.300898	9.772967	2999
0.250000	0.269817	0.685257	0.532363	0.427993	10.000000	10.269780	9.521902	2999
0.250000	0.244553	0.685740	0.528747	0.411010	10.000000	10.303138	9.479663	2999
0.250000	0.289017	0.677820	0.533770	0.436527	10.000000	10.245029	9.766060	2999
0.250000	0.282177	0.636390	0.522330	0.406960	10.000000	10.253892	9.936539	2999
0.250000	0.273700	0.679373	0.531547	0.427430	10.000000	10.264430	9.798633	2999
0.250000	0.260533	0.693963	0.532893	0.428080	10.000000	10.282625	9.546640	2999
0.250000	0.286620	0.673847	0.532510	0.432833	10.000000	10.248122	9.788117	2999
0.250000	0.297980	0.654197	0.529413	0.427357	10.000000	10.233109	9.840660	2999
0.250000	0.257120	0.681877	0.530143	0.415653	10.000000	10.284929	9.840949	2999
0.250000	0.243903	0.710837	0.535990	0.424903	10.000000	10.305349	9.702266	2999
0.250000	0.223797	0.716033	0.535683	0.411560	10.000000	10.332455	9.587768	2999
0.250000	0.253480	0.707247	0.535527	0.430653	10.000000	10.290828	9.644300	2999
0.250000	0.270957	0.695370	0.534693	0.437040	10.000000	10.267745	9.681360	2999
0.250000	0.255790	0.702973	0.535067	0.428917	10.000000	10.288853	9.708019	2999
0.250000	0.258100	0.704717	0.535280	0.431627	10.000000	10.285042	9.641635	2999
0.250000	0.241027	0.712030	0.534947	0.424777	10.000000	10.307467	9.682829	2999
0.250000	0.278153	0.649093	0.524407	0.411660	10.000000	10.258938	9.904768	2999
0.250000	0.283440	0.691367	0.535553	0.442080	10.000000	10.252587	9.641827	2999
0.250000	0.275753	0.675923	0.530377	0.426590	10.000000	10.262217	9.812301	2999
0.250000	0.245880	0.696870	0.531427	0.418410	10.000000	10.302208	9.522907	2999
0.250000	0.282963	0.684977	0.535560	0.437023	10.000000	10.252603	9.740900	2999
0.250000	0.247743	0.640617	0.516217	0.384800	10.000000	10.297793	9.990761	2999
0.250000	0.233727	0.711290	0.536623	0.415920	10.000000	10.319290	9.581600	2999
0.250000	0.253827	0.699453	0.534470	0.425863	10.000000	10.291107	9.780213	2999
0.250000	0.237263	0.714487	0.536777	0.422680	10.000000	10.313987	9.649742	2999
0.250000	0.294530	0.620693	0.522147	0.403380	10.000000	10.239647	9.953209	2999
0.250000	0.266747	0.687747	0.532470	0.426673	10.000000	10.272786	9.773732	2999
0.250000	0.235973	0.709903	0.534397	0.417317	10.000000	10.315396	9.567053	2999
0.250000	0.263190	0.672973	0.527600	0.415873	10.000000	10.278304	9.861545	2999
0.250000	0.220947	0.659567	0.518827	0.376767	10.000000	10.337195	9.366535	2999
0.250000	0.260250	0.696797	0.533203	0.428640	10.000000	10.283081	9.751846	2999
0.250000	0.283753	0.676217	0.532213	0.432790	10.000000	10.251663	9.783562	2999
0.250000	0.213423	0.694407	0.528263	0.390167	10.000000	10.347120	9.466807	2999
0.250000	0.264123	0.700500	0.535230	0.434353	10.000000	10.277494	9.687202	2999
0.250000	0.264707	0.699087	0.534910	0.433110	10.000000	10.275955	9.602351	2999
0.250000	0.260027	0.702690	0.534937	0.431560	10.000000	10.282580	9.631705	2999
0.250000	0.241233	0.705563	0.533927	0.419067	10.000000	10.306535	9.780683	2999
0.250000	0.278403	0.671853	0.530270	0.425837	10.000000	10.258282	9.828567	2999
0.250000	0.223777	0.696760	0.530310	0.400147	10.000000	10.332314	9.489652	2999
0.250000	0.234480	0.690913	0.529133	0.406657	10.000000	10.318443	9.483875	2999
0.250000	0.254837	0.701043	0.533503	0.426957	10.000000	10.288561	9.731378	2999
0.250000	0.245290	0.707227	0.534833	0.423303	10.000000	10.301700	9.723091	2999
0.250000	0.265153	0.696090	0.534100	0.432533	10.000000	10.275387	9.725184	2999
0.250000	0.260240	0.692490	0.532187	0.426130	10.000000	10.281049	9.777189	2999
0.250000	0.284737	0.688613	0.535327	0.441293	10.000000	10.251683	9.642491	2999
0.250000	0.258333	0.702803	0.534933	0.432217	10.000000	10.285520	9.602633	2999
0.250000	0.245663	0.708923	0.535043	0.426000	10.000000	10.301961	9.632880	2999
0.250000	0.169370	0.620467	0.501080	0.316487	10.000000	10.421170	9.258284	2999
0.250000	0.296537	0.661847	0.533630	0.430400	10.000000	10.236484	9.816985	2999
0.250000	0.264953	0.690483	0.532713	0.428217	10.000000	10.276200	9.776704	2999
0.250000	0.290807	0.635400	0.524700	0.410417	10.000000	10.242443	9.916916	2999
0.250000	0.263400	0.690703	0.532050	0.428050	10.000000	10.277254	9.778082	2999
0.250000	0.249467	0.708653	0.535070	0.428387	10.000000	10.296023	9.637640	2999
0.250000	0.256900	0.699970	0.534190	0.427167	10.000000	10.285385	9.590337	2999
0.250000	0.248453	0.707510	0.534597	0.427807	10.000000	10.298165	9.671970	2999
0.250000	0.250617	0.703140	0.534837	0.424747	10.000000	10.295591	9.740089	2999
0.250000	0.230167	0.709583	0.534353	0.415150	10.000000	10.323216	9.568967	2999
0.250000	0.230113	0.691103	0.528553	0.402393	10.000000	10.322777	9.881557	2999
0.250000	0.287690	0.687360	0.536140	0.441893	10.000000	10.248383	9.697403	2999
0.250000	0.237103	0.714983	0.536217	0.422703	10.000000	10.311973	9.643374	2999
0.250000	0.256780	0.704660	0.534630	0.430890	10.000000	10.286204	9.641415	2999
0.250000	0.239690	0.703560	0.533083	0.417813	10.000000	10.308082	9.552525	2999
0.250000	0.277733	0.684667	0.533590	0.433987	10.000000	10.259537	9.520466	2999
0.250000	0.236093	0.714540	0.536077	0.420477	10.000000	10.315764	9.701883	2999
0.250000	0.222493	0.720667	0.536733	0.413590	10.000000	10.334432	9.662703	2999
0.250000	0.242747	0.709937	0.535073	0.422700	10.000000	10.306259	9.727206	2999
0.250000	0.247023	0.704760	0.533577	0.424070	10.000000	10.299573	9.750675	2999
0.250000	0.271443	0.688277	0.533570	0.430597	10.000000	10.268194	9.757650	2999
0.250000	0.256400	0.596713	0.506650	0.364713	10.000000	10.287359	10.077276	2999
0.250000	0.249143	0.694327	0.532030	0.418780	10.000000	10.296429	9.810923	2999
0.250000	0.256880	0.701647	0.534207	0.429693	10.000000	10.286887	9.620334	2999
0.250000	0.258963	0.703047	0.534833	0.431860	10.000000	10.284013	9.633501	2999
0.250000	0.259633	0.703137	0.535163	0.432597	10.000000	10.282843	9.658531	2999
0.250000	0.268530	0.698243	0.535407	0.435047	10.000000	10.272140	9.625429	2999
0.250000	0.278157	0.693060	0.535757	0.439533	10.000000	10.258267	9.667549	2999
0.250000	0.241707	0.695510	0.531347	0.412503	10.000000	10.307326	9.509107	2999
0.250000	0.252097	0.703627	0.534990	0.426253	10.000000	10.292644	9.608430	2999
0.250000	0.287673	0.681283	0.535920	0.437457	10.000000	10.247180	9.744648	2999
0.250000	0.268320	0.682310	0.532077	0.424487	10.000000	10.272939	9.496556	2999
0.250000	0.261303	0.698697	0.535160	0.430113	10.000000	10.281819	9.587078	2999
0.250000	0.267590	0.688653	0.532183	0.428687	10.000000	10.271826	9.775468	2999
0.250000	0.221873	0.708947	0.533403	0.406863	10.000000	10.335649	9.539475	2999
0.250000	0.277447	0.694907	0.536133	0.439627	10.000000	10.260769	9.674693	2999
0.250000	0.262003	0.700167	0.535047	0.432197	10.000000	10.280099	9.701567	2999
0.250000	0.253347	0.703573	0.534553	0.427153	10.000000	10.290840	9.626461	2999
0.250000	0.264957	0.700733	0.536143	0.434430	10.000000	10.276169	9.689376	2999
0.250000	0.225503	0.707133	0.533153	0.407570	10.000000	10.330487	9.541093	2999
0.250000	0.282213	0.675833	0.532497	0.431060	10.000000	10.254905	9.805017	2999
0.250000	0.262180	0.695947	0.533617	0.430803	10.000000	10.279753	9.741548	2999
0.250000	0.304743	0.662460	0.535410	0.434987	10.000000	10.226327	9.793096	2999
0.250000	0.269013	0.678647	0.529543	0.424020	10.000000	10.270346	9.824580	2999
0.250000	0.273037	0.696733	0.535360	0.436687	10.000000	10.266417	9.669619	2999
0.250000	0.279720	0.689670	0.535453	0.437890	10.000000	10.257663	9.717373	2999
0.250000	0.286757	0.668553	0.531733	0.429663	10.000000	10.248200	9.812808	2999
0.250000	0.223947	0.717370	0.536527	0.413293	10.000000	10.332723	9.615350	2999
0.250000	0.259107	0.702480	0.534757	0.431633	10.000000	10.283400	9.690311	2999
0.250000	0.248967	0.708543	0.535093	0.427447	10.000000	10.297027	9.715605	2999
0.250000	0.261847	0.610643	0.512047	0.376480	10.000000	10.279088	10.033824	2999
0.250000	0.258307	0.699523	0.534217	0.428593	10.000000	10.285107	9.602938	2999
0.250000	0.251413	0.695317	0.532440	0.422260	10.000000	10.294999	9.801887	2999
0.250000	0.284457	0.682610	0.534200	0.436333	10.000000	10.250701	9.748151	2999
0.250000	0.285530	0.689993	0.536143	0.441833	10.000000	10.250552	9.632197	2999
0.250000	0.263107	0.692130	0.533490	0.427563	10.000000	10.279801	9.776185	2999
0.250000	0.283973	0.689410	0.535170	0.441590	10.000000	10.251991	9.674156	2999
0.250000	0.289890	0.686033	0.536217	0.442220	10.000000	10.243596	9.682419	2999
0.250000	0.268730	0.697167	0.534437	0.434270	10.000000	10.270388	9.650198	2999
0.250000	0.268460	0.698803	0.536287	0.435550	10.000000	10.272062	9.640967	2999
0.250000	0.208153	0.695127	0.529723	0.385787	10.000000	10.357155	9.459224	2999
0.250000	0.259777	0.698180	0.534663	0.430100	10.000000	10.282025	9.745458	2999
0.250000	0.232873	0.716583	0.536210	0.420770	10.000000	10.319175	9.697111	2999
0.250000	0.271157	0.664603	0.528267	0.416280	10.000000	10.268404	9.866378	2999
0.250000	0.279937	0.667787	0.528450	0.424860	10.000000	10.256573	9.832454	2999
0.250000	0.252203	0.706667	0.535583	0.428240	10.000000	10.293488	9.634161	2999
0.250000	0.287943	0.689153	0.535953	0.443837	10.000000	10.246900	9.644544	2999
0.250000	0.280847	0.679313	0.533063	0.432750	10.000000	10.256610	9.784159	2999
0.250000	0.261787	0.687340	0.531370	0.423663	10.000000	10.279592	9.800234	2999
0.250000	0.243277	0.710707	0.534543	0.424710	10.000000	10.305377	9.676723	2999
0.250000	0.256290	0.699647	0.533727	0.428183	10.000000	10.286414	9.571399	2999
0.250000	0.253780	0.704697	0.534873	0.428833	10.000000	10.291276	9.613295	2999
0.250000	0.260660	0.697427	0.534440	0.428667	10.000000	10.281032	9.726483	2999
0.250000	0.223247	0.699817	0.531663	0.401787	10.000000	10.334066	9.499146	2999
0.250000	0.272737	0.676373	0.530873	0.424240	10.000000	10.266209	9.820010	2999
0.250000	0.250770	0.701100	0.534153	0.423007	10.000000	10.295117	9.763079	2999
0.250000	0.242547	0.709907	0.534923	0.422673	10.000000	10.305753	9.730893	2999
0.250000	0.235603	0.713453	0.535413	0.420450	10.000000	10.314623	9.663640	2999
0.250000	0.237367	0.656460	0.518880	0.388630	10.000000	10.312417	9.966553	2999
0.250000	0.279523	0.692400	0.535477	0.440583	10.000000	10.256760	9.648024	2999
0.250000	0.286143	0.682447	0.534153	0.438420	10.000000	10.248467	9.740002	2999
0.250000	0.219657	0.715040	0.535577	0.408030	10.000000	10.338835	9.570383	2999
0.250000	0.292050	0.681573	0.535750	0.442117	10.000000	10.242489	9.719779	2999
0.250000	0.264180	0.699703	0.534777	0.434880	10.000000	10.275810	9.626088	2999
0.250000	0.238157	0.710333	0.535027	0.420147	10.000000	10.312994	9.601898	2999
0.250000	0.287790	0.688687	0.536267	0.443217	10.000000	10.247315	9.686539	2999
0.250000	0.266893	0.699940	0.534690	0.435900	10.000000	10.275060	9.674487	2999
0.250000	0.261607	0.700977	0.535600	0.431577	10.000000	10.280340	9.614880	2999
0.250000	0.269813	0.692710	0.533943	0.432947	10.000000	10.269417	9.734134	2999
0.250000	0.249347	0.708470	0.535373	0.427417	10.000000	10.296441	9.701884	2999
0.250000	0.257587	0.693677	0.532570	0.425477	10.000000	10.288288	9.524272	2999
0.250000	0.245053	0.686960	0.529360	0.410767	10.000000	10.303360	9.476002	2999
0.250000	0.244463	0.699167	0.532533	0.418087	10.000000	10.303943	9.534812	2999
0.250000	0.254500	0.658963	0.522607	0.401447	10.000000	10.288462	9.928103	2999
0.250000	0.258750	0.675177	0.528157	0.414597	10.000000	10.284293	9.866873	2999
0.250000	0.284860	0.623653	0.520433	0.398610	10.000000	10.250020	9.964274	2999
0.250000	0.142113	0.588427	0.488950	0.277277	10.000000	10.475095	9.192323	2999
0.250000	0.257533	0.695150	0.532987	0.424507	10.000000	10.286725	9.771595	2999
0.250000	0.252880	0.707677	0.535837	0.428710	10.000000	10.293217	9.620119	2999
0.250000	0.258853	0.693570	0.531867	0.425433	10.000000	10.283759	9.772936	2999
0.250000	0.274313	0.688317	0.533320	0.433747	10.000000	10.264597	9.752162	2999
0.250000	0.255887	0.700260	0.533310	0.427637	10.000000	10.288034	9.743250	2999
0.250000	0.225113	0.663237	0.519683	0.382820	10.000000	10.332517	9.378836	2999
0.250000	0.284590	0.690540	0.536320	0.441727	10.000000	10.250487	9.669903	2999
0.250000	0.284507	0.689457	0.535433	0.440950	10.000000	10.249932	9.663152	2999
0.250000	0.213423	0.711287	0.533457	0.400160	10.000000	10.349060	9.535216	2999
0.250000	0.261817	0.690413	0.533017	0.424570	10.000000	10.279691	9.784169	2999
0.250000	0.246793	0.709110	0.535770	0.425690	10.000000	10.299641	9.644165	2999
0.250000	0.253630	0.685940	0.530283	0.417360	10.000000	10.290802	9.833293	2999
0.250000	0.261967	0.698023	0.533287	0.431973	10.000000	10.280748	9.595355	2999
0.250000	0.268457	0.684527	0.531350	0.427910	10.000000	10.272622	9.793461	2999
0.250000	0.246730	0.677447	0.527393	0.406417	10.000000	10.301137	9.444554	2999
0.250000	0.280017	0.676507	0.532077	0.429113	10.000000	10.256690	9.802934	2999
0.250000	0.276833	0.681420	0.532007	0.431673	10.000000	10.260395	9.784353	2999
0.250000	0.236090	0.713063	0.535910	0.419943	10.000000	10.316966	9.617232	2999
0.250000	0.242770	0.666050	0.523500	0.397380	10.000000	10.304909	9.930257	2999
0.250000	0.258543	0.692127	0.532577	0.424640	10.000000	10.284713	9.526559	2999
0.250000	0.234650	0.713957	0.535810	0.419247	10.000000	10.317863	9.616663	2999
0.250000	0.247823	0.705727	0.534243	0.424680	10.000000	10.299241	9.589457	2999
0.250000	0.255247	0.702647	0.534367	0.429797	10.000000	10.288695	9.592651	2999
0.250000	0.244943	0.709563	0.535413	0.425083	10.000000	10.301956	9.644497	2999
0.250000	0.300123	0.680110	0.536217	0.446840	10.000000	10.232033	9.688208	2999
0.250000	0.280750	0.663810	0.528243	0.423493	10.000000	10.255356	9.854099	2999
0.250000	0.253170	0.706793	0.535817	0.429700	10.000000	10.290221	9.633281	2999
0.250000	0.279263	0.689923	0.534443	0.438237	10.000000	10.259219	9.577090	2999
0.250000	0.279443	0.689797	0.535367	0.438240	10.000000	10.257690	9.701154	2999
0.250000	0.254527	0.682183	0.529157	0.414717	10.000000	10.288981	9.841408	2999
0.250000	0.281557	0.688180	0.534520	0.439823	10.000000	10.255581	9.704553	2999
0.250000	0.232623	0.698740	0.531247	0.408910	10.000000	10.318876	9.842203	2999
0.250000	0.242247	0.710013	0.534333	0.422100	10.000000	10.305065	9.736213	2999
0.250000	0.265633	0.685943	0.530903	0.427253	10.000000	10.275204	9.799655	2999
0.250000	0.274600	0.696337	0.535883	0.438383	10.000000	10.265422	9.640811	2999
0.250000	0.282233	0.665973	0.529327	0.426253	10.000000	10.252900	9.833667	2999
0.250000	0.242610	0.711843	0.535780	0.424680	10.000000	10.305731	9.663593	2999
0.250000	0.210577	0.720590	0.536160	0.404567	10.000000	10.351883	9.583003	2999
0.250000	0.277160	0.674883	0.531633	0.426470	10.000000	10.259766	9.813332	2999
0.250000	0.242800	0.656253	0.520113	0.392143	10.000000	10.304725	9.957707	2999
0.250000	0.272210	0.695807	0.535957	0.435197	10.000000	10.265401	9.698478	2999
0.250000	0.252033	0.659667	0.522773	0.400003	10.000000	10.292577	9.928067	2999
0.250000	0.256897	0.703210	0.535010	0.431167	10.000000	10.286253	9.691767	2999
0.250000	0.245707	0.709390	0.535250	0.425393	10.000000	10.301978	9.668122	2999
0.250000	0.253843	0.691010	0.531083	0.421117	10.000000	10.291559	9.814233	2999
0.250000	0.274133	0.684690	0.533210	0.430840	10.000000	10.263584	9.770171	2999
0.250000	0.275637	0.694793	0.535027	0.437917	10.000000	10.263266	9.638187	2999
0.250000	0.255007	0.702927	0.534630	0.429597	10.000000	10.289554	9.716240	2999
0.250000	0.236423	0.693887	0.530047	0.409217	10.000000	10.315761	9.492750	2999
0.250000	0.243470	0.712500	0.535650	0.424703	10.000000	10.305033	9.685079	2999
0.250000	0.264957	0.666343	0.526933	0.412893	10.000000	10.275678	9.883506	2999
0.250000	0.243757	0.707667	0.534400	0.423493	10.000000	10.305366	9.584731	2999
0.250000	0.267283	0.698897	0.534737	0.436090	10.000000	10.272885	9.657216	2999
0.250000	0.248430	0.664270	0.523610	0.401410	10.000000	10.297434	9.927809	2999
0.250000	0.248260	0.703753	0.534103	0.424610	10.000000	10.297850	9.582333	2999
0.250000	0.260393	0.700950	0.534573	0.430240	10.000000	10.281797	9.606045	2999
0.250000	0.254250	0.699050	0.533687	0.425757	10.000000	10.290069	9.556916	2999
0.250000	0.196563	0.679217	0.522973	0.370267	10.000000	10.373761	9.401278	2999
0.250000	0.243980	0.699710	0.533047	0.417923	10.000000	10.304876	9.542292	2999
0.250000	0.238170	0.714050	0.535223	0.422740	10.000000	10.312781	9.672383	2999
0.250000	0.277967	0.692707	0.535780	0.439007	10.000000	10.259855	9.605711	2999
0.250000	0.224333	0.702263	0.531827	0.404823	10.000000	10.331999	9.507540	2999
0.250000	0.259957	0.701427	0.534713	0.430577	10.000000	10.284152	9.687858	2999
0.250000	0.222097	0.713747	0.535337	0.409220	10.000000	10.334189	9.573584	2999
0.250000	0.207660	0.697153	0.529130	0.388270	10.000000	10.356141	9.470918	2999
0.250000	0.252477	0.698083	0.533100	0.422990	10.000000	10.293072	9.546263	2999
0.250000	0.262020	0.689423	0.532173	0.425733	10.000000	10.279444	9.780040	2999
0.250000	0.263827	0.700350	0.535510	0.433113	10.000000	10.277416	9.652209	2999
0.250000	0.260007	0.700167	0.534290	0.431090	10.000000	10.281750	9.642444	2999
0.250000	0.224330	0.718593	0.536067	0.414167	10.000000	10.331580	9.640522	2999
0.250000	0.258557	0.703060	0.535517	0.430943	10.000000	10.284543	9.657983	2999
0.250000	0.254317	0.685637	0.529530	0.417153	10.000000	10.289486	9.830108	2999
0.250000	0.247163	0.708200	0.534660	0.426383	10.000000	10.300008	9.709072	2999
0.250000	0.256067	0.700830	0.534920	0.427950	10.000000	10.287493	9.729925	2999
0.250000	0.273713	0.680277	0.531017	0.427337	10.000000	10.264041	9.794082	2999
0.250000	0.265140	0.675393	0.528407	0.418790	10.000000	10.275363	9.841001	2999
0.250000	0.208963	0.648813	0.514983	0.361940	10.000000	10.353821	9.333653	2999
0.250000	0.242703	0.711743	0.535940	0.424467	10.000000	10.307359	9.692762	2999
0.250000	0.248520	0.682013	0.528300	0.410777	10.000000	10.299931	9.462492	2999
0.250000	0.248280	0.706253	0.534787	0.425520	10.000000	10.298013	9.602425	2999
0.250000	0.271070	0.656353	0.524913	0.410860	10.000000	10.267581	9.894848	2999
0.250000	0.156987	0.331963	0.393783	0.163983	10.000000	10.438087	10.693353	2999
0.250000	0.256163	0.701473	0.534363	0.427420	10.000000	10.286711	9.709867	2999
0.250000	0.284313	0.688310	0.535377	0.440060	10.000000	10.251334	9.664924	2999
0.250000	0.280150	0.669187	0.530340	0.425030	10.000000	10.257038	9.834586	2999
0.250000	0.243203	0.684003	0.528220	0.407873	10.000000	10.306899	9.463169	2999
0.250000	0.249170	0.705523	0.534453	0.425423	10.000000	10.297629	9.624638	2999
0.250000	0.260670	0.688953	0.532013	0.424073	10.000000	10.281365	9.798607	2999
0.250000	0.243940	0.702037	0.533173	0.419497	10.000000	10.304385	9.775942	2999
0.250000	0.245387	0.704150	0.534777	0.421320	10.000000	10.300472	9.743994	2999
0.250000	0.236650	0.708287	0.533393	0.416720	10.000000	10.313584	9.572171	2999
0.250000	0.267263	0.698193	0.534450	0.434960	10.000000	10.273135	9.705658	2999
0.250000	0.272783	0.693700	0.535517	0.435080	10.000000	10.266215	9.715046	2999
0.250000	0.298567	0.682193	0.537030	0.446970	10.000000	10.233831	9.662113	2999
0.250000	0.242897	0.702627	0.533240	0.419510	10.000000	10.304917	9.774295	2999
0.250000	0.229257	0.715777	0.535320	0.416997	10.000000	10.324769	9.623635	2999
0.250000	0.258680	0.692753	0.533363	0.425730	10.000000	10.285691	9.531844	2999
0.250000	0.254307	0.706303	0.536037	0.429973	10.000000	10.289226	9.649676	2999
0.250000	0.274513	0.696533	0.535913	0.437770	10.000000	10.264481	9.620027	2999
0.250000	0.262023	0.687477	0.531367	0.424660	10.000000	10.280136	9.508651	2999
0.250000	0.244860	0.709963	0.536080	0.424077	10.000000	10.303159	9.689314	2999
0.250000	0.296333	0.674930	0.536297	0.438527	10.000000	10.236828	9.746562	2999
0.250000	0.271007	0.692143	0.533970	0.434883	10.000000	10.268494	9.572885	2999
0.250000	0.231217	0.693380	0.528897	0.404843	10.000000	10.321575	9.486847	2999
0.250000	0.250773	0.668847	0.525063	0.405160	10.000000	10.293924	9.904356	2999
0.250000	0.265763	0.666253	0.527533	0.413870	10.000000	10.273653	9.878993	2999
0.250000	0.257580	0.704160	0.535377	0.431007	10.000000	10.286045	9.656750	2999
0.250000	0.260757	0.695447	0.532433	0.429127	10.000000	10.282358	9.760506	2999
0.250000	0.264743	0.667740	0.527123	0.413913	10.000000	10.276224	9.872782	2999
0.250000	0.266843	0.693653	0.534353	0.431800	10.000000	10.274196	9.555251	2999
0.250000	0.277610	0.684640	0.533743	0.432993	10.000000	10.259928	9.766981	2999
0.250000	0.257417	0.704020	0.534763	0.430467	10.000000	10.285157	9.648495	2999
0.250000	0.285477	0.608583	0.517037	0.389557	10.000000	10.249512	9.996100	2999
0.250000	0.275717	0.667030	0.528440	0.421033	10.000000	10.262041	9.853769	2999
0.250000	0.230490	0.656537	0.519287	0.382797	10.000000	10.324708	9.369112	2999
0.250000	0.286030	0.674467	0.532873	0.433010	10.000000	10.248909	9.790049	2999
0.250000	0.255387	0.701053	0.533750	0.428167	10.000000	10.287666	9.576247	2999
0.250000	0.283737	0.687657	0.534763	0.439697	10.000000	10.252248	9.708383	2999
0.250000	0.295847	0.673330	0.534023	0.438153	10.000000	10.236989	9.757396	2999
0.250000	0.256877	0.698527	0.534130	0.427613	10.000000	10.286380	9.751625	2999
0.250000	0.209537	0.656347	0.517660	0.365437	10.000000	10.354772	9.353343	2999
0.250000	0.282803	0.670720	0.530547	0.428507	10.000000	10.254316	9.826261	2999
0.250000	0.230697	0.705830	0.533273	0.411480	10.000000	10.323308	9.529451	2999
0.250000	0.255903	0.702377	0.533693	0.429500	10.000000	10.287272	9.602115	2999
0.250000	0.251027	0.706280	0.535600	0.427000	10.000000	10.294701	9.638941	2999
0.250000	0.242477	0.689990	0.528750	0.412317	10.000000	10.307064	9.484718	2999
0.250000	0.246627	0.709740	0.534847	0.427927	10.000000	10.299756	9.658019	2999
0.250000	0.248503	0.682483	0.528617	0.410697	10.000000	10.297720	9.858329	2999
0.250000	0.259113	0.702397	0.535337	0.431450	10.000000	10.283139	9.657677	2999
0.250000	0.237367	0.693950	0.530607	0.410620	10.000000	10.312717	9.497646	2999
0.250000	0.245923	0.704527	0.533860	0.422740	10.000000	10.300552	9.742941	2999
0.250000	0.236790	0.713703	0.536093	0.420523	10.000000	10.313903	9.694663	2999
0.250000	0.258770	0.702800	0.534827	0.431210	10.000000	10.283392	9.657319	2999
0.250000	0.293097	0.666850	0.532210	0.431660	10.000000	10.240326	9.806128	2999
0.250000	0.286607	0.687980	0.535500	0.442143	10.000000	10.249323	9.688086	2999
0.250000	0.288603	0.682380	0.535040	0.439277	10.000000	10.245471	9.727848	2999
0.250000	0.223687	0.667440	0.521297	0.383453	10.000000	10.336090	9.395939	2999
0.250000	0.205833	0.691297	0.527330	0.383597	10.000000	10.359722	9.447718	2999
0.250000	0.244413	0.708873	0.536393	0.423953	10.000000	10.303450	9.684452	2999
0.250000	0.287580	0.664943	0.530907	0.426927	10.000000	10.247353	9.827669	2999
0.250000	0.257897	0.703817	0.535100	0.431820	10.000000	10.284675	9.685069	2999
0.250000	0.277007	0.656303	0.526280	0.414970	10.000000	10.260965	9.886569	2999
0.250000	0.252467	0.702137	0.534033	0.426300	10.000000	10.292660	9.736008	2999
0.250000	0.255100	0.632813	0.516527	0.385837	10.000000	10.287781	9.996076	2999
0.250000	0.256687	0.692403	0.531550	0.424063	10.000000	10.286800	9.794345	2999
0.250000	0.238170	0.702570	0.532210	0.415857	10.000000	10.311440	9.541345	2999
0.250000	0.243767	0.688857	0.530497	0.410550	10.000000	10.306398	9.483853	2999
0.250000	0.260533	0.685793	0.531283	0.422443	10.000000	10.281292	9.813058	2999
0.250000	0.249673	0.698367	0.533183	0.420943	10.000000	10.296705	9.787697	2999
0.250000	0.295227	0.684637	0.536893	0.445253	10.000000	10.238891	9.683440	2999
0.250000	0.271893	0.695780	0.534877	0.436710	10.000000	10.267622	9.701600	2999
0.250000	0.275650	0.691563	0.534613	0.436507	10.000000	10.262381	9.703587	2999
0.250000	0.259937	0.692330	0.532327	0.426020	10.000000	10.283854	9.532857	2999
0.250000	0.264203	0.695173	0.534350	0.430467	10.000000	10.277148	9.565153	2999
0.250000	0.275177	0.689890	0.534630	0.434557	10.000000	10.263687	9.556705	2999
0.250000	0.269197	0.642110	0.521513	0.400773	10.000000	10.269990	9.939623	2999
0.250000	0.275163	0.694167	0.535323	0.436963	10.000000	10.263275	9.640035	2999
0.250000	0.256680	0.697340	0.533433	0.426790	10.000000	10.287249	9.760892	2999
0.250000	0.245867	0.710253	0.535900	0.426233	10.000000	10.302127	9.668129	2999
0.250000	0.273857	0.694833	0.535067	0.437223	10.000000	10.263719	9.651334	2999
0.250000	0.277990	0.692070	0.535633	0.438213	10.000000	10.260003	9.694896	2999
0.250000	0.261523	0.681207	0.529200	0.419707	10.000000	10.281243	9.478468	2999
0.250000	0.291193	0.687220	0.536353	0.444933	10.000000	10.243186	9.625249	2999
0.250000	0.268307	0.697140	0.535323	0.434877	10.000000	10.272987	9.679200	2999
0.250000	0.255263	0.699623	0.532600	0.426553	10.000000	10.288765	9.750112	2999
0.250000	0.244823	0.710753	0.535243	0.426123	10.000000	10.302196	9.680186	2999
0.250000	0.240687	0.710643	0.535057	0.422197	10.000000	10.309404	9.606109	2999
0.250000	0.259467	0.699447	0.533933	0.430763	10.000000	10.283357	9.573811	2999
0.250000	0.260397	0.694310	0.533533	0.427630	10.000000	10.281838	9.762603	2999
0.250000	0.227397	0.713950	0.534480	0.413337	10.000000	10.328370	9.579237	2999
0.250000	0.273397	0.690037	0.533620	0.433700	10.000000	10.265881	9.742614	2999
0.250000	0.264730	0.692943	0.533620	0.430330	10.000000	10.276739	9.754828	2999
0.250000	0.265197	0.699080	0.534873	0.434080	10.000000	10.276334	9.717049	2999
0.250000	0.263870	0.694710	0.534303	0.429940	10.000000	10.277365	9.733135	2999
0.250000	0.239230	0.702317	0.532680	0.416063	10.000000	10.309108	9.801667	2999
0.250000	0.255520	0.698613	0.534407	0.426360	10.000000	10.287815	9.741842	2999
0.250000	0.268020	0.657640	0.524140	0.410643	10.000000	10.271622	9.905191	2999
0.250000	0.272003	0.687647	0.532977	0.431787	10.000000	10.266815	9.771399	2999
0.250000	0.273380	0.686723	0.532730	0.431383	10.000000	10.265184	9.762362	2999
0.250000	0.261697	0.698083	0.534023	0.431323	10.000000	10.280080	9.726422	2999
0.250000	0.265740	0.700310	0.534633	0.434530	10.000000	10.276350	9.683118	2999
0.250000	0.276183	0.691500	0.534683	0.436517	10.000000	10.262511	9.717796	2999
0.250000	0.257880	0.703087	0.535157	0.430733	10.000000	10.286281	9.633802	2999
0.250000	0.274297	0.677423	0.530833	0.427483	10.000000	10.263605	9.804547	2999
0.250000	0.241817	0.703820	0.533530	0.418483	10.000000	10.307804	9.562876	2999
0.250000	0.252783	0.700490	0.533597	0.425157	10.000000	10.292897	9.755208	2999
0.250000	0.282953	0.650677	0.525173	0.416830	10.000000	10.252227	9.887013	2999
0.250000	0.276487	0.673590	0.530500	0.426450	10.000000	10.261267	9.819246	2999
0.250000	0.232593	0.666270	0.522947	0.388097	10.000000	10.323380	9.395814	2999
0.250000	0.258873	0.703273	0.535673	0.431060	10.000000	10.283870	9.645764	2999
0.250000	0.264320	0.599670	0.509473	0.370923	10.000000	10.276517	10.054133	2999
0.250000	0.256997	0.700857	0.534283	0.428930	10.000000	10.285711	9.589448	2999
0.250000	0.230140	0.717723	0.536993	0.417693	10.000000	10.323380	9.658730	2999
0.250000	0.232327	0.704003	0.533590	0.411847	10.000000	10.320004	9.530682	2999
0.250000	0.254913	0.706710	0.536160	0.430280	10.000000	10.290892	9.646284	2999
0.250000	0.277967	0.692727	0.535560	0.437790	10.000000	10.260675	9.644744	2999
0.250000	0.271583	0.689213	0.533850	0.432703	10.000000	10.267694	9.754910	2999
0.250000	0.283523	0.652173	0.526227	0.416883	10.000000	10.253249	9.887689	2999
0.250000	0.220430	0.724293	0.537480	0.414640	10.000000	10.336567	9.666859	2999
0.250000	0.252887	0.699587	0.532520	0.424777	10.000000	10.291278	9.765134	2999
0.250000	0.240613	0.711303	0.535617	0.421350	10.000000	10.307655	9.711930	2999
0.250000	0.278880	0.685393	0.533280	0.434500	10.000000	10.257478	9.751715	2999
0.250000	0.231107	0.715227	0.535733	0.417110	10.000000	10.321470	9.694548	2999
0.250000	0.255417	0.701123	0.533457	0.427493	10.000000	10.289542	9.743698	2999
0.250000	0.241030	0.702610	0.532923	0.419180	10.000000	10.308170	9.543393	2999
0.250000	0.212000	0.724407	0.538833	0.407383	10.000000	10.349702	9.627951	2999
0.250000	0.251147	0.695207	0.531927	0.421843	10.000000	10.296374	9.518071	2999
0.250000	0.237997	0.710103	0.534577	0.420077	10.000000	10.311488	9.587365	2999
0.250000	0.274870	0.693563	0.534693	0.437980	10.000000	10.263134	9.678361	2999
0.250000	0.244560	0.699827	0.533523	0.418043	10.000000	10.304130	9.796251	2999
0.250000	0.261310	0.696277	0.534017	0.429073	10.000000	10.281000	9.753478	2999
0.250000	0.265797	0.696463	0.534107	0.432503	10.000000	10.274661	9.710112	2999
0.250000	0.263767	0.698653	0.534500	0.433167	10.000000	10.277017	9.681552	2999
0.250000	0.288727	0.680397	0.535157	0.438003	10.000000	10.247172	9.753347	2999
0.250000	0.275767	0.689943	0.534033	0.436280	10.000000	10.262081	9.727422	2999
0.250000	0.239673	0.713013	0.535367	0.423160	10.000000	10.309471	9.709105	2999
0.250000	0.271873	0.685643	0.532263	0.431083	10.000000	10.266921	9.764942	2999
0.250000	0.266447	0.699680	0.535330	0.434590	10.000000	10.275454	9.633035	2999
0.250000	0.252103	0.688023	0.530847	0.416763	10.000000	10.293170	9.826531	2999
0.250000	0.232000	0.712417	0.535790	0.417027	10.000000	10.321366	9.593943	2999
0.250000	0.241887	0.707777	0.534760	0.421010	10.000000	10.306889	9.582259	2999
0.250000	0.224493	0.684520	0.527100	0.393487	10.000000	10.330480	9.444320	2999
0.250000	0.279643	0.633497	0.520913	0.402397	10.000000	10.256711	9.946763	2999
0.250000	0.217777	0.705847	0.532110	0.401047	10.000000	10.341087	9.516428	2999
0.250000	0.221483	0.688743	0.527633	0.393200	10.000000	10.335381	9.461773	2999
0.250000	0.264127	0.700950	0.536733	0.432903	10.000000	10.276589	9.680657	2999
0.250000	0.248683	0.707467	0.534987	0.425830	10.000000	10.297453	9.698506	2999
0.250000	0.255477	0.683973	0.529957	0.416427	10.000000	10.287354	9.835286	2999
0.250000	0.291003	0.687567	0.536307	0.444453	10.000000	10.243989	9.636162	2999
0.250000	0.288260	0.687407	0.535920	0.442937	10.000000	10.245289	9.655342	2999
0.250000	0.279553	0.640957	0.522810	0.406933	10.000000	10.256267	9.923517	2999
0.250000	0.251757	0.536133	0.489483	0.325237	10.000000	10.293048	10.198675	2999
0.250000	0.253800	0.695943	0.532620	0.423440	10.000000	10.289713	9.777101	2999
0.250000	0.293763	0.683297	0.535790	0.444577	10.000000	10.239846	9.677369	2999
0.250000	0.272357	0.695430	0.535380	0.436120	10.000000	10.265759	9.674347	2999
0.250000	0.243130	0.711647	0.535920	0.425373	10.000000	10.305541	9.661370	2999
0.250000	0.274387	0.658043	0.526367	0.414610	10.000000	10.263564	9.886979	2999
0.250000	0.289323	0.655413	0.529787	0.421943	10.000000	10.245520	9.864523	2999
0.250000	0.274447	0.690020	0.533673	0.434913	10.000000	10.265731	9.553310	2999
0.250000	0.259063	0.704443	0.535570	0.433497	10.000000	10.283762	9.670721	2999
0.250000	0.217453	0.690040	0.527740	0.391710	10.000000	10.341949	9.453811	2999
0.250000	0.259443	0.688953	0.531517	0.424060	10.000000	10.282054	9.800065	2999
0.250000	0.221827	0.709463	0.534733	0.405600	10.000000	10.334092	9.544643	2999
0.250000	0.245723	0.694233	0.531870	0.414963	10.000000	10.300573	9.818874	2999
0.250000	0.244917	0.702150	0.533500	0.421583	10.000000	10.303777	9.550112	2999
0.250000	0.291907	0.681490	0.535357	0.440963	10.000000	10.242000	9.728783	2999
0.250000	0.282097	0.693633	0.536463	0.442140	10.000000	10.256026	9.639239	2999
0.250000	0.289400	0.684147	0.535770	0.441077	10.000000	10.245763	9.562085	2999
0.250000	0.240747	0.712947	0.535910	0.424320	10.000000	10.308414	9.677042	2999
0.250000	0.272733	0.679633	0.530537	0.427950	10.000000	10.266657	9.807390	2999
0.250000	0.243033	0.702010	0.533027	0.418997	10.000000	10.305427	9.776440	2999
0.250000	0.257133	0.698827	0.533100	0.427803	10.000000	10.286502	9.746185	2999
0.250000	0.287313	0.661353	0.529927	0.425030	10.000000	10.247257	9.842741	2999
0.250000	0.232433	0.696357	0.530320	0.407687	10.000000	10.321915	9.499311	2999
0.250000	0.290957	0.686587	0.536770	0.443537	10.000000	10.243496	9.596125	2999
0.250000	0.273123	0.681917	0.530330	0.429407	10.000000	10.265104	9.792622	2999
0.250000	0.242477	0.709753	0.535237	0.423223	10.000000	10.305381	9.710410	2999
0.250000	0.274940	0.691337	0.534307	0.435947	10.000000	10.263154	9.716656	2999
0.250000	0.250233	0.708273	0.535597	0.428057	10.000000	10.296260	9.647533	2999
0.250000	0.272370	0.696707	0.535323	0.437840	10.000000	10.266718	9.674885	2999
0.250000	0.234060	0.680570	0.526267	0.399660	10.000000	10.318437	9.433493	2999
0.250000	0.242503	0.677840	0.525953	0.403170	10.000000	10.305924	9.440738	2999
0.250000	0.234070	0.709057	0.534423	0.415327	10.000000	10.316912	9.772856	2999
0.250000	0.256880	0.702443	0.533927	0.431160	10.000000	10.285779	9.614919	2999
0.250000	0.265970	0.697510	0.533543	0.434650	10.000000	10.274478	9.701765	2999
0.250000	0.246577	0.707920	0.534717	0.425430	10.000000	10.300508	9.708359	2999
0.250000	0.266947	0.697227	0.535323	0.434257	10.000000	10.272825	9.704993	2999
0.250000	0.222123	0.709810	0.534313	0.406407	10.000000	10.336257	9.538371	2999
0.250000	0.256003	0.700027	0.534387	0.426970	10.000000	10.287856	9.740782	2999
0.250000	0.253497	0.696017	0.531907	0.424253	10.000000	10.291188	9.782168	2999
0.250000	0.260467	0.702337	0.534927	0.432120	10.000000	10.282672	9.642838	2999
0.250000	0.266803	0.698660	0.534483	0.435000	10.000000	10.274379	9.707888	2999
0.250000	0.277853	0.692620	0.535063	0.439567	10.000000	10.260620	9.706068	2999
0.250000	0.262073	0.701240	0.534443	0.433167	10.000000	10.279946	9.627383	2999
0.250000	0.258713	0.697420	0.533997	0.429077	10.000000	10.283730	9.746274	2999
0.250000	0.245667	0.685960	0.528540	0.411540	10.000000	10.301357	9.471752	2999
0.250000	0.266737	0.698780	0.534263	0.435570	10.000000	10.272968	9.609410	2999
0.250000	0.286810	0.688017	0.535783	0.443440	10.000000	10.248159	9.684379	2999
0.250000	0.241643	0.713303	0.536550	0.424850	10.000000	10.307612	9.672926	2999
0.250000	0.264513	0.700843	0.534687	0.434983	10.000000	10.276373	9.653571	2999
0.250000	0.282387	0.687270	0.533920	0.439720	10.000000	10.254421	9.732953	2999
0.250000	0.240920	0.710843	0.536000	0.421427	10.000000	10.308232	9.653460	2999
0.250000	0.257730	0.701857	0.535163	0.430177	10.000000	10.284698	9.608577	2999
0.250000	0.257810	0.703053	0.534787	0.430907	10.000000	10.285718	9.705910	2999
0.250000	0.260977	0.690987	0.531660	0.425900	10.000000	10.280824	9.787639	2999
0.250000	0.214843	0.725723	0.537817	0.409890	10.000000	10.345370	9.660176	2999
0.250000	0.251387	0.706067	0.534600	0.427937	10.000000	10.294431	9.696821	2999
0.250000	0.237943	0.682607	0.526513	0.403697	10.000000	10.314160	9.450514	2999
0.250000	0.239167	0.704457	0.533283	0.416490	10.000000	10.310970	9.551098	2999
0.250000	0.190717	0.670463	0.520090	0.358390	10.000000	10.384227	9.379312	2999
0.250000	0.288510	0.638983	0.524857	0.411693	10.000000	10.245354	9.908276	2999
0.250000	0.265893	0.663860	0.526630	0.412063	10.000000	10.273587	9.882945	2999
0.250000	0.251697	0.663890	0.523177	0.402683	10.000000	10.293548	9.921809	2999
0.250000	0.255457	0.706503	0.535633	0.430860	10.000000	10.288481	9.661695	2999
0.250000	0.269377	0.696940	0.535657	0.434320	10.000000	10.270168	9.702958	2999
0.250000	0.274813	0.653913	0.525837	0.411637	10.000000	10.264789	9.902652	2999
0.250000	0.243077	0.705317	0.533877	0.421653	10.000000	10.305711	9.566178	2999
0.250000	0.243857	0.711370	0.535487	0.425377	10.000000	10.304597	9.640761	2999
0.250000	0.273047	0.690720	0.534630	0.434350	10.000000	10.265384	9.754842	2999
0.250000	0.266080	0.699843	0.535213	0.434980	10.000000	10.275942	9.641101	2999
0.250000	0.240037	0.713083	0.535190	0.425027	10.000000	10.311347	9.668680	2999
0.250000	0.283330	0.690550	0.536083	0.439140	10.000000	10.253559	9.657983	2999
0.250000	0.245347	0.705683	0.533570	0.423773	10.000000	10.303942	9.572304	2999
0.250000	0.251887	0.704240	0.534473	0.427813	10.000000	10.293174	9.715860	2999
0.250000	0.268283	0.698597	0.535747	0.436733	10.000000	10.272567	9.651610	2999
0.250000	0.235793	0.694437	0.529967	0.408973	10.000000	10.314014	9.849939	2999
0.250000	0.264357	0.659440	0.525407	0.407903	10.000000	10.276281	9.898577	2999
0.250000	0.279650	0.687780	0.534220	0.437423	10.000000	10.257257	9.557473	2999
0.250000	0.276603	0.694143	0.535573	0.438503	10.000000	10.260960	9.628492	2999
0.250000	0.221280	0.718653	0.535970	0.410470	10.000000	10.337004	9.597409	2999
0.250000	0.270187	0.697303	0.535447	0.437247	10.000000	10.268150	9.626683	2999
0.250000	0.224697	0.698373	0.530443	0.401423	10.000000	10.331049	9.495733	2999
0.250000	0.290097	0.687523	0.537217	0.442360	10.000000	10.244730	9.676004	2999
0.250000	0.279663	0.661400	0.528250	0.420697	10.000000	10.256586	9.863386	2999
0.250000	0.267390	0.682797	0.531257	0.424863	10.000000	10.273558	9.804181	2999
0.250000	0.253947	0.705803	0.535520	0.429343	10.000000	10.290705	9.672200	2999
0.250000	0.221200	0.719333	0.537693	0.410143	10.000000	10.335664	9.618813	2999
0.250000	0.286957	0.689500	0.535307	0.443270	10.000000	10.246986	9.680292	2999
0.250000	0.300387	0.669863	0.534997	0.438523	10.000000	10.232558	9.770995	2999
0.250000	0.254307	0.657763	0.523253	0.400193	10.000000	10.289410	9.931751	2999
0.250000	0.263033	0.697717	0.534553	0.432053	10.000000	10.276901	9.728507	2999
0.250000	0.267880	0.693380	0.533943	0.432150	10.000000	10.272278	9.734122	2999
0.250000	0.268817	0.696117	0.534437	0.434987	10.000000	10.271267	9.590603	2999
0.250000	0.250410	0.699300	0.533230	0.423260	10.000000	10.294145	9.770465	2999
0.250000	0.270037	0.687943	0.532770	0.430360	10.000000	10.269861	9.534270	2999
0.250000	0.249093	0.567673	0.497050	0.342113	10.000000	10.296789	10.147027	2999
0.250000	0.260220	0.695023	0.532637	0.428013	10.000000	10.281569	9.759858	2999
0.250000	0.258063	0.703223	0.535413	0.431497	10.000000	10.285962	9.658673	2999
0.250000	0.242513	0.712937	0.536757	0.424557	10.000000	10.305362	9.656959	2999
0.250000	0.228560	0.715197	0.535663	0.414510	10.000000	10.324796	9.745730	2999
0.250000	0.243070	0.708427	0.535197	0.422637	10.000000	10.305207	9.741716	2999
0.250000	0.277453	0.689520	0.533957	0.436740	10.000000	10.259262	9.726914	2999
0.250000	0.252007	0.707683	0.535607	0.430400	10.000000	10.292813	9.645962	2999
0.250000	0.266477	0.699830	0.535097	0.434663	10.000000	10.275562	9.678603	2999
0.250000	0.282803	0.690447	0.535120	0.441637	10.000000	10.252965	9.594851	2999
0.250000	0.277647	0.671090	0.530157	0.423197	10.000000	10.259024	9.826835	2999
0.250000	0.262733	0.693077	0.532623	0.428393	10.000000	10.279763	9.777589	2999
0.250000	0.229813	0.718737	0.536137	0.417877	10.000000	10.322986	9.669409	2999
0.250000	0.280723	0.681700	0.533690	0.434647	10.000000	10.256141	9.768817	2999
0.250000	0.233363	0.681920	0.525700	0.401070	10.000000	10.317828	9.903089	2999
0.250000	0.271500	0.695570	0.535017	0.435620	10.000000	10.267536	9.591489	2999
