mut_par_size	mut_par_patt	typ1_err	typ2_err	rej_rate	acp_rate	avg_size	avg_size_thr	avg_par_size	avg_patt	avg_patt_thr	avg_par_patt	end_gen
0.250000	0.250000	0.006597	0.067383	0.161657	0.050463	10.000000	11.997509	9.999412	10.000000	11.083351	12.000664	2999
0.250000	0.250000	0.003670	0.091560	0.162363	0.068513	10.000000	11.885195	10.000457	10.000000	11.190541	11.999292	2999
0.250000	0.250000	0.005007	0.081563	0.161683	0.061183	10.000000	11.859583	10.000170	10.000000	11.162000	12.000778	2999
0.250000	0.250000	0.006210	0.065900	0.161760	0.049900	10.000000	12.096627	10.000211	10.000000	11.085944	12.000185	2999
0.250000	0.250000	0.002887	0.090603	0.161493	0.068170	10.000000	14.780716	10.000163	10.000000	11.191887	11.999741	2999
0.250000	0.250000	0.003957	0.085183	0.161603	0.064043	10.000000	11.627741	9.999530	10.000000	11.168235	12.000144	2999
0.250000	0.250000	0.002347	0.113440	0.163283	0.085240	10.000000	12.262174	9.999098	10.000000	11.271346	12.000434	2999
0.250000	0.250000	0.006057	0.071483	0.161970	0.053773	10.000000	12.649200	9.999020	10.000000	11.096602	11.999850	2999
0.250000	0.250000	0.004340	0.077407	0.161277	0.057760	10.000000	12.218138	10.000024	10.000000	11.134803	12.000372	2999
0.250000	0.250000	0.010387	0.050753	0.163030	0.038500	10.000000	12.258974	9.999643	10.000000	10.994623	12.000026	2999
0.250000	0.250000	0.004147	0.075857	0.160807	0.056943	10.000000	13.720902	9.999727	10.000000	11.135168	12.000148	2999
0.250000	0.250000	0.004207	0.082793	0.161020	0.062077	10.000000	11.728691	10.000193	10.000000	11.155618	11.999543	2999
0.250000	0.250000	0.007277	0.064020	0.161030	0.048053	10.000000	11.792256	9.999857	10.000000	11.066053	11.999366	2999
0.250000	0.250000	0.007003	0.058503	0.161417	0.044067	10.000000	13.890055	9.999831	10.000000	11.048471	12.000484	2999
0.250000	0.250000	0.008177	0.053283	0.161557	0.040137	10.000000	13.957264	9.999686	10.000000	11.022323	11.999682	2999
0.250000	0.250000	0.006223	0.063800	0.161087	0.047730	10.000000	11.970697	9.999887	10.000000	11.076440	11.999659	2999
0.250000	0.250000	0.010343	0.046710	0.162857	0.035220	10.000000	12.854628	10.000308	10.000000	10.982936	12.000702	2999
0.250000	0.250000	0.007997	0.072243	0.163657	0.054100	10.000000	12.496473	9.999740	10.000000	11.085553	11.999568	2999
0.250000	0.250000	0.006683	0.065060	0.161367	0.049007	10.000000	11.743748	10.000252	10.000000	11.073541	11.999633	2999
0.250000	0.250000	0.003117	0.110860	0.163553	0.083257	10.000000	11.660603	10.000110	10.000000	11.264447	12.000273	2999
0.250000	0.250000	0.002907	0.093177	0.161160	0.070253	10.000000	12.425218	10.000406	10.000000	11.200059	11.999688	2999
0.250000	0.250000	0.003853	0.079930	0.160810	0.059923	10.000000	11.897417	9.999773	10.000000	11.147212	12.000804	2999
0.250000	0.250000	0.007550	0.060147	0.161967	0.045027	10.000000	11.756948	9.999948	10.000000	11.046202	11.999047	2999
0.250000	0.250000	0.005597	0.065977	0.160830	0.049453	10.000000	13.371436	10.000204	10.000000	11.092132	11.999911	2999
0.250000	0.250000	0.004543	0.074843	0.160440	0.056177	10.000000	11.981541	9.999647	10.000000	11.127332	11.999413	2999
0.250000	0.250000	0.009403	0.050457	0.162737	0.038097	10.000000	12.943232	10.000371	10.000000	10.997146	12.000129	2999
0.250000	0.250000	0.003290	0.083553	0.161313	0.062807	10.000000	14.376171	9.999697	10.000000	11.167571	12.000202	2999
0.250000	0.250000	0.007113	0.058653	0.160657	0.044107	10.000000	11.857689	10.000073	10.000000	11.052366	11.999305	2999
0.250000	0.250000	0.005470	0.067020	0.160823	0.050480	10.000000	11.873886	10.000409	10.000000	11.098795	11.999668	2999
0.250000	0.250000	0.003953	0.077040	0.160967	0.057533	10.000000	14.129695	9.999501	10.000000	11.141592	12.000163	2999
0.250000	0.250000	0.003063	0.089723	0.161480	0.067710	10.000000	13.356399	10.000650	10.000000	11.187001	11.999704	2999
0.250000	0.250000	0.005093	0.068033	0.160227	0.050903	10.000000	13.715775	10.000674	10.000000	11.098042	11.999446	2999
0.250000	0.250000	0.004970	0.068663	0.159843	0.051487	10.000000	14.452445	10.000713	10.000000	11.101951	12.000245	2999
0.250000	0.250000	0.003283	0.089140	0.161257	0.066763	10.000000	13.771413	10.000530	10.000000	11.183833	11.999782	2999
0.250000	0.250000	0.006593	0.073763	0.161647	0.055713	10.000000	11.391424	10.000455	10.000000	11.124718	11.999665	2999
0.250000	0.250000	0.008323	0.052087	0.161180	0.038667	10.000000	13.567269	10.000436	10.000000	11.015584	11.999799	2999
0.250000	0.250000	0.008350	0.056017	0.161840	0.041977	10.000000	12.002070	10.000239	10.000000	11.027922	11.999864	2999
0.250000	0.250000	0.004717	0.067813	0.160313	0.050923	10.000000	13.836301	9.999509	10.000000	11.101061	11.999908	2999
0.250000	0.250000	0.007723	0.059630	0.162157	0.044733	10.000000	11.933870	10.000456	10.000000	11.061538	11.999922	2999
0.250000	0.250000	0.004083	0.077313	0.161047	0.058133	10.000000	14.080490	9.999661	10.000000	11.135690	11.999754	2999
0.250000	0.250000	0.003403	0.085423	0.160897	0.063860	10.000000	12.299369	10.000400	10.000000	11.173887	11.999938	2999
0.250000	0.250000	0.004780	0.072513	0.161383	0.054550	10.000000	12.005038	9.999264	10.000000	11.116002	12.000686	2999
0.250000	0.250000	0.005740	0.070187	0.160467	0.052753	10.000000	12.429295	10.000556	10.000000	11.093154	12.000368	2999
0.250000	0.250000	0.004807	0.075590	0.161020	0.056600	10.000000	11.754289	10.000012	10.000000	11.127456	11.999793	2999
0.250000	0.250000	0.004863	0.075470	0.161370	0.057030	10.000000	13.496674	10.000272	10.000000	11.121099	11.999704	2999
0.250000	0.250000	0.007343	0.059263	0.161083	0.044480	10.000000	13.366783	9.999638	10.000000	11.049181	11.999940	2999
0.250000	0.250000	0.007380	0.058773	0.161760	0.044030	10.000000	12.598378	9.999726	10.000000	11.047296	11.999691	2999
0.250000	0.250000	0.006130	0.070380	0.162010	0.052503	10.000000	13.604004	9.999999	10.000000	11.098148	11.999931	2999
0.250000	0.250000	0.008083	0.054340	0.161070	0.040843	10.000000	12.287370	10.000160	10.000000	11.027695	11.999501	2999
0.250000	0.250000	0.004540	0.079343	0.161567	0.059557	10.000000	11.837912	10.000264	10.000000	11.149976	11.999602	2999
0.250000	0.250000	0.010400	0.056517	0.163740	0.042403	10.000000	12.102594	10.000153	10.000000	11.009851	11.999721	2999
0.250000	0.250000	0.006923	0.058823	0.161447	0.044250	10.000000	12.784215	10.000320	10.000000	11.055658	11.999703	2999
0.250000	0.250000	0.010623	0.044453	0.162907	0.033280	10.000000	12.870417	10.000324	10.000000	10.973880	11.999692	2999
0.250000	0.250000	0.005083	0.068110	0.160047	0.051187	10.000000	13.728930	9.999475	10.000000	11.099776	12.000263	2999
0.250000	0.250000	0.005533	0.067307	0.161700	0.050527	10.000000	12.358851	10.000237	10.000000	11.095456	12.000299	2999
0.250000	0.250000	0.004797	0.073847	0.161330	0.055613	10.000000	12.408062	10.000674	10.000000	11.122991	12.000653	2999
0.250000	0.250000	0.005380	0.074347	0.161540	0.055587	10.000000	14.837556	9.999454	10.000000	11.110719	11.999657	2999
0.250000	0.250000	0.003903	0.083270	0.161110	0.062833	10.000000	12.086619	10.000431	10.000000	11.162872	12.000137	2999
0.250000	0.250000	0.004650	0.072810	0.160820	0.054743	10.000000	12.419149	9.999788	10.000000	11.121241	12.000291	2999
0.250000	0.250000	0.005040	0.076263	0.160867	0.057093	10.000000	13.973484	10.000435	10.000000	11.120234	11.999687	2999
0.250000	0.250000	0.006553	0.067847	0.161980	0.051310	10.000000	12.209233	10.000417	10.000000	11.085939	12.000003	2999
0.250000	0.250000	0.006407	0.060237	0.161653	0.045567	10.000000	12.568910	10.000178	10.000000	11.063478	11.999936	2999
0.250000	0.250000	0.003457	0.100790	0.162510	0.075473	10.000000	11.677704	10.000573	10.000000	11.221426	11.999302	2999
0.250000	0.250000	0.006487	0.067160	0.160453	0.050383	10.000000	12.632482	9.999011	10.000000	11.095156	11.999550	2999
0.250000	0.250000	0.004990	0.071360	0.160357	0.053813	10.000000	12.891248	9.999850	10.000000	11.109487	11.999829	2999
0.250000	0.250000	0.005743	0.065607	0.160950	0.049537	10.000000	11.521496	9.999223	10.000000	11.096063	12.000962	2999
0.250000	0.250000	0.004950	0.080640	0.162023	0.060653	10.000000	12.796797	9.999785	10.000000	11.138814	11.999479	2999
0.250000	0.250000	0.003400	0.087663	0.161313	0.066143	10.000000	11.948129	9.999943	10.000000	11.185786	11.999433	2999
0.250000	0.250000	0.003543	0.081080	0.160810	0.060807	10.000000	13.656655	10.000227	10.000000	11.156224	12.000148	2999
0.250000	0.250000	0.004807	0.070490	0.160540	0.052737	10.000000	13.045186	9.999177	10.000000	11.108208	12.000173	2999
0.250000	0.250000	0.012447	0.043760	0.164653	0.032857	10.000000	11.725067	9.999756	10.000000	10.964264	12.000118	2999
0.250000	0.250000	0.003130	0.087677	0.161593	0.066123	10.000000	12.619645	10.000195	10.000000	11.181719	12.000793	2999
0.250000	0.250000	0.004750	0.091897	0.162993	0.069313	10.000000	11.906515	10.000117	10.000000	11.174522	12.000285	2999
0.250000	0.250000	0.004270	0.082233	0.160983	0.061823	10.000000	14.502080	9.999889	10.000000	11.152358	11.999638	2999
0.250000	0.250000	0.006377	0.062953	0.160970	0.047240	10.000000	12.270245	9.999741	10.000000	11.069808	11.999950	2999
0.250000	0.250000	0.004790	0.069077	0.160440	0.052023	10.000000	12.520155	10.000015	10.000000	11.104323	12.000257	2999
0.250000	0.250000	0.006943	0.058783	0.161667	0.044333	10.000000	11.900432	9.999639	10.000000	11.051758	11.999645	2999
0.250000	0.250000	0.005207	0.069663	0.161410	0.052450	10.000000	12.011636	10.000196	10.000000	11.104515	12.000247	2999
0.250000	0.250000	0.003447	0.087677	0.161697	0.066170	10.000000	12.288436	9.999766	10.000000	11.178104	12.000251	2999
0.250000	0.250000	0.005853	0.067597	0.160890	0.050783	10.000000	14.266797	10.000219	10.000000	11.087989	11.999719	2999
0.250000	0.250000	0.006053	0.062983	0.160693	0.047157	10.000000	13.618094	10.000426	10.000000	11.069725	11.999769	2999
0.250000	0.250000	0.004717	0.076290	0.161533	0.057430	10.000000	12.306164	9.999867	10.000000	11.128330	12.000016	2999
0.250000	0.250000	0.003233	0.097597	0.162430	0.073810	10.000000	13.687259	10.000234	10.000000	11.208503	12.000197	2999
0.250000	0.250000	0.003743	0.080623	0.160810	0.060493	10.000000	13.745563	9.999515	10.000000	11.154795	12.000173	2999
0.250000	0.250000	0.004477	0.088080	0.162270	0.066093	10.000000	12.491497	10.000057	10.000000	11.168179	11.999699	2999
0.250000	0.250000	0.002590	0.094843	0.161550	0.071483	10.000000	13.634527	9.999947	10.000000	11.204788	11.999901	2999
0.250000	0.250000	0.007023	0.063353	0.161460	0.047383	10.000000	11.698518	9.999358	10.000000	11.080389	12.001003	2999
0.250000	0.250000	0.003800	0.084540	0.161030	0.063303	10.000000	11.776422	10.000633	10.000000	11.169358	11.999396	2999
0.250000	0.250000	0.005057	0.068583	0.160950	0.051933	10.000000	12.477467	9.999914	10.000000	11.102046	12.000413	2999
0.250000	0.250000	0.002767	0.099793	0.161890	0.075027	10.000000	12.640116	9.999762	10.000000	11.210769	12.000620	2999
0.250000	0.250000	0.005143	0.069493	0.160720	0.052290	10.000000	13.767035	10.000170	10.000000	11.099468	12.000382	2999
0.250000	0.250000	0.006237	0.072337	0.162347	0.053913	10.000000	12.761781	9.999553	10.000000	11.104426	11.999969	2999
0.250000	0.250000	0.008180	0.056777	0.161710	0.042450	10.000000	12.886313	9.999923	10.000000	11.033421	11.999402	2999
0.250000	0.250000	0.004717	0.079950	0.161320	0.060387	10.000000	14.002631	10.000316	10.000000	11.139615	11.999511	2999
0.250000	0.250000	0.003290	0.101950	0.162457	0.076613	10.000000	11.734053	10.000616	10.000000	11.225930	11.999973	2999
0.250000	0.250000	0.004850	0.074693	0.161047	0.056323	10.000000	12.275352	9.999720	10.000000	11.121454	11.999537	2999
0.250000	0.250000	0.004617	0.083260	0.161720	0.062300	10.000000	11.684000	10.000242	10.000000	11.159108	12.000041	2999
0.250000	0.250000	0.005103	0.076513	0.161523	0.057547	10.000000	11.668464	9.999774	10.000000	11.131418	11.999760	2999
0.250000	0.250000	0.004533	0.077663	0.161413	0.058047	10.000000	13.591466	9.999686	10.000000	11.133169	12.000242	2999
0.250000	0.250000	0.009440	0.049367	0.161690	0.037277	10.000000	13.416901	10.001159	10.000000	10.997030	11.999130	2999
0.250000	0.250000	0.012303	0.179013	0.176577	0.134573	10.000000	11.810513	10.500008	10.000000	10.976032	11.499933	2999
0.250000	0.250000	0.009103	0.205627	0.177223	0.154713	10.000000	12.081607	10.500399	10.000000	11.024592	11.499379	2999
0.250000	0.250000	0.008180	0.215173	0.177720	0.161917	10.000000	11.357931	10.499798	10.000000	11.069620	11.500090	2999
0.250000	0.250000	0.010067	0.192343	0.175900	0.144717	10.000000	11.416191	10.498892	10.000000	11.008380	11.499415	2999
0.250000	0.250000	0.006453	0.238267	0.178830	0.179463	10.000000	12.547273	10.500085	10.000000	11.075833	11.499759	2999
0.250000	0.250000	0.009637	0.201700	0.176813	0.151627	10.000000	11.874318	10.499665	10.000000	11.021319	11.500682	2999
0.250000	0.250000	0.014790	0.172867	0.178063	0.130390	10.000000	13.578620	10.500343	10.000000	10.928985	11.500175	2999
0.250000	0.250000	0.020703	0.143270	0.178790	0.108637	10.000000	11.805646	10.499991	10.000000	10.862973	11.499818	2999
0.250000	0.250000	0.018813	0.149660	0.178020	0.112757	10.000000	11.425281	10.500226	10.000000	10.899105	11.500010	2999
0.250000	0.250000	0.013043	0.176643	0.176793	0.133203	10.000000	11.767121	10.500413	10.000000	10.955921	11.500331	2999
0.250000	0.250000	0.010883	0.184050	0.175600	0.138277	10.000000	11.569240	10.499470	10.000000	10.981741	11.499917	2999
0.250000	0.250000	0.011560	0.190943	0.177713	0.143987	10.000000	13.595072	10.500711	10.000000	10.969943	11.500065	2999
0.250000	0.250000	0.008457	0.212980	0.177483	0.160173	10.000000	12.682585	10.499879	10.000000	11.022816	11.500253	2999
0.250000	0.250000	0.011393	0.182200	0.176113	0.136687	10.000000	11.545097	10.500357	10.000000	10.978586	11.500190	2999
0.250000	0.250000	0.011960	0.196223	0.178213	0.147153	10.000000	11.553134	10.499330	10.000000	11.024667	11.499841	2999
0.250000	0.250000	0.007827	0.247873	0.180003	0.187000	10.000000	12.115825	10.499834	10.000000	11.150822	11.500439	2999
0.250000	0.250000	0.012060	0.184743	0.176733	0.139250	10.000000	12.903694	10.499560	10.000000	10.958419	11.500269	2999
0.250000	0.250000	0.012483	0.180013	0.176927	0.135483	10.000000	11.759232	10.500389	10.000000	10.956638	11.500243	2999
0.250000	0.250000	0.008460	0.213140	0.177797	0.160203	10.000000	13.277624	10.500098	10.000000	11.021504	11.499893	2999
0.250000	0.250000	0.007207	0.222960	0.177033	0.167937	10.000000	11.550150	10.500405	10.000000	11.062776	11.499881	2999
0.250000	0.250000	0.011530	0.186250	0.176980	0.140480	10.000000	12.494872	10.499896	10.000000	10.964903	11.499603	2999
0.250000	0.250000	0.007347	0.222037	0.177860	0.167210	10.000000	11.943196	10.499520	10.000000	11.048238	11.500133	2999
0.250000	0.250000	0.012330	0.183807	0.177577	0.138830	10.000000	12.229820	10.500035	10.000000	10.957714	11.499617	2999
0.250000	0.250000	0.012407	0.183767	0.177360	0.138120	10.000000	13.633710	10.500395	10.000000	10.955323	11.500036	2999
0.250000	0.250000	0.009960	0.204890	0.178220	0.154043	10.000000	11.993941	10.499722	10.000000	11.022876	11.499553	2999
0.250000	0.250000	0.008360	0.211243	0.177067	0.158623	10.000000	12.702837	10.499860	10.000000	11.020976	11.499775	2999
0.250000	0.250000	0.008223	0.208677	0.177410	0.157243	10.000000	11.622722	10.500558	10.000000	11.031147	11.499655	2999
0.250000	0.250000	0.014313	0.165223	0.176710	0.124683	10.000000	11.484434	10.500062	10.000000	10.938202	11.499524	2999
0.250000	0.250000	0.009777	0.198133	0.177600	0.149117	10.000000	12.122580	10.499705	10.000000	10.997787	11.500725	2999
0.250000	0.250000	0.016450	0.159973	0.177667	0.120697	10.000000	11.436311	10.499511	10.000000	10.929786	11.499121	2999
0.250000	0.250000	0.013770	0.165687	0.176773	0.125107	10.000000	11.336581	10.500017	10.000000	10.953249	11.500505	2999
0.250000	0.250000	0.008477	0.210743	0.177193	0.158633	10.000000	11.823651	10.499868	10.000000	11.030794	11.499554	2999
0.250000	0.250000	0.011473	0.179750	0.176243	0.135047	10.000000	11.506003	10.499791	10.000000	10.970562	11.500820	2999
0.250000	0.250000	0.007003	0.223453	0.177543	0.169067	10.000000	11.892920	10.500226	10.000000	11.059220	11.500008	2999
0.250000	0.250000	0.011567	0.184580	0.176750	0.139300	10.000000	13.931266	10.500061	10.000000	10.959809	11.499358	2999
0.250000	0.250000	0.011220	0.186367	0.176780	0.140187	10.000000	11.786669	10.500495	10.000000	10.996576	11.499663	2999
0.250000	0.250000	0.011397	0.201780	0.178553	0.151923	10.000000	12.296184	10.501396	10.000000	11.024305	11.500669	2999
0.250000	0.250000	0.006837	0.225610	0.177260	0.169317	10.000000	12.409031	10.500220	10.000000	11.047222	11.499853	2999
0.250000	0.250000	0.009337	0.200847	0.177180	0.151107	10.000000	12.785295	10.500604	10.000000	10.997861	11.500522	2999
0.250000	0.250000	0.011770	0.183403	0.177253	0.138113	10.000000	11.761043	10.499146	10.000000	10.965871	11.498902	2999
0.250000	0.250000	0.012997	0.181493	0.177590	0.136770	10.000000	12.083150	10.500578	10.000000	10.978577	11.500056	2999
0.250000	0.250000	0.009310	0.201313	0.177153	0.150983	10.000000	11.934689	10.499671	10.000000	11.004352	11.499902	2999
0.250000	0.250000	0.014953	0.169720	0.177733	0.127690	10.000000	12.436401	10.500256	10.000000	10.929553	11.500363	2999
0.250000	0.250000	0.011473	0.188753	0.177383	0.142337	10.000000	11.965262	10.498762	10.000000	10.977380	11.499891	2999
0.250000	0.250000	0.009667	0.208870	0.177780	0.157440	10.000000	11.232572	10.499866	10.000000	11.077173	11.500476	2999
0.250000	0.250000	0.012353	0.178920	0.177703	0.135227	10.000000	11.747967	10.500440	10.000000	10.955555	11.500111	2999
0.250000	0.250000	0.007880	0.215973	0.177323	0.162553	10.000000	11.852205	10.499797	10.000000	11.046041	11.499889	2999
0.250000	0.250000	0.010363	0.195393	0.176857	0.147130	10.000000	12.196678	10.500038	10.000000	10.985786	11.499672	2999
0.250000	0.250000	0.010577	0.191663	0.176703	0.144213	10.000000	12.913082	10.499528	10.000000	10.984930	11.500479	2999
0.250000	0.250000	0.005723	0.244553	0.178263	0.182920	10.000000	12.325097	10.499940	10.000000	11.092158	11.500411	2999
0.250000	0.250000	0.012583	0.181173	0.177160	0.136587	10.000000	11.799307	10.500670	10.000000	10.967482	11.499984	2999
0.250000	0.250000	0.016330	0.163047	0.177950	0.123500	10.000000	12.382449	10.499808	10.000000	10.912454	11.499765	2999
0.250000	0.250000	0.011983	0.182387	0.176803	0.137310	10.000000	12.168769	10.500112	10.000000	10.965903	11.499475	2999
0.250000	0.250000	0.013350	0.174543	0.177160	0.131297	10.000000	12.773328	10.499961	10.000000	10.937303	11.499235	2999
0.250000	0.250000	0.011290	0.185463	0.176573	0.139857	10.000000	14.867405	10.499386	10.000000	10.961910	11.500201	2999
0.250000	0.250000	0.012127	0.189300	0.177587	0.142677	10.000000	12.635376	10.499822	10.000000	10.972423	11.500189	2999
0.250000	0.250000	0.012407	0.190307	0.177757	0.143150	10.000000	13.869257	10.499845	10.000000	10.964717	11.499701	2999
0.250000	0.250000	0.006020	0.239037	0.178013	0.179743	10.000000	12.688865	10.500030	10.000000	11.079913	11.500515	2999
0.250000	0.250000	0.011427	0.185913	0.176823	0.139713	10.000000	12.120752	10.500030	10.000000	10.981888	11.500814	2999
0.250000	0.250000	0.008373	0.207610	0.177000	0.156630	10.000000	11.604497	10.500075	10.000000	11.030202	11.499983	2999
0.250000	0.250000	0.007933	0.221817	0.178203	0.166757	10.000000	11.698797	10.500587	10.000000	11.079709	11.499541	2999
0.250000	0.250000	0.010660	0.188163	0.176710	0.141780	10.000000	11.473601	10.500269	10.000000	10.995143	11.499415	2999
0.250000	0.250000	0.015263	0.161757	0.177380	0.122150	10.000000	11.555254	10.499805	10.000000	10.929699	11.500433	2999
0.250000	0.250000	0.015633	0.172447	0.178380	0.130080	10.000000	12.161231	10.499815	10.000000	10.932672	11.500197	2999
0.250000	0.250000	0.011683	0.191390	0.178007	0.143723	10.000000	12.120986	10.499569	10.000000	10.983536	11.500679	2999
0.250000	0.250000	0.010970	0.190163	0.176863	0.142727	10.000000	11.757669	10.500544	10.000000	10.995376	11.500317	2999
0.250000	0.250000	0.010743	0.192447	0.176960	0.145027	10.000000	11.559166	10.499891	10.000000	11.008620	11.500240	2999
0.250000	0.250000	0.010350	0.195700	0.177493	0.147657	10.000000	12.055329	10.500378	10.000000	10.991734	11.499646	2999
0.250000	0.250000	0.004733	0.265393	0.180487	0.199897	10.000000	12.089530	10.500106	10.000000	11.141152	11.500058	2999
0.250000	0.250000	0.012273	0.181287	0.176580	0.136700	10.000000	11.878406	10.500013	10.000000	10.966412	11.500298	2999
0.250000	0.250000	0.006580	0.230623	0.178533	0.172803	10.000000	12.516649	10.500238	10.000000	11.057149	11.500726	2999
0.250000	0.250000	0.016777	0.166103	0.178273	0.124827	10.000000	11.213195	10.500573	10.000000	10.965688	11.500070	2999
0.250000	0.250000	0.017370	0.151940	0.177787	0.114787	10.000000	11.970257	10.500526	10.000000	10.897109	11.499880	2999
0.250000	0.250000	0.010587	0.193487	0.177143	0.145720	10.000000	14.061609	10.499903	10.000000	10.981817	11.501010	2999
0.250000	0.250000	0.010990	0.183590	0.176703	0.138480	10.000000	11.794079	10.500179	10.000000	10.977793	11.499873	2999
0.250000	0.250000	0.014267	0.170467	0.178090	0.128717	10.000000	12.175106	10.500564	10.000000	10.930077	11.500454	2999
0.250000	0.250000	0.007543	0.224623	0.177743	0.169570	10.000000	14.578600	10.499339	10.000000	11.041791	11.500797	2999
0.250000	0.250000	0.013190	0.173423	0.177217	0.130803	10.000000	12.406551	10.499394	10.000000	10.941769	11.500457	2999
0.250000	0.250000	0.007897	0.211977	0.176807	0.159077	10.000000	11.853089	10.499458	10.000000	11.033992	11.500107	2999
0.250000	0.250000	0.005480	0.247803	0.178753	0.185960	10.000000	12.441572	10.500414	10.000000	11.088901	11.500207	2999
0.250000	0.250000	0.009040	0.211790	0.177770	0.159077	10.000000	13.188224	10.498944	10.000000	11.018553	11.500472	2999
0.250000	0.250000	0.010567	0.189350	0.176433	0.142850	10.000000	11.531390	10.499818	10.000000	10.993767	11.500419	2999
0.250000	0.250000	0.012030	0.186993	0.177737	0.140933	10.000000	13.129605	10.499824	10.000000	10.964455	11.499867	2999
0.250000	0.250000	0.017367	0.155870	0.178100	0.117920	10.000000	13.336877	10.499688	10.000000	10.892223	11.499880	2999
0.250000	0.250000	0.017910	0.157800	0.178400	0.119257	10.000000	11.676279	10.499804	10.000000	10.909095	11.499044	2999
0.250000	0.250000	0.011313	0.192740	0.177683	0.145197	10.000000	11.678559	10.500189	10.000000	11.026988	11.500182	2999
0.250000	0.250000	0.008310	0.211550	0.177653	0.159123	10.000000	11.666747	10.499882	10.000000	11.031409	11.499817	2999
0.250000	0.250000	0.008293	0.208133	0.176503	0.155770	10.000000	11.526939	10.499992	10.000000	11.051223	11.499919	2999
0.250000	0.250000	0.014747	0.166253	0.177857	0.125237	10.000000	11.442313	10.499944	10.000000	10.950645	11.499868	2999
0.250000	0.250000	0.015440	0.162697	0.177530	0.122503	10.000000	11.750927	10.500151	10.000000	10.916316	11.500375	2999
0.250000	0.250000	0.011767	0.184320	0.177163	0.138553	10.000000	12.156298	10.499906	10.000000	10.970764	11.499524	2999
0.250000	0.250000	0.008763	0.217170	0.178047	0.163247	10.000000	13.105385	10.499212	10.000000	11.026244	11.500195	2999
0.250000	0.250000	0.013973	0.177580	0.178027	0.133743	10.000000	13.509268	10.499964	10.000000	10.941296	11.499527	2999
0.250000	0.250000	0.008513	0.211207	0.178170	0.159033	10.000000	12.725013	10.499624	10.000000	11.022341	11.500331	2999
0.250000	0.250000	0.008937	0.199100	0.176697	0.149753	10.000000	11.644453	10.499533	10.000000	11.022719	11.499905	2999
0.250000	0.250000	0.008443	0.222433	0.178500	0.167840	10.000000	11.405740	10.500786	10.000000	11.091600	11.499904	2999
0.250000	0.250000	0.010887	0.184587	0.176987	0.139433	10.000000	11.834158	10.499575	10.000000	10.975516	11.500249	2999
0.250000	0.250000	0.010340	0.196843	0.176700	0.148523	10.000000	12.681742	10.500267	10.000000	10.997185	11.500411	2999
0.250000	0.250000	0.009217	0.202053	0.176640	0.152463	10.000000	11.435790	10.499474	10.000000	11.029815	11.500899	2999
0.250000	0.250000	0.011883	0.180110	0.176797	0.135397	10.000000	12.170397	10.500374	10.000000	10.967744	11.499991	2999
0.250000	0.250000	0.010467	0.327217	0.190233	0.246283	10.000000	11.051741	10.999660	10.000000	11.191270	11.000493	2999
0.250000	0.250000	0.016737	0.261637	0.187713	0.197547	10.000000	11.003379	11.000055	10.000000	11.041394	11.000085	2999
0.250000	0.250000	0.014280	0.282240	0.188820	0.213033	10.000000	11.080446	10.999860	10.000000	11.042083	11.000063	2999
0.250000	0.250000	0.016717	0.271873	0.189253	0.205277	10.000000	11.059786	10.999811	10.000000	11.018052	11.000561	2999
0.250000	0.250000	0.010200	0.323900	0.189447	0.244003	10.000000	11.052808	10.999997	10.000000	11.188229	11.000887	2999
0.250000	0.250000	0.012377	0.302223	0.189520	0.228540	10.000000	11.136849	10.999890	10.000000	11.054249	11.000046	2999
0.250000	0.250000	0.016330	0.289297	0.189760	0.218637	10.000000	10.954026	10.999656	10.000000	11.191768	11.000229	2999
0.250000	0.250000	0.020833	0.255950	0.190667	0.192763	10.000000	10.916230	11.000028	10.000000	11.119287	10.999931	2999
0.250000	0.250000	0.012730	0.298420	0.188643	0.224090	10.000000	11.043382	10.999735	10.000000	11.115502	10.999758	2999
0.250000	0.250000	0.017227	0.287067	0.190317	0.216797	10.000000	11.232183	10.999214	10.000000	10.918252	10.999264	2999
0.250000	0.250000	0.017170	0.262863	0.188683	0.198317	10.000000	11.026781	11.000315	10.000000	11.025313	11.000922	2999
0.250000	0.250000	0.008420	0.346720	0.190257	0.260530	10.000000	11.144175	11.000241	10.000000	11.142145	10.999922	2999
0.250000	0.250000	0.011780	0.314770	0.189583	0.237303	10.000000	11.045422	11.000136	10.000000	11.178866	10.999629	2999
0.250000	0.250000	0.014980	0.282067	0.188187	0.212653	10.000000	10.975316	10.999077	10.000000	11.132938	10.999423	2999
0.250000	0.250000	0.012053	0.301420	0.188370	0.226967	10.000000	11.124790	10.999366	10.000000	11.039211	10.999101	2999
0.250000	0.250000	0.012533	0.291577	0.188430	0.219997	10.000000	11.057095	10.999427	10.000000	11.072605	11.000475	2999
0.250000	0.250000	0.018880	0.298640	0.193040	0.225887	10.000000	11.278155	10.998991	10.000000	10.923384	11.000622	2999
0.250000	0.250000	0.015510	0.276807	0.188673	0.209237	10.000000	10.976395	11.000439	10.000000	11.119040	11.000974	2999
0.250000	0.250000	0.010923	0.315540	0.189317	0.237563	10.000000	11.114903	11.000048	10.000000	11.079928	11.000944	2999
0.250000	0.250000	0.012047	0.307353	0.189927	0.231873	10.000000	11.051257	11.000090	10.000000	11.125150	11.000005	2999
0.250000	0.250000	0.012883	0.295663	0.188223	0.223270	10.000000	11.104777	10.999820	10.000000	11.046165	10.999455	2999
0.250000	0.250000	0.017180	0.258897	0.188583	0.195153	10.000000	11.005887	11.000181	10.000000	11.034483	10.999630	2999
0.250000	0.250000	0.024453	0.257263	0.193047	0.194180	10.000000	10.874295	11.000132	10.000000	11.206113	11.001170	2999
0.250000	0.250000	0.017690	0.276017	0.189920	0.207983	10.000000	11.033508	11.000207	10.000000	11.061429	10.999717	2999
0.250000	0.250000	0.016353	0.268983	0.187807	0.202720	10.000000	11.076991	11.000561	10.000000	11.002527	10.999674	2999
0.250000	0.250000	0.011743	0.300380	0.187513	0.226053	10.000000	11.113528	11.000015	10.000000	11.039226	10.998880	2999
0.250000	0.250000	0.025947	0.213733	0.189523	0.162067	10.000000	10.958539	11.000122	10.000000	10.928945	10.999487	2999
0.250000	0.250000	0.011480	0.305110	0.188883	0.229873	10.000000	11.089930	11.000348	10.000000	11.075777	11.000177	2999
0.250000	0.250000	0.013577	0.307603	0.190277	0.231483	10.000000	11.071288	11.000090	10.000000	11.114474	11.000927	2999
0.250000	0.250000	0.026120	0.210097	0.189603	0.159263	10.000000	10.947925	10.999691	10.000000	10.934747	11.000226	2999
0.250000	0.250000	0.016167	0.275297	0.189027	0.207340	10.000000	10.948962	10.999699	10.000000	11.146430	10.999543	2999
0.250000	0.250000	0.011077	0.309207	0.188490	0.232787	10.000000	11.130303	10.999881	10.000000	11.050987	10.999893	2999
0.250000	0.250000	0.010407	0.329217	0.189503	0.248047	10.000000	11.184915	11.000255	10.000000	11.058064	10.999670	2999
0.250000	0.250000	0.025387	0.220250	0.190520	0.166620	10.000000	10.938744	10.999557	10.000000	10.973944	10.999915	2999
0.250000	0.250000	0.012800	0.297373	0.188583	0.224187	10.000000	11.048969	11.000048	10.000000	11.093839	11.000922	2999
0.250000	0.250000	0.018093	0.267603	0.189907	0.201977	10.000000	11.141935	10.999203	10.000000	10.930619	11.000163	2999
0.250000	0.250000	0.012627	0.290583	0.187873	0.219123	10.000000	11.077082	10.999522	10.000000	11.050905	10.999604	2999
0.250000	0.250000	0.016510	0.263730	0.188817	0.198010	10.000000	11.064477	11.001149	10.000000	10.987486	11.000153	2999
0.250000	0.250000	0.015587	0.270357	0.188077	0.204473	10.000000	11.021468	10.999978	10.000000	11.049014	11.000139	2999
0.250000	0.250000	0.019113	0.281450	0.191540	0.211890	10.000000	11.217132	10.999888	10.000000	10.913207	11.000437	2999
0.250000	0.250000	0.019640	0.261320	0.190607	0.197850	10.000000	11.128722	10.998960	10.000000	10.924690	11.000157	2999
0.250000	0.250000	0.012240	0.299997	0.188300	0.226000	10.000000	11.089384	11.000548	10.000000	11.060676	11.000375	2999
0.250000	0.250000	0.018870	0.273870	0.190530	0.207170	10.000000	10.942139	11.000353	10.000000	11.162658	11.000218	2999
0.250000	0.250000	0.014143	0.279220	0.187953	0.210400	10.000000	11.022747	11.000189	10.000000	11.070348	11.000340	2999
0.250000	0.250000	0.017310	0.262693	0.188007	0.198407	10.000000	10.994443	11.000209	10.000000	11.059643	11.000274	2999
0.250000	0.250000	0.016380	0.267827	0.187980	0.202417	10.000000	11.065910	11.000621	10.000000	11.001196	11.000502	2999
0.250000	0.250000	0.020393	0.253400	0.189683	0.191600	10.000000	11.028529	11.000947	10.000000	10.998332	11.000386	2999
0.250000	0.250000	0.012537	0.297497	0.188703	0.224347	10.000000	11.094481	11.000044	10.000000	11.053176	11.000002	2999
0.250000	0.250000	0.020887	0.242410	0.189007	0.182787	10.000000	10.943224	10.999776	10.000000	11.056244	11.000518	2999
0.250000	0.250000	0.021593	0.246873	0.189487	0.186543	10.000000	11.082046	11.000446	10.000000	10.931758	10.999595	2999
0.250000	0.250000	0.015443	0.271437	0.188093	0.205423	10.000000	11.048284	10.999935	10.000000	11.040412	10.999564	2999
0.250000	0.250000	0.011820	0.314553	0.190047	0.236897	10.000000	11.068620	11.000362	10.000000	11.131813	11.000208	2999
0.250000	0.250000	0.017543	0.265407	0.189460	0.200693	10.000000	11.027719	11.000284	10.000000	11.052090	10.999839	2999
0.250000	0.250000	0.015750	0.309903	0.192243	0.233253	10.000000	11.240147	10.999008	10.000000	11.004618	10.998956	2999
0.250000	0.250000	0.010023	0.321787	0.188783	0.241473	10.000000	11.114329	11.000055	10.000000	11.108253	11.000389	2999
0.250000	0.250000	0.016130	0.270343	0.188030	0.203103	10.000000	11.053162	11.000329	10.000000	11.021961	11.000502	2999
0.250000	0.250000	0.013100	0.293517	0.188760	0.220590	10.000000	11.029513	11.000764	10.000000	11.116198	11.001102	2999
0.250000	0.250000	0.008157	0.344100	0.190077	0.257927	10.000000	11.087672	11.000406	10.000000	11.184667	10.999520	2999
0.250000	0.250000	0.013213	0.288287	0.187907	0.218053	10.000000	11.047867	11.000141	10.000000	11.062243	10.999293	2999
0.250000	0.250000	0.011750	0.323173	0.190977	0.244233	10.000000	10.997424	11.000790	10.000000	11.248485	11.000159	2999
0.250000	0.250000	0.012107	0.300990	0.188943	0.225707	10.000000	11.119479	10.999793	10.000000	11.042572	11.000526	2999
0.250000	0.250000	0.020020	0.258240	0.190413	0.195320	10.000000	10.921913	11.000187	10.000000	11.131764	10.999418	2999
0.250000	0.250000	0.014433	0.293100	0.189287	0.221650	10.000000	11.145711	10.999974	10.000000	10.997448	10.999952	2999
0.250000	0.250000	0.011590	0.300530	0.187697	0.225927	10.000000	11.063735	11.000407	10.000000	11.098448	10.999902	2999
0.250000	0.250000	0.008617	0.337237	0.190253	0.252730	10.000000	11.116436	10.999476	10.000000	11.145470	11.000385	2999
0.250000	0.250000	0.011880	0.299277	0.188447	0.225417	10.000000	11.053247	10.999574	10.000000	11.105682	10.999994	2999
0.250000	0.250000	0.019803	0.249447	0.189690	0.188753	10.000000	11.043410	11.000762	10.000000	10.977445	10.999597	2999
0.250000	0.250000	0.014577	0.281220	0.188230	0.212230	10.000000	11.036287	10.999239	10.000000	11.071484	11.000506	2999
0.250000	0.250000	0.011817	0.304937	0.189167	0.229573	10.000000	11.019508	10.999679	10.000000	11.152182	10.999531	2999
0.250000	0.250000	0.018320	0.258530	0.188930	0.194700	10.000000	10.975062	10.999180	10.000000	11.078590	11.000251	2999
0.250000	0.250000	0.011967	0.320407	0.190007	0.241877	10.000000	11.005992	11.000683	10.000000	11.218713	10.999593	2999
0.250000	0.250000	0.018967	0.256913	0.189500	0.193923	10.000000	10.950986	10.999846	10.000000	11.088658	10.999626	2999
0.250000	0.250000	0.012130	0.312357	0.189377	0.235227	10.000000	11.171326	11.000236	10.000000	11.027613	10.999808	2999
0.250000	0.250000	0.020163	0.246490	0.189183	0.186120	10.000000	11.071006	11.000508	10.000000	10.939402	11.000095	2999
0.250000	0.250000	0.013153	0.329650	0.192387	0.248497	10.000000	11.300961	11.000013	10.000000	10.970503	10.999613	2999
0.250000	0.250000	0.013337	0.290970	0.188730	0.218667	10.000000	11.045226	10.999955	10.000000	11.083651	10.999418	2999
0.250000	0.250000	0.013050	0.285353	0.187697	0.214487	10.000000	11.070374	11.000082	10.000000	11.048885	11.000701	2999
0.250000	0.250000	0.014137	0.308207	0.191443	0.232073	10.000000	11.101486	11.000235	10.000000	11.116385	10.999887	2999
0.250000	0.250000	0.009213	0.330927	0.188977	0.249177	10.000000	11.157091	11.000039	10.000000	11.086255	10.999611	2999
0.250000	0.250000	0.008823	0.342750	0.190707	0.258050	10.000000	11.092430	10.999028	10.000000	11.190525	10.999382	2999
0.250000	0.250000	0.010820	0.308460	0.188980	0.232403	10.000000	11.092260	10.999555	10.000000	11.076689	10.999460	2999
0.250000	0.250000	0.016083	0.271070	0.188397	0.203930	10.000000	11.027225	11.000045	10.000000	11.049474	10.999494	2999
0.250000	0.250000	0.015603	0.271503	0.188550	0.204650	10.000000	10.973971	11.000351	10.000000	11.106728	11.000345	2999
0.250000	0.250000	0.012240	0.296827	0.188273	0.224243	10.000000	11.076833	11.000005	10.000000	11.070323	11.000178	2999
0.250000	0.250000	0.014807	0.294133	0.190080	0.222977	10.000000	10.948345	11.000338	10.000000	11.227749	10.999978	2999
0.250000	0.250000	0.017047	0.282227	0.189800	0.213373	10.000000	11.049915	10.999679	10.000000	11.058340	11.000671	2999
0.250000	0.250000	0.024783	0.216560	0.189057	0.164227	10.000000	10.919771	11.000887	10.000000	10.982694	11.000268	2999
0.250000	0.250000	0.012937	0.291643	0.188373	0.220170	10.000000	11.041660	10.999313	10.000000	11.092662	11.000218	2999
0.250000	0.250000	0.011417	0.309567	0.188193	0.232790	10.000000	11.125815	11.000404	10.000000	11.067085	11.000005	2999
0.250000	0.250000	0.010670	0.321630	0.190350	0.242470	10.000000	11.056249	10.999724	10.000000	11.164263	10.999915	2999
0.250000	0.250000	0.015377	0.272930	0.188970	0.205953	10.000000	11.065187	10.999373	10.000000	11.007470	10.999765	2999
0.250000	0.250000	0.014850	0.285870	0.189207	0.215913	10.000000	11.134410	11.001196	10.000000	10.982630	10.999466	2999
0.250000	0.250000	0.015737	0.280410	0.188927	0.211773	10.000000	11.017042	10.999184	10.000000	11.089527	10.999596	2999
0.250000	0.250000	0.013507	0.291400	0.189357	0.219743	10.000000	11.067409	10.999703	10.000000	11.071470	11.000017	2999
0.250000	0.250000	0.011703	0.320017	0.190247	0.241660	10.000000	11.153746	10.999881	10.000000	11.068560	11.000405	2999
0.250000	0.250000	0.011970	0.307003	0.188987	0.230147	10.000000	11.110338	10.999765	10.000000	11.068857	10.999269	2999
0.250000	0.250000	0.012440	0.312417	0.190160	0.235270	10.000000	11.222653	10.999915	10.000000	10.996169	10.999810	2999
0.250000	0.250000	0.019213	0.253993	0.189040	0.191033	10.000000	11.069052	11.000280	10.000000	10.959845	11.000250	2999
0.250000	0.250000	0.011437	0.310473	0.189120	0.233587	10.000000	11.084993	11.000031	10.000000	11.103939	10.999764	2999
0.250000	0.250000	0.014657	0.276523	0.187537	0.207800	10.000000	11.079418	10.999794	10.000000	11.030071	10.999716	2999
0.250000	0.250000	0.006720	0.223413	0.177190	0.167573	10.000000	11.066388	11.500430	10.000000	11.513572	10.500489	2999
0.250000	0.250000	0.008910	0.204977	0.176737	0.153980	10.000000	11.023933	11.500313	10.000000	11.677467	10.500004	2999
0.250000	0.250000	0.013727	0.170997	0.176560	0.128837	10.000000	10.989965	11.499838	10.000000	11.171156	10.500578	2999
0.250000	0.250000	0.012430	0.177917	0.176957	0.133560	10.000000	10.967455	11.499768	10.000000	11.554104	10.499785	2999
0.250000	0.250000	0.007993	0.217537	0.176973	0.164057	10.000000	11.030492	11.500883	10.000000	12.667660	10.499946	2999
0.250000	0.250000	0.010107	0.198983	0.177113	0.150137	10.000000	10.989545	11.500255	10.000000	14.630417	10.499628	2999
0.250000	0.250000	0.016420	0.152027	0.176997	0.114777	10.000000	10.923348	11.500298	10.000000	11.344739	10.499532	2999
0.250000	0.250000	0.011670	0.188683	0.177207	0.142293	10.000000	10.968311	11.499577	10.000000	12.459560	10.500263	2999
0.250000	0.250000	0.010060	0.189737	0.175747	0.143143	10.000000	11.003587	11.499900	10.000000	11.563675	10.500267	2999
0.250000	0.250000	0.013907	0.167303	0.176860	0.125703	10.000000	10.935626	11.499144	10.000000	12.065096	10.500292	2999
0.250000	0.250000	0.014590	0.167753	0.177153	0.126880	10.000000	10.938859	11.500074	10.000000	12.369325	10.500421	2999
0.250000	0.250000	0.011617	0.183923	0.176480	0.138573	10.000000	10.982359	11.499803	10.000000	11.671906	10.500028	2999
0.250000	0.250000	0.013423	0.180373	0.177907	0.135887	10.000000	10.954772	11.500136	10.000000	12.184715	10.499493	2999
0.250000	0.250000	0.010700	0.188493	0.176413	0.142423	10.000000	10.977134	11.499246	10.000000	12.480378	10.500418	2999
0.250000	0.250000	0.009913	0.194313	0.176460	0.146283	10.000000	10.986694	11.500914	10.000000	12.693533	10.499685	2999
0.250000	0.250000	0.013370	0.178210	0.177323	0.134373	10.000000	10.947776	11.499968	10.000000	12.026745	10.499779	2999
0.250000	0.250000	0.013240	0.171810	0.177180	0.129083	10.000000	10.956422	11.500729	10.000000	12.356746	10.499782	2999
0.250000	0.250000	0.009363	0.200733	0.176317	0.151413	10.000000	10.999489	11.499771	10.000000	12.759967	10.500183	2999
0.250000	0.250000	0.013437	0.172163	0.175570	0.129393	10.000000	10.933671	11.500309	10.000000	15.042676	10.499802	2999
0.250000	0.250000	0.012603	0.183157	0.177640	0.137920	10.000000	10.976166	11.500387	10.000000	11.936707	10.500167	2999
0.250000	0.250000	0.010123	0.201307	0.177613	0.151373	10.000000	11.027353	11.501071	10.000000	11.353720	10.500962	2999
0.250000	0.250000	0.004897	0.257027	0.179630	0.193087	10.000000	11.119095	11.500755	10.000000	11.877937	10.500408	2999
0.250000	0.250000	0.008510	0.209597	0.177187	0.157653	10.000000	11.043827	11.500145	10.000000	11.458904	10.499820	2999
0.250000	0.250000	0.006073	0.237213	0.178350	0.178530	10.000000	11.081889	11.500278	10.000000	11.841344	10.499736	2999
0.250000	0.250000	0.011850	0.190340	0.177953	0.144197	10.000000	10.972332	11.500388	10.000000	12.016081	10.500074	2999
0.250000	0.250000	0.012750	0.179930	0.177213	0.135183	10.000000	10.961146	11.500955	10.000000	11.758277	10.500069	2999
0.250000	0.250000	0.010167	0.194233	0.177060	0.146273	10.000000	11.019288	11.499737	10.000000	11.366235	10.499310	2999
0.250000	0.250000	0.009980	0.195167	0.177070	0.147093	10.000000	11.002926	11.499828	10.000000	11.818911	10.500016	2999
0.250000	0.250000	0.010523	0.193167	0.176917	0.145343	10.000000	10.979640	11.499916	10.000000	15.111148	10.499933	2999
0.250000	0.250000	0.011053	0.181693	0.176593	0.136810	10.000000	10.977285	11.500550	10.000000	11.997634	10.499862	2999
0.250000	0.250000	0.008253	0.208310	0.177057	0.157073	10.000000	11.039616	11.499547	10.000000	11.571836	10.500322	2999
0.250000	0.250000	0.013527	0.169360	0.176683	0.127123	10.000000	10.966062	11.500075	10.000000	11.535442	10.500150	2999
0.250000	0.250000	0.008117	0.217433	0.177360	0.162903	10.000000	11.041438	11.500530	10.000000	12.056683	10.499556	2999
0.250000	0.250000	0.005983	0.238440	0.178050	0.178590	10.000000	11.079806	11.499522	10.000000	11.984449	10.499647	2999
0.250000	0.250000	0.009783	0.195147	0.176480	0.147027	10.000000	10.997963	11.499906	10.000000	12.120556	10.498830	2999
0.250000	0.250000	0.009880	0.198310	0.176573	0.149353	10.000000	10.989107	11.499855	10.000000	12.588759	10.499662	2999
0.250000	0.250000	0.007197	0.225397	0.177633	0.169150	10.000000	11.055579	11.499552	10.000000	12.003482	10.500300	2999
0.250000	0.250000	0.007850	0.217947	0.177560	0.163567	10.000000	11.028389	11.499052	10.000000	13.220455	10.499309	2999
0.250000	0.250000	0.009080	0.207423	0.177313	0.155923	10.000000	11.008188	11.500849	10.000000	13.702114	10.500502	2999
0.250000	0.250000	0.004730	0.258097	0.178720	0.193923	10.000000	11.106613	11.499924	10.000000	13.526510	10.499642	2999
0.250000	0.250000	0.018517	0.153650	0.178820	0.115817	10.000000	10.894331	11.500308	10.000000	12.509913	10.500340	2999
0.250000	0.250000	0.004497	0.265830	0.179120	0.199970	10.000000	11.144569	11.500109	10.000000	12.040248	10.499509	2999
0.250000	0.250000	0.011300	0.184253	0.176430	0.137953	10.000000	10.973045	11.500559	10.000000	11.830395	10.500094	2999
0.250000	0.250000	0.006420	0.229193	0.177587	0.172753	10.000000	11.096457	11.499470	10.000000	11.329341	10.500382	2999
0.250000	0.250000	0.005987	0.245413	0.178820	0.184650	10.000000	11.091833	11.499911	10.000000	12.268774	10.499552	2999
0.250000	0.250000	0.016427	0.158087	0.178123	0.118940	10.000000	10.924826	11.500134	10.000000	11.635445	10.500770	2999
0.250000	0.250000	0.016777	0.158327	0.177430	0.119720	10.000000	10.907950	11.499677	10.000000	12.685330	10.500193	2999
0.250000	0.250000	0.008600	0.203903	0.177180	0.153360	10.000000	11.023861	11.499847	10.000000	11.612240	10.500305	2999
0.250000	0.250000	0.009757	0.210807	0.178437	0.158950	10.000000	11.012894	11.500534	10.000000	13.097558	10.499756	2999
0.250000	0.250000	0.006347	0.228860	0.178163	0.171747	10.000000	11.052242	11.499939	10.000000	14.510685	10.499779	2999
0.250000	0.250000	0.011027	0.187997	0.176203	0.141070	10.000000	11.007992	11.499473	10.000000	11.354304	10.500574	2999
0.250000	0.250000	0.010000	0.190677	0.176437	0.143473	10.000000	11.019748	11.500101	10.000000	11.288332	10.500042	2999
0.250000	0.250000	0.007460	0.222597	0.177690	0.167587	10.000000	11.046167	11.499774	10.000000	13.333098	10.499466	2999
0.250000	0.250000	0.015210	0.164613	0.177383	0.123947	10.000000	10.920916	11.499696	10.000000	12.378398	10.499430	2999
0.250000	0.250000	0.007870	0.214770	0.177687	0.161887	10.000000	11.043788	11.500110	10.000000	11.549013	10.499358	2999
0.250000	0.250000	0.008023	0.213427	0.177273	0.160183	10.000000	11.025250	11.500074	10.000000	13.633948	10.499219	2999
0.250000	0.250000	0.015097	0.166143	0.177813	0.125740	10.000000	10.918709	11.499237	10.000000	12.241196	10.500512	2999
0.250000	0.250000	0.013587	0.183610	0.178143	0.138720	10.000000	10.973433	11.500271	10.000000	11.821532	10.500551	2999
0.250000	0.250000	0.012150	0.174193	0.176423	0.131343	10.000000	10.965767	11.500220	10.000000	11.399045	10.500062	2999
0.250000	0.250000	0.011383	0.184347	0.175753	0.138860	10.000000	10.975760	11.500370	10.000000	11.762528	10.500364	2999
0.250000	0.250000	0.017623	0.152533	0.178130	0.115177	10.000000	10.896858	11.500259	10.000000	12.355091	10.499791	2999
0.250000	0.250000	0.014063	0.165073	0.176670	0.124587	10.000000	10.951968	11.499810	10.000000	11.338697	10.499894	2999
0.250000	0.250000	0.013090	0.175600	0.177140	0.132177	10.000000	10.951475	11.500363	10.000000	11.919070	10.500173	2999
0.250000	0.250000	0.017793	0.147377	0.177623	0.110613	10.000000	10.923987	11.500092	10.000000	11.228366	10.499631	2999
0.250000	0.250000	0.018580	0.155487	0.179647	0.117157	10.000000	10.916724	11.499560	10.000000	11.475547	10.499771	2999
0.250000	0.250000	0.009680	0.205450	0.177660	0.154850	10.000000	11.014469	11.500184	10.000000	11.638828	10.500756	2999
0.250000	0.250000	0.018250	0.156367	0.178087	0.118190	10.000000	10.897813	11.499463	10.000000	12.869686	10.500363	2999
0.250000	0.250000	0.012683	0.185637	0.178157	0.139733	10.000000	11.014795	11.500510	10.000000	11.483717	10.499830	2999
0.250000	0.250000	0.011380	0.193360	0.177593	0.146200	10.000000	10.980238	11.500184	10.000000	12.184033	10.500104	2999
0.250000	0.250000	0.012983	0.177270	0.177393	0.133597	10.000000	10.941019	11.499866	10.000000	12.570137	10.500291	2999
0.250000	0.250000	0.013553	0.171330	0.176490	0.129000	10.000000	10.939342	11.500366	10.000000	12.302775	10.499368	2999
0.250000	0.250000	0.014743	0.166303	0.177117	0.125117	10.000000	10.920268	11.500135	10.000000	12.928748	10.499541	2999
0.250000	0.250000	0.011893	0.182610	0.177487	0.137670	10.000000	10.974747	11.500223	10.000000	11.963602	10.499962	2999
0.250000	0.250000	0.009230	0.214770	0.178447	0.162007	10.000000	11.018843	11.500208	10.000000	12.916471	10.499520	2999
0.250000	0.250000	0.010810	0.197103	0.177177	0.147533	10.000000	10.989587	11.500648	10.000000	12.227689	10.499488	2999
0.250000	0.250000	0.011757	0.186937	0.178377	0.140723	10.000000	10.976597	11.499380	10.000000	11.865764	10.500684	2999
0.250000	0.250000	0.013877	0.168723	0.176953	0.127290	10.000000	10.969981	11.500018	10.000000	11.266302	10.499990	2999
0.250000	0.250000	0.012737	0.174383	0.176610	0.130977	10.000000	10.963805	11.500266	10.000000	11.583387	10.499491	2999
0.250000	0.250000	0.010740	0.194833	0.177040	0.146520	10.000000	10.995017	11.499816	10.000000	11.804252	10.499139	2999
0.250000	0.250000	0.011040	0.186113	0.175650	0.139277	10.000000	10.975057	11.500526	10.000000	11.821206	10.500306	2999
0.250000	0.250000	0.011360	0.190323	0.176800	0.143810	10.000000	10.970795	11.500126	10.000000	12.776366	10.500046	2999
0.250000	0.250000	0.013243	0.173723	0.177020	0.131283	10.000000	10.936675	11.500121	10.000000	13.371851	10.500004	2999
0.250000	0.250000	0.022937	0.134343	0.179770	0.101417	10.000000	10.855576	11.499593	10.000000	12.552161	10.499938	2999
0.250000	0.250000	0.007550	0.222053	0.177343	0.167497	10.000000	11.042663	11.500056	10.000000	12.635617	10.500374	2999
0.250000	0.250000	0.006827	0.231843	0.178433	0.174290	10.000000	11.064447	11.499279	10.000000	12.627062	10.499204	2999
0.250000	0.250000	0.010310	0.209077	0.179137	0.157090	10.000000	11.029381	11.500426	10.000000	11.897869	10.500442	2999
0.250000	0.250000	0.007290	0.222000	0.177110	0.166563	10.000000	11.046246	11.500300	10.000000	12.506728	10.500485	2999
0.250000	0.250000	0.008963	0.205300	0.176303	0.154210	10.000000	11.035079	11.499871	10.000000	11.671114	10.500386	2999
0.250000	0.250000	0.011650	0.173517	0.176017	0.130667	10.000000	10.972900	11.500125	10.000000	11.452549	10.499990	2999
0.250000	0.250000	0.009490	0.201480	0.177210	0.151230	10.000000	11.007699	11.499291	10.000000	11.728045	10.500173	2999
0.250000	0.250000	0.014323	0.165837	0.177267	0.125087	10.000000	10.938471	11.499965	10.000000	11.748361	10.500595	2999
0.250000	0.250000	0.009573	0.198917	0.177647	0.149403	10.000000	10.994623	11.500648	10.000000	13.190052	10.500421	2999
0.250000	0.250000	0.011517	0.180530	0.175267	0.136100	10.000000	10.964494	11.500380	10.000000	12.090090	10.500392	2999
0.250000	0.250000	0.009630	0.194357	0.176380	0.146490	10.000000	11.011514	11.500334	10.000000	11.468785	10.500139	2999
0.250000	0.250000	0.012047	0.182477	0.176287	0.137650	10.000000	10.959961	11.499731	10.000000	12.748459	10.499596	2999
0.250000	0.250000	0.010503	0.194917	0.177557	0.146510	10.000000	11.048609	11.500601	10.000000	11.208179	10.499645	2999
0.250000	0.250000	0.010820	0.192977	0.177263	0.144883	10.000000	11.020823	11.499347	10.000000	11.342383	10.499420	2999
0.250000	0.250000	0.011473	0.202537	0.179027	0.152243	10.000000	11.021760	11.499962	10.000000	11.685789	10.499394	2999
0.250000	0.250000	0.009670	0.200330	0.177000	0.150490	10.000000	11.000398	11.500543	10.000000	12.332663	10.499807	2999
0.250000	0.250000	0.008483	0.206163	0.176577	0.154640	10.000000	11.030541	11.499740	10.000000	11.611200	10.500660	2999
0.250000	0.250000	0.003607	0.088943	0.161647	0.066613	10.000000	11.174324	12.000348	10.000000	13.838063	9.999725	2999
0.250000	0.250000	0.005273	0.075557	0.161477	0.056897	10.000000	11.127128	11.999325	10.000000	11.956624	10.000514	2999
0.250000	0.250000	0.004470	0.078417	0.160880	0.058773	10.000000	11.138758	12.000374	10.000000	14.177108	10.000188	2999
0.250000	0.250000	0.006300	0.063223	0.160607	0.047473	10.000000	11.073993	11.999765	10.000000	13.467095	9.999934	2999
0.250000	0.250000	0.005220	0.074197	0.161840	0.055887	10.000000	11.123024	12.000077	10.000000	12.202975	9.999428	2999
0.250000	0.250000	0.003713	0.080107	0.161223	0.059867	10.000000	11.155418	12.000091	10.000000	12.184466	10.000381	2999
0.250000	0.250000	0.008197	0.065573	0.162673	0.049327	10.000000	11.079368	12.000140	10.000000	11.597887	10.000070	2999
0.250000	0.250000	0.004017	0.079050	0.160730	0.059080	10.000000	11.146495	12.000336	10.000000	12.470443	10.000727	2999
0.250000	0.250000	0.004767	0.074407	0.161540	0.056457	10.000000	11.124591	11.999962	10.000000	11.935057	9.999749	2999
0.250000	0.250000	0.005253	0.066953	0.160127	0.050510	10.000000	11.092129	11.999980	10.000000	13.065463	10.000217	2999
0.250000	0.250000	0.003593	0.080313	0.160963	0.059803	10.000000	11.152071	12.000411	10.000000	13.306255	10.000053	2999
0.250000	0.250000	0.012823	0.044160	0.164043	0.032953	10.000000	10.953152	11.999941	10.000000	14.219514	10.000237	2999
0.250000	0.250000	0.003480	0.087273	0.160803	0.065063	10.000000	11.175631	11.999933	10.000000	12.193471	10.000213	2999
0.250000	0.250000	0.007853	0.060303	0.161097	0.045250	10.000000	11.060092	12.000010	10.000000	11.637605	9.999830	2999
0.250000	0.250000	0.006627	0.063643	0.161297	0.047673	10.000000	11.070205	12.000374	10.000000	13.582491	10.000351	2999
0.250000	0.250000	0.007180	0.058993	0.161557	0.044537	10.000000	11.052447	11.999575	10.000000	12.558630	10.000023	2999
0.250000	0.250000	0.004950	0.069740	0.161143	0.052327	10.000000	11.103488	11.999059	10.000000	14.371294	9.999607	2999
0.250000	0.250000	0.003433	0.091167	0.162490	0.068223	10.000000	11.195266	11.999905	10.000000	12.250356	10.000309	2999
0.250000	0.250000	0.004187	0.080040	0.161447	0.059947	10.000000	11.146500	11.998742	10.000000	12.434749	10.000812	2999
0.250000	0.250000	0.004230	0.086427	0.161593	0.064967	10.000000	11.169334	12.000127	10.000000	11.655110	10.000132	2999
0.250000	0.250000	0.005530	0.071360	0.161297	0.053577	10.000000	11.107118	11.999862	10.000000	12.251587	10.000570	2999
0.250000	0.250000	0.004247	0.073373	0.160653	0.055590	10.000000	11.125217	11.999793	10.000000	13.386220	9.999730	2999
0.250000	0.250000	0.005593	0.064670	0.160893	0.048347	10.000000	11.083946	11.999909	10.000000	12.874314	9.999841	2999
0.250000	0.250000	0.002800	0.102890	0.162330	0.077227	10.000000	11.234028	12.000095	10.000000	11.866871	9.999577	2999
0.250000	0.250000	0.005327	0.067450	0.161263	0.051127	10.000000	11.093677	12.000518	10.000000	12.993668	10.000434	2999
0.250000	0.250000	0.005410	0.069450	0.160917	0.052130	10.000000	11.097489	12.000426	10.000000	13.061874	9.999007	2999
0.250000	0.250000	0.005307	0.074470	0.161430	0.055953	10.000000	11.113182	11.999961	10.000000	14.578253	10.000533	2999
0.250000	0.250000	0.003947	0.075960	0.160480	0.057247	10.000000	11.139075	12.000101	10.000000	13.988660	9.999592	2999
0.250000	0.250000	0.005760	0.068483	0.161287	0.051620	10.000000	11.096417	12.000195	10.000000	11.557989	10.000098	2999
0.250000	0.250000	0.004107	0.075843	0.160857	0.056940	10.000000	11.132562	11.999573	10.000000	12.937691	9.999609	2999
0.250000	0.250000	0.004333	0.080633	0.161307	0.060153	10.000000	11.146044	12.000299	10.000000	13.509709	9.999922	2999
0.250000	0.250000	0.007530	0.055787	0.160220	0.042303	10.000000	11.036756	11.999666	10.000000	12.878470	10.000011	2999
0.250000	0.250000	0.005897	0.071630	0.161437	0.053527	10.000000	11.108778	12.000406	10.000000	11.750823	10.000207	2999
0.250000	0.250000	0.008937	0.072283	0.164653	0.054567	10.000000	11.074755	12.000144	10.000000	12.160727	9.999491	2999
0.250000	0.250000	0.006757	0.062540	0.162020	0.046937	10.000000	11.069900	11.999499	10.000000	11.781374	10.000500	2999
0.250000	0.250000	0.003383	0.093307	0.161370	0.069950	10.000000	11.195929	11.999261	10.000000	11.730130	10.000800	2999
0.250000	0.250000	0.006443	0.068337	0.162140	0.051027	10.000000	11.089202	12.000065	10.000000	13.648752	9.999899	2999
0.250000	0.250000	0.002543	0.104210	0.162230	0.078133	10.000000	11.242214	12.000065	10.000000	12.317870	9.999617	2999
0.250000	0.250000	0.006487	0.075270	0.162057	0.056690	10.000000	11.118776	11.999627	10.000000	11.593146	9.999817	2999
0.250000	0.250000	0.003900	0.082310	0.161450	0.061730	10.000000	11.162025	12.000246	10.000000	13.003999	9.999716	2999
0.250000	0.250000	0.007270	0.057760	0.160510	0.043767	10.000000	11.045903	12.000124	10.000000	12.484944	9.999609	2999
0.250000	0.250000	0.003507	0.082493	0.161143	0.061933	10.000000	11.163573	11.999752	10.000000	13.001608	10.000021	2999
0.250000	0.250000	0.005660	0.067790	0.160777	0.051057	10.000000	11.094674	11.999997	10.000000	12.219033	9.999584	2999
0.250000	0.250000	0.006903	0.065823	0.161543	0.049133	10.000000	11.073821	12.000643	10.000000	12.005862	9.999397	2999
0.250000	0.250000	0.008127	0.058013	0.162090	0.043627	10.000000	11.034756	12.000142	10.000000	14.448888	10.000230	2999
0.250000	0.250000	0.007543	0.058310	0.161647	0.043637	10.000000	11.044451	11.999381	10.000000	12.948861	9.999836	2999
0.250000	0.250000	0.004087	0.080340	0.160923	0.060707	10.000000	11.148538	11.999479	10.000000	12.050620	10.000393	2999
0.250000	0.250000	0.004050	0.081750	0.160763	0.061190	10.000000	11.147814	12.000799	10.000000	13.225100	9.999953	2999
0.250000	0.250000	0.009240	0.050903	0.162030	0.038547	10.000000	11.015061	11.999948	10.000000	11.907563	10.000248	2999
0.250000	0.250000	0.006533	0.063087	0.161313	0.047423	10.000000	11.072034	11.999601	10.000000	11.918745	9.999796	2999
0.250000	0.250000	0.003983	0.080517	0.161513	0.060313	10.000000	11.148183	12.000360	10.000000	12.317259	10.000752	2999
0.250000	0.250000	0.004523	0.077277	0.160840	0.058027	10.000000	11.131225	11.999679	10.000000	13.277347	9.999862	2999
0.250000	0.250000	0.004597	0.072660	0.160907	0.054653	10.000000	11.114339	12.000215	10.000000	13.433586	9.999821	2999
0.250000	0.250000	0.003970	0.086030	0.161817	0.064570	10.000000	11.167129	12.000073	10.000000	12.666501	9.999399	2999
0.250000	0.250000	0.003880	0.097707	0.163120	0.073370	10.000000	11.200251	12.000247	10.000000	12.181603	9.999368	2999
0.250000	0.250000	0.003960	0.085987	0.161340	0.064830	10.000000	11.168804	12.000734	10.000000	11.826267	10.000333	2999
0.250000	0.250000	0.005130	0.073723	0.161220	0.055067	10.000000	11.121797	11.999817	10.000000	12.072298	9.999462	2999
0.250000	0.250000	0.003310	0.093177	0.161660	0.069883	10.000000	11.192245	11.999237	10.000000	14.457182	10.000418	2999
0.250000	0.250000	0.011293	0.050737	0.163923	0.038240	10.000000	10.987620	12.000690	10.000000	12.575659	9.999927	2999
0.250000	0.250000	0.006670	0.061350	0.161420	0.046250	10.000000	11.057781	11.999703	10.000000	13.960740	10.000747	2999
0.250000	0.250000	0.007937	0.061527	0.162533	0.046133	10.000000	11.051334	11.999865	10.000000	12.389111	10.000542	2999
0.250000	0.250000	0.003303	0.082687	0.160817	0.061983	10.000000	11.167756	12.000385	10.000000	13.519029	10.000100	2999
0.250000	0.250000	0.004023	0.079203	0.160560	0.059400	10.000000	11.144924	11.999473	10.000000	13.723907	9.999600	2999
0.250000	0.250000	0.003580	0.085387	0.160910	0.064010	10.000000	11.167649	11.999487	10.000000	12.484558	9.999586	2999
0.250000	0.250000	0.004347	0.077390	0.160310	0.058287	10.000000	11.138115	11.999987	10.000000	12.850342	9.999802	2999
0.250000	0.250000	0.005410	0.067197	0.160680	0.050770	10.000000	11.092092	11.999668	10.000000	13.842501	9.999959	2999
0.250000	0.250000	0.007467	0.054713	0.160337	0.040987	10.000000	11.034810	11.999731	10.000000	12.585654	9.999794	2999
0.250000	0.250000	0.004450	0.079397	0.161467	0.059843	10.000000	11.142682	12.000278	10.000000	12.806573	10.000217	2999
0.250000	0.250000	0.003707	0.109650	0.163663	0.082170	10.000000	11.256384	11.999412	10.000000	11.342332	9.999943	2999
0.250000	0.250000	0.004677	0.077443	0.161570	0.058340	10.000000	11.145631	12.000272	10.000000	12.294109	10.000115	2999
0.250000	0.250000	0.003903	0.088143	0.162710	0.066040	10.000000	11.171041	11.999390	10.000000	12.935467	10.000473	2999
0.250000	0.250000	0.005653	0.066647	0.161357	0.049983	10.000000	11.096545	11.999895	10.000000	12.235612	10.000280	2999
0.250000	0.250000	0.003377	0.091793	0.162453	0.068683	10.000000	11.194542	12.000200	10.000000	12.435472	9.999946	2999
0.250000	0.250000	0.005867	0.068027	0.161197	0.051283	10.000000	11.091019	11.999632	10.000000	13.185410	9.999780	2999
0.250000	0.250000	0.009880	0.049847	0.162020	0.037127	10.000000	10.996438	12.000188	10.000000	12.050586	10.000415	2999
0.250000	0.250000	0.007113	0.062937	0.162110	0.047000	10.000000	11.064492	11.999961	10.000000	11.811451	10.000503	2999
0.250000	0.250000	0.009363	0.050680	0.161913	0.038213	10.000000	11.007464	12.000077	10.000000	11.524372	10.000567	2999
0.250000	0.250000	0.005613	0.064950	0.160600	0.049093	10.000000	11.082506	11.999892	10.000000	13.442254	10.000567	2999
0.250000	0.250000	0.004473	0.074530	0.160503	0.055913	10.000000	11.127316	11.998912	10.000000	11.680317	9.999903	2999
0.250000	0.250000	0.007077	0.059443	0.161703	0.044810	10.000000	11.049168	11.999933	10.000000	13.350178	9.999640	2999
0.250000	0.250000	0.003830	0.093513	0.162523	0.070513	10.000000	11.191520	11.999679	10.000000	12.153160	9.999919	2999
0.250000	0.250000	0.005330	0.070717	0.160550	0.052783	10.000000	11.104682	12.000159	10.000000	12.179660	9.999624	2999
0.250000	0.250000	0.008797	0.056777	0.162037	0.042487	10.000000	11.039754	12.000030	10.000000	11.805906	9.999670	2999
0.250000	0.250000	0.007163	0.060733	0.161393	0.045623	10.000000	11.056571	11.999637	10.000000	12.416870	10.000182	2999
0.250000	0.250000	0.005793	0.065013	0.161030	0.048940	10.000000	11.083220	11.999980	10.000000	12.467773	10.000026	2999
0.250000	0.250000	0.003180	0.090583	0.161597	0.068323	10.000000	11.183098	11.999784	10.000000	14.856957	10.000188	2999
0.250000	0.250000	0.005970	0.064723	0.161163	0.048487	10.000000	11.080439	11.999797	10.000000	13.062614	10.000118	2999
0.250000	0.250000	0.003500	0.090147	0.162380	0.067960	10.000000	11.184011	11.999665	10.000000	12.436686	10.000293	2999
0.250000	0.250000	0.004357	0.080297	0.161920	0.060560	10.000000	11.142859	11.999505	10.000000	13.896054	9.999747	2999
0.250000	0.250000	0.003613	0.082870	0.160700	0.062107	10.000000	11.166466	12.000242	10.000000	12.139055	9.999478	2999
0.250000	0.250000	0.005323	0.072947	0.160757	0.054760	10.000000	11.108953	11.999757	10.000000	12.359665	10.000409	2999
0.250000	0.250000	0.001970	0.119970	0.163717	0.089977	10.000000	11.291314	12.000161	10.000000	12.117222	10.001027	2999
0.250000	0.250000	0.004320	0.080140	0.162250	0.060070	10.000000	11.152864	11.999713	10.000000	11.653158	9.999777	2999
0.250000	0.250000	0.006417	0.065727	0.161283	0.049537	10.000000	11.079422	11.999578	10.000000	13.014211	9.999900	2999
0.250000	0.250000	0.001823	0.135177	0.164987	0.100770	10.000000	11.337666	12.000019	10.000000	11.698101	10.000273	2999
0.250000	0.250000	0.006393	0.062253	0.161317	0.046637	10.000000	11.068587	12.000467	10.000000	13.716567	10.000293	2999
0.250000	0.250000	0.007577	0.057873	0.161573	0.043357	10.000000	11.050408	11.999914	10.000000	11.428898	9.999860	2999
0.250000	0.250000	0.002893	0.102547	0.162217	0.077027	10.000000	11.235016	12.000474	10.000000	11.706536	9.999800	2999
0.250000	0.250000	0.007907	0.055220	0.161470	0.041260	10.000000	11.032140	12.000151	10.000000	12.742039	9.999442	2999
0.250000	0.250000	0.005620	0.068947	0.161497	0.052343	10.000000	11.102263	12.000293	10.000000	12.466598	10.000239	2999
