mut_par_patt	typ1_err	typ2_err	rej_rate	acp_rate	avg_patt	avg_patt_thr	avg_par_patt	end_gen
0.250000	0.163390	0.751113	0.439947	0.486680	10.000000	10.413372	10.002946	2999
0.250000	0.124947	0.786260	0.438400	0.486887	10.000000	10.482147	10.003235	2999
0.250000	0.130400	0.781217	0.439137	0.483427	10.000000	10.474713	10.003122	2999
0.250000	0.135130	0.777750	0.437993	0.487343	10.000000	10.461889	10.002388	2999
0.250000	0.138140	0.775427	0.438420	0.486060	10.000000	10.458586	10.002966	2999
0.250000	0.133560	0.779130	0.439243	0.486067	10.000000	10.467156	10.002808	2999
0.250000	0.150230	0.764003	0.438930	0.485073	10.000000	10.436647	10.003721	2999
0.250000	0.130163	0.781620	0.439013	0.483767	10.000000	10.472485	10.002830	2999
0.250000	0.142853	0.770767	0.438720	0.487453	10.000000	10.448643	10.003325	2999
0.250000	0.126190	0.785330	0.438407	0.484723	10.000000	10.480223	10.003461	2999
0.250000	0.126397	0.786133	0.439647	0.484920	10.000000	10.479299	10.003157	2999
0.250000	0.090483	0.823450	0.441517	0.482810	10.000000	10.562035	10.003198	2999
0.250000	0.116613	0.795653	0.439470	0.485180	10.000000	10.501530	10.003008	2999
0.250000	0.128930	0.782550	0.437747	0.485747	10.000000	10.477799	10.002813	2999
0.250000	0.126603	0.784973	0.437927	0.485070	10.000000	10.479682	10.002451	2999
0.250000	0.123473	0.788417	0.438423	0.485163	10.000000	10.485759	10.002919	2999
0.250000	0.145880	0.768233	0.439397	0.486550	10.000000	10.445147	10.003433	2999
0.250000	0.121620	0.793343	0.439427	0.487453	10.000000	10.490337	10.003019	2999
0.250000	0.146170	0.767847	0.437437	0.486170	10.000000	10.442835	10.003345	2999
0.250000	0.158400	0.756577	0.438707	0.486623	10.000000	10.419456	10.002987	2999
0.250000	0.142513	0.769347	0.437980	0.484613	10.000000	10.450248	10.002634	2999
0.250000	0.121163	0.789867	0.439443	0.485217	10.000000	10.490333	10.003011	2999
0.250000	0.132837	0.779467	0.438030	0.487030	10.000000	10.468642	10.002687	2999
0.250000	0.113157	0.798707	0.439403	0.481760	10.000000	10.513109	10.003050	2999
0.250000	0.156447	0.757830	0.438423	0.486090	10.000000	10.425032	10.003191	2999
0.250000	0.152467	0.760763	0.438213	0.487120	10.000000	10.432432	10.002832	2999
0.250000	0.121473	0.790113	0.438610	0.483947	10.000000	10.489833	10.002600	2999
0.250000	0.128363	0.783833	0.438847	0.485623	10.000000	10.477479	10.002949	2999
0.250000	0.130883	0.781580	0.438533	0.485877	10.000000	10.474358	10.003388	2999
0.250000	0.122427	0.790363	0.438920	0.485160	10.000000	10.486690	10.002729	2999
0.250000	0.150770	0.763200	0.438800	0.486393	10.000000	10.436062	10.002909	2999
0.250000	0.117810	0.795047	0.438430	0.485340	10.000000	10.498670	10.003181	2999
0.250000	0.108557	0.804560	0.439653	0.484510	10.000000	10.519303	10.003505	2999
0.250000	0.162430	0.751510	0.439130	0.485650	10.000000	10.413548	10.002788	2999
0.250000	0.126113	0.785570	0.438420	0.485403	10.000000	10.479721	10.002948	2999
0.250000	0.107997	0.805403	0.441467	0.485657	10.000000	10.521478	10.002667	2999
0.250000	0.167280	0.748100	0.439547	0.486787	10.000000	10.404100	10.003015	2999
0.250000	0.132650	0.779417	0.437763	0.486863	10.000000	10.467151	10.003452	2999
0.250000	0.105200	0.806513	0.441023	0.483853	10.000000	10.526142	10.003168	2999
0.250000	0.108363	0.804530	0.440737	0.484597	10.000000	10.520693	10.003393	2999
0.250000	0.131607	0.778663	0.438783	0.484530	10.000000	10.471358	10.002815	2999
0.250000	0.143713	0.769063	0.438193	0.486823	10.000000	10.447895	10.003300	2999
0.250000	0.128277	0.783927	0.439310	0.484227	10.000000	10.479323	10.003016	2999
0.250000	0.105097	0.805347	0.439907	0.482780	10.000000	10.524169	10.002627	2999
0.250000	0.156147	0.760203	0.440473	0.487343	10.000000	10.426141	10.002969	2999
0.250000	0.146340	0.766283	0.437747	0.485273	10.000000	10.442614	10.002471	2999
0.250000	0.136127	0.776647	0.438830	0.487447	10.000000	10.461910	10.002536	2999
0.250000	0.120677	0.792200	0.438200	0.485487	10.000000	10.491882	10.003329	2999
0.250000	0.131460	0.781790	0.438657	0.486210	10.000000	10.471722	10.002848	2999
0.250000	0.123933	0.787453	0.437760	0.484697	10.000000	10.485546	10.002927	2999
0.250000	0.129137	0.781783	0.438467	0.484667	10.000000	10.473462	10.002804	2999
0.250000	0.126397	0.786543	0.438603	0.486493	10.000000	10.480938	10.003254	2999
0.250000	0.165600	0.747967	0.438320	0.487050	10.000000	10.411111	10.003204	2999
0.250000	0.144517	0.769413	0.438490	0.487300	10.000000	10.445404	10.003419	2999
0.250000	0.136330	0.775207	0.437427	0.485800	10.000000	10.461989	10.002679	2999
0.250000	0.113980	0.799593	0.440423	0.485170	10.000000	10.508193	10.003650	2999
0.250000	0.144490	0.769560	0.439167	0.486403	10.000000	10.450800	10.003143	2999
0.250000	0.145397	0.768480	0.440040	0.485883	10.000000	10.446256	10.002666	2999
0.250000	0.159970	0.753947	0.438573	0.486370	10.000000	10.418218	10.003345	2999
0.250000	0.134223	0.779090	0.437683	0.486497	10.000000	10.465745	10.003327	2999
0.250000	0.107720	0.804073	0.439357	0.485257	10.000000	10.519772	10.002784	2999
0.250000	0.116033	0.796367	0.439057	0.484470	10.000000	10.502818	10.003195	2999
0.250000	0.118597	0.792720	0.438973	0.485293	10.000000	10.496168	10.002903	2999
0.250000	0.116730	0.796193	0.438927	0.485710	10.000000	10.501548	10.002960	2999
0.250000	0.141420	0.771290	0.438877	0.486667	10.000000	10.451539	10.002774	2999
0.250000	0.120270	0.791183	0.439437	0.485890	10.000000	10.492700	10.002796	2999
0.250000	0.120613	0.790910	0.439460	0.486243	10.000000	10.491891	10.002727	2999
0.250000	0.157260	0.755787	0.439103	0.486053	10.000000	10.421837	10.002618	2999
0.250000	0.139487	0.773110	0.438887	0.486517	10.000000	10.454564	10.003311	2999
0.250000	0.150703	0.763070	0.438600	0.487363	10.000000	10.433291	10.002901	2999
0.250000	0.119620	0.794153	0.440243	0.486210	10.000000	10.496941	10.003051	2999
0.250000	0.118350	0.794063	0.440140	0.486640	10.000000	10.505025	10.003034	2999
0.250000	0.157560	0.755983	0.438447	0.486287	10.000000	10.422474	10.002825	2999
0.250000	0.123247	0.789170	0.438583	0.484553	10.000000	10.488585	10.003285	2999
0.250000	0.140787	0.771103	0.438223	0.485873	10.000000	10.451641	10.003081	2999
0.250000	0.114480	0.796203	0.439130	0.484500	10.000000	10.505137	10.002936	2999
0.250000	0.139303	0.773593	0.438280	0.486273	10.000000	10.456315	10.003351	2999
0.250000	0.158663	0.755747	0.439607	0.486503	10.000000	10.420828	10.003140	2999
0.250000	0.140310	0.773783	0.438347	0.486800	10.000000	10.453529	10.002943	2999
0.250000	0.122153	0.790313	0.439657	0.485573	10.000000	10.493666	10.003132	2999
0.250000	0.141400	0.769203	0.437997	0.484307	10.000000	10.451231	10.002975	2999
0.250000	0.131123	0.780713	0.438903	0.485707	10.000000	10.470499	10.003327	2999
0.250000	0.126067	0.788117	0.438603	0.487077	10.000000	10.481113	10.003103	2999
0.250000	0.148500	0.765557	0.438943	0.486503	10.000000	10.437485	10.002773	2999
0.250000	0.157730	0.756993	0.439393	0.487343	10.000000	10.424849	10.002978	2999
0.250000	0.113190	0.799853	0.439860	0.484197	10.000000	10.507678	10.002920	2999
0.250000	0.147867	0.766013	0.439140	0.486083	10.000000	10.438956	10.003105	2999
0.250000	0.153087	0.760183	0.437833	0.486753	10.000000	10.429346	10.002595	2999
0.250000	0.123977	0.788020	0.437680	0.485777	10.000000	10.485796	10.002809	2999
0.250000	0.137663	0.774137	0.437890	0.486450	10.000000	10.456820	10.002578	2999
0.250000	0.123143	0.788013	0.438653	0.485240	10.000000	10.486583	10.003215	2999
0.250000	0.141090	0.772373	0.438740	0.485770	10.000000	10.451953	10.002875	2999
0.250000	0.120073	0.792143	0.439313	0.485543	10.000000	10.495911	10.003023	2999
0.250000	0.135690	0.775410	0.438470	0.486737	10.000000	10.459836	10.002844	2999
0.250000	0.144137	0.768293	0.437687	0.486143	10.000000	10.446849	10.003239	2999
0.250000	0.154627	0.759777	0.439400	0.486137	10.000000	10.426393	10.002975	2999
0.250000	0.131787	0.781543	0.439070	0.485487	10.000000	10.470672	10.002852	2999
0.250000	0.160480	0.753123	0.439970	0.484660	10.000000	10.416704	10.002867	2999
0.250000	0.132867	0.779883	0.437843	0.486520	10.000000	10.470108	10.002967	2999
0.250000	0.118563	0.793210	0.438790	0.484760	10.000000	10.499647	10.003258	2999
0.250000	0.078907	0.558623	0.367407	0.321820	10.000000	10.593723	10.502875	2999
0.250000	0.095637	0.528740	0.365007	0.312310	10.000000	10.548738	10.503134	2999
0.250000	0.122553	0.488767	0.364443	0.299627	10.000000	10.487631	10.502752	2999
0.250000	0.104977	0.514693	0.364067	0.308753	10.000000	10.525038	10.502709	2999
0.250000	0.112807	0.504307	0.364457	0.305647	10.000000	10.507648	10.502429	2999
0.250000	0.106697	0.512233	0.364667	0.307737	10.000000	10.521614	10.502558	2999
0.250000	0.091810	0.535720	0.364633	0.315157	10.000000	10.557725	10.502689	2999
0.250000	0.102790	0.517890	0.362770	0.309867	10.000000	10.529889	10.502519	2999
0.250000	0.117937	0.497227	0.363800	0.303583	10.000000	10.497264	10.502386	2999
0.250000	0.073687	0.569810	0.367613	0.324707	10.000000	10.607573	10.502741	2999
0.250000	0.123617	0.487717	0.364797	0.301210	10.000000	10.485463	10.502507	2999
0.250000	0.087110	0.544453	0.366087	0.318117	10.000000	10.571463	10.502770	2999
0.250000	0.096407	0.528617	0.365073	0.313403	10.000000	10.544656	10.502724	2999
0.250000	0.114303	0.500827	0.364127	0.305010	10.000000	10.504975	10.502512	2999
0.250000	0.091213	0.537827	0.364900	0.316650	10.000000	10.558389	10.502562	2999
0.250000	0.107847	0.508690	0.364180	0.305850	10.000000	10.518883	10.502529	2999
0.250000	0.117013	0.495830	0.363113	0.302507	10.000000	10.497281	10.502585	2999
0.250000	0.082033	0.552870	0.365990	0.320020	10.000000	10.582553	10.502495	2999
0.250000	0.125047	0.486410	0.364530	0.299697	10.000000	10.482749	10.502848	2999
0.250000	0.117983	0.495307	0.364837	0.301737	10.000000	10.497059	10.502771	2999
0.250000	0.089157	0.539847	0.365070	0.316003	10.000000	10.564289	10.502697	2999
0.250000	0.084933	0.546683	0.365310	0.318033	10.000000	10.574087	10.502386	2999
0.250000	0.103730	0.517413	0.364537	0.309907	10.000000	10.528974	10.502736	2999
0.250000	0.124167	0.488933	0.364253	0.301240	10.000000	10.486161	10.503013	2999
0.250000	0.112543	0.504370	0.364593	0.305853	10.000000	10.508324	10.502194	2999
0.250000	0.103103	0.521363	0.365863	0.310487	10.000000	10.533584	10.502796	2999
0.250000	0.088153	0.541883	0.365573	0.316347	10.000000	10.567118	10.502192	2999
0.250000	0.101683	0.518370	0.364487	0.309947	10.000000	10.531747	10.502696	2999
0.250000	0.066910	0.583417	0.371767	0.330467	10.000000	10.630090	10.502197	2999
0.250000	0.137240	0.469163	0.366730	0.294090	10.000000	10.458322	10.502774	2999
0.250000	0.124163	0.488923	0.366350	0.300753	10.000000	10.484979	10.503157	2999
0.250000	0.110630	0.506067	0.364123	0.305587	10.000000	10.512924	10.502613	2999
0.250000	0.118897	0.495027	0.364680	0.302697	10.000000	10.496294	10.502941	2999
0.250000	0.107707	0.511283	0.364370	0.308447	10.000000	10.521482	10.502736	2999
0.250000	0.092297	0.534840	0.365040	0.314363	10.000000	10.555507	10.502183	2999
0.250000	0.087347	0.541417	0.365727	0.317053	10.000000	10.567865	10.502641	2999
0.250000	0.097593	0.526173	0.364180	0.312163	10.000000	10.542571	10.502295	2999
0.250000	0.107500	0.513593	0.364323	0.310357	10.000000	10.518989	10.502341	2999
0.250000	0.109250	0.509487	0.364843	0.306610	10.000000	10.516196	10.502569	2999
0.250000	0.111520	0.504900	0.364543	0.305817	10.000000	10.510891	10.502409	2999
0.250000	0.118967	0.494313	0.365467	0.302053	10.000000	10.494641	10.502746	2999
0.250000	0.094977	0.531307	0.365680	0.315167	10.000000	10.550233	10.502506	2999
0.250000	0.103317	0.517140	0.364507	0.309117	10.000000	10.529144	10.502403	2999
0.250000	0.087953	0.543897	0.366517	0.317757	10.000000	10.568405	10.503022	2999
0.250000	0.107580	0.511337	0.363947	0.308050	10.000000	10.519743	10.502911	2999
0.250000	0.109373	0.508653	0.364027	0.306800	10.000000	10.516794	10.502808	2999
0.250000	0.110357	0.505313	0.362810	0.305267	10.000000	10.511934	10.502430	2999
0.250000	0.102113	0.518040	0.364067	0.309360	10.000000	10.531403	10.502417	2999
0.250000	0.115347	0.500077	0.364533	0.304347	10.000000	10.503222	10.502811	2999
0.250000	0.107503	0.512277	0.364883	0.308753	10.000000	10.520678	10.502604	2999
0.250000	0.108887	0.509090	0.364483	0.307267	10.000000	10.517138	10.502615	2999
0.250000	0.083123	0.550260	0.366290	0.319583	10.000000	10.579611	10.502775	2999
0.250000	0.104683	0.515687	0.363933	0.309360	10.000000	10.525077	10.502325	2999
0.250000	0.129023	0.479433	0.364793	0.296990	10.000000	10.474186	10.502859	2999
0.250000	0.123273	0.488293	0.365447	0.300633	10.000000	10.485730	10.502769	2999
0.250000	0.107317	0.509810	0.363553	0.306517	10.000000	10.520502	10.502876	2999
0.250000	0.091033	0.536457	0.365340	0.314780	10.000000	10.558805	10.502861	2999
0.250000	0.087767	0.543520	0.365953	0.317540	10.000000	10.567056	10.502986	2999
0.250000	0.103800	0.516613	0.364063	0.309037	10.000000	10.529095	10.502645	2999
0.250000	0.096773	0.526693	0.364883	0.312567	10.000000	10.545785	10.502730	2999
0.250000	0.099967	0.522260	0.364393	0.311060	10.000000	10.536592	10.502513	2999
0.250000	0.101097	0.519420	0.364653	0.309290	10.000000	10.536198	10.502708	2999
0.250000	0.101703	0.520910	0.365137	0.311453	10.000000	10.534026	10.502660	2999
0.250000	0.090080	0.538170	0.365310	0.315683	10.000000	10.561684	10.502646	2999
0.250000	0.119883	0.493600	0.364830	0.301333	10.000000	10.494634	10.502873	2999
0.250000	0.093357	0.530567	0.364563	0.313337	10.000000	10.553575	10.502253	2999
0.250000	0.087957	0.541873	0.365663	0.318237	10.000000	10.565090	10.502303	2999
0.250000	0.094713	0.529773	0.364217	0.313050	10.000000	10.549130	10.502411	2999
0.250000	0.113507	0.503267	0.364967	0.305473	10.000000	10.506955	10.502406	2999
0.250000	0.120533	0.491607	0.365077	0.301370	10.000000	10.492636	10.502672	2999
0.250000	0.123540	0.488800	0.365170	0.301203	10.000000	10.483688	10.502490	2999
0.250000	0.093793	0.533717	0.365347	0.314320	10.000000	10.552894	10.502398	2999
0.250000	0.089303	0.540650	0.365133	0.316297	10.000000	10.565007	10.502835	2999
0.250000	0.089873	0.540630	0.365363	0.316653	10.000000	10.562731	10.502694	2999
0.250000	0.120710	0.491120	0.363990	0.300987	10.000000	10.490726	10.502728	2999
0.250000	0.085383	0.544880	0.364943	0.317610	10.000000	10.573660	10.502482	2999
0.250000	0.113660	0.502037	0.364863	0.304547	10.000000	10.506033	10.502450	2999
0.250000	0.095667	0.530517	0.365157	0.313680	10.000000	10.549217	10.502359	2999
0.250000	0.111800	0.505383	0.363220	0.306500	10.000000	10.510611	10.502775	2999
0.250000	0.123893	0.487323	0.364680	0.300393	10.000000	10.483585	10.502462	2999
0.250000	0.099130	0.523807	0.364327	0.311843	10.000000	10.538978	10.502663	2999
0.250000	0.084660	0.550170	0.367743	0.318310	10.000000	10.580513	10.502746	2999
0.250000	0.089003	0.540460	0.365000	0.316840	10.000000	10.564817	10.502951	2999
0.250000	0.109320	0.508833	0.364537	0.307610	10.000000	10.514957	10.502864	2999
0.250000	0.089437	0.539987	0.365223	0.316413	10.000000	10.563363	10.502278	2999
0.250000	0.115290	0.500270	0.363777	0.303657	10.000000	10.502821	10.502509	2999
0.250000	0.105823	0.514590	0.364440	0.308427	10.000000	10.524502	10.502814	2999
0.250000	0.083060	0.553217	0.366460	0.320003	10.000000	10.582264	10.502661	2999
0.250000	0.130933	0.478907	0.366880	0.297000	10.000000	10.469988	10.502475	2999
0.250000	0.102540	0.518043	0.364327	0.310043	10.000000	10.531139	10.502216	2999
0.250000	0.102177	0.520980	0.365287	0.311310	10.000000	10.533920	10.502561	2999
0.250000	0.080897	0.555057	0.366537	0.319857	10.000000	10.586919	10.502353	2999
0.250000	0.099403	0.524803	0.365170	0.311883	10.000000	10.539275	10.502426	2999
0.250000	0.135137	0.471273	0.365450	0.294807	10.000000	10.460747	10.502406	2999
0.250000	0.110730	0.504950	0.363693	0.305123	10.000000	10.511077	10.502519	2999
0.250000	0.095473	0.529807	0.365283	0.312053	10.000000	10.548714	10.502528	2999
0.250000	0.123737	0.486513	0.363537	0.300677	10.000000	10.483489	10.502409	2999
0.250000	0.119527	0.493693	0.364450	0.302757	10.000000	10.494794	10.502773	2999
0.250000	0.098213	0.524583	0.362993	0.312447	10.000000	10.540473	10.502528	2999
0.250000	0.098117	0.527060	0.364737	0.313550	10.000000	10.542042	10.502688	2999
0.250000	0.060203	0.279963	0.278887	0.155710	10.000000	10.650639	11.002592	2999
0.250000	0.061727	0.276120	0.278277	0.155047	10.000000	10.645574	11.002352	2999
0.250000	0.060713	0.278003	0.278667	0.155950	10.000000	10.648446	11.002726	2999
0.250000	0.056987	0.285147	0.279063	0.159287	10.000000	10.662164	11.002557	2999
0.250000	0.053730	0.295440	0.280217	0.163130	10.000000	10.675580	11.002760	2999
0.250000	0.059787	0.279997	0.278407	0.155963	10.000000	10.652252	11.002529	2999
0.250000	0.063883	0.272170	0.278937	0.153683	10.000000	10.637187	11.002644	2999
0.250000	0.059430	0.281683	0.279150	0.157543	10.000000	10.655256	11.002548	2999
0.250000	0.066780	0.265893	0.278083	0.150237	10.000000	10.628433	11.002382	2999
0.250000	0.090023	0.231443	0.281343	0.136170	10.000000	10.561571	11.002357	2999
0.250000	0.070107	0.259770	0.277993	0.146780	10.000000	10.617832	11.002441	2999
0.250000	0.051027	0.298110	0.279227	0.164177	10.000000	10.683955	11.002450	2999
0.250000	0.057430	0.284863	0.278767	0.158873	10.000000	10.661224	11.002434	2999
0.250000	0.057450	0.285783	0.279027	0.159480	10.000000	10.661222	11.002607	2999
0.250000	0.075707	0.254167	0.279850	0.144690	10.000000	10.605375	11.002586	2999
0.250000	0.051973	0.295973	0.279693	0.163323	10.000000	10.682069	11.002299	2999
0.250000	0.063670	0.271370	0.278763	0.152687	10.000000	10.637864	11.002504	2999
0.250000	0.078967	0.245237	0.278863	0.140880	10.000000	10.590738	11.002833	2999
0.250000	0.049517	0.303863	0.279630	0.166850	10.000000	10.695223	11.002879	2999
0.250000	0.060037	0.281280	0.278897	0.157193	10.000000	10.652970	11.002542	2999
0.250000	0.050520	0.300030	0.279603	0.164747	10.000000	10.688143	11.002560	2999
0.250000	0.079437	0.249217	0.280480	0.142513	10.000000	10.594629	11.002630	2999
0.250000	0.055360	0.288077	0.278253	0.160127	10.000000	10.667928	11.002743	2999
0.250000	0.079723	0.246837	0.279733	0.143513	10.000000	10.591904	11.003044	2999
0.250000	0.063937	0.272087	0.277650	0.153573	10.000000	10.637767	11.002884	2999
0.250000	0.048410	0.305590	0.279790	0.166580	10.000000	10.696090	11.002716	2999
0.250000	0.056863	0.286540	0.278527	0.158883	10.000000	10.664013	11.002803	2999
0.250000	0.055480	0.287380	0.278390	0.158690	10.000000	10.666965	11.002840	2999
0.250000	0.071380	0.259497	0.278280	0.147640	10.000000	10.614350	11.002422	2999
0.250000	0.058737	0.282273	0.278577	0.157517	10.000000	10.656615	11.002535	2999
0.250000	0.058323	0.284053	0.279943	0.157917	10.000000	10.657224	11.002662	2999
0.250000	0.077803	0.250467	0.280157	0.144093	10.000000	10.595015	11.002432	2999
0.250000	0.076220	0.252303	0.279263	0.144993	10.000000	10.599882	11.002658	2999
0.250000	0.057143	0.284687	0.278607	0.157970	10.000000	10.661536	11.003262	2999
0.250000	0.057763	0.284620	0.278787	0.158673	10.000000	10.660304	11.002694	2999
0.250000	0.061800	0.275140	0.277697	0.154160	10.000000	10.645560	11.002800	2999
0.250000	0.055270	0.288697	0.279287	0.159647	10.000000	10.668891	11.002900	2999
0.250000	0.054460	0.292063	0.279477	0.161807	10.000000	10.673833	11.002594	2999
0.250000	0.064573	0.270353	0.277603	0.152200	10.000000	10.635279	11.002933	2999
0.250000	0.060717	0.277073	0.277833	0.155030	10.000000	10.647901	11.002703	2999
0.250000	0.069740	0.261410	0.278837	0.148327	10.000000	10.617714	11.002215	2999
0.250000	0.070610	0.260027	0.279023	0.147737	10.000000	10.617628	11.002838	2999
0.250000	0.072617	0.256180	0.278877	0.145623	10.000000	10.610342	11.002668	2999
0.250000	0.050980	0.299320	0.280103	0.164123	10.000000	10.686960	11.002594	2999
0.250000	0.064257	0.272827	0.278443	0.153667	10.000000	10.636620	11.002308	2999
0.250000	0.057860	0.284677	0.278833	0.157710	10.000000	10.658968	11.002398	2999
0.250000	0.056320	0.286483	0.278800	0.158433	10.000000	10.665344	11.003553	2999
0.250000	0.054627	0.291330	0.279450	0.161543	10.000000	10.673417	11.002914	2999
0.250000	0.061227	0.278303	0.278453	0.155580	10.000000	10.647786	11.002584	2999
0.250000	0.063040	0.273453	0.278627	0.152700	10.000000	10.640436	11.002409	2999
0.250000	0.071347	0.260440	0.279127	0.147530	10.000000	10.615363	11.003058	2999
0.250000	0.067460	0.267180	0.278600	0.151247	10.000000	10.627818	11.002828	2999
0.250000	0.065497	0.269437	0.278020	0.151523	10.000000	10.632940	11.002622	2999
0.250000	0.081617	0.246617	0.282580	0.141580	10.000000	10.590155	11.002857	2999
0.250000	0.083210	0.242547	0.280613	0.140157	10.000000	10.583342	11.002715	2999
0.250000	0.062647	0.274637	0.278670	0.153640	10.000000	10.643088	11.002571	2999
0.250000	0.058927	0.280567	0.278177	0.156817	10.000000	10.654983	11.002780	2999
0.250000	0.075453	0.252320	0.279223	0.145383	10.000000	10.599944	11.002525	2999
0.250000	0.076717	0.250700	0.279057	0.144337	10.000000	10.599344	11.003001	2999
0.250000	0.060090	0.279323	0.278937	0.156543	10.000000	10.651409	11.002822	2999
0.250000	0.058137	0.283130	0.278320	0.158153	10.000000	10.658815	11.002727	2999
0.250000	0.083397	0.244987	0.282120	0.141680	10.000000	10.585514	11.002534	2999
0.250000	0.067503	0.264957	0.277350	0.150383	10.000000	10.626345	11.003069	2999
0.250000	0.074943	0.253263	0.278833	0.145313	10.000000	10.603771	11.002997	2999
0.250000	0.064543	0.271073	0.278440	0.152113	10.000000	10.636339	11.002903	2999
0.250000	0.067563	0.266420	0.278247	0.150033	10.000000	10.625164	11.002614	2999
0.250000	0.062550	0.275310	0.278733	0.154190	10.000000	10.643776	11.003036	2999
0.250000	0.062993	0.273467	0.278893	0.154390	10.000000	10.639966	11.002463	2999
0.250000	0.058790	0.283153	0.279243	0.157677	10.000000	10.656345	11.002642	2999
0.250000	0.057327	0.284313	0.279297	0.158537	10.000000	10.659954	11.002407	2999
0.250000	0.056040	0.289213	0.279657	0.159633	10.000000	10.667486	11.002923	2999
0.250000	0.069270	0.263107	0.278247	0.149120	10.000000	10.621956	11.002429	2999
0.250000	0.071923	0.256160	0.278023	0.146077	10.000000	10.611422	11.002740	2999
0.250000	0.065940	0.267627	0.278927	0.151093	10.000000	10.631852	11.002793	2999
0.250000	0.053633	0.292157	0.278613	0.161830	10.000000	10.674298	11.002548	2999
0.250000	0.055320	0.289000	0.278807	0.159630	10.000000	10.668381	11.002707	2999
0.250000	0.065473	0.272333	0.279917	0.152737	10.000000	10.635205	11.002989	2999
0.250000	0.060310	0.278543	0.278867	0.155167	10.000000	10.651418	11.002690	2999
0.250000	0.067277	0.264703	0.278433	0.149403	10.000000	10.628464	11.003044	2999
0.250000	0.075010	0.253090	0.278560	0.145347	10.000000	10.602434	11.002458	2999
0.250000	0.054257	0.291783	0.279230	0.161693	10.000000	10.673497	11.002572	2999
0.250000	0.061683	0.277433	0.279153	0.155563	10.000000	10.646181	11.003080	2999
0.250000	0.071780	0.258373	0.278797	0.147407	10.000000	10.612195	11.002811	2999
0.250000	0.052780	0.295717	0.279003	0.162557	10.000000	10.677109	11.002625	2999
0.250000	0.052843	0.293523	0.279140	0.162547	10.000000	10.677721	11.002593	2999
0.250000	0.067153	0.267310	0.278543	0.151560	10.000000	10.627615	11.002784	2999
0.250000	0.058717	0.281083	0.278703	0.157407	10.000000	10.656050	11.002070	2999
0.250000	0.082443	0.242110	0.280097	0.139447	10.000000	10.581263	11.002860	2999
0.250000	0.053877	0.294277	0.279653	0.162767	10.000000	10.676202	11.002678	2999
0.250000	0.055977	0.288287	0.279033	0.159503	10.000000	10.669192	11.002276	2999
0.250000	0.073307	0.262013	0.281313	0.149833	10.000000	10.615625	11.002817	2999
0.250000	0.065147	0.271840	0.279330	0.153097	10.000000	10.633993	11.002549	2999
0.250000	0.074090	0.254420	0.279263	0.145303	10.000000	10.607103	11.002941	2999
0.250000	0.077723	0.247643	0.279347	0.142317	10.000000	10.596046	11.002596	2999
0.250000	0.056253	0.287227	0.279093	0.159333	10.000000	10.664992	11.002507	2999
0.250000	0.051630	0.297430	0.279090	0.164573	10.000000	10.681154	11.002136	2999
0.250000	0.046507	0.308910	0.280597	0.168147	10.000000	10.703039	11.002598	2999
0.250000	0.057553	0.288300	0.280420	0.159877	10.000000	10.664757	11.002416	2999
0.250000	0.059607	0.283083	0.280087	0.157300	10.000000	10.657905	11.002976	2999
0.250000	0.047340	0.309413	0.281017	0.169410	10.000000	10.701767	11.002545	2999
0.250000	0.031100	0.116103	0.211350	0.061813	10.000000	10.782359	11.502733	2999
0.250000	0.023550	0.132160	0.211053	0.068710	10.000000	10.832479	11.502740	2999
0.250000	0.027730	0.123750	0.211613	0.065470	10.000000	10.804197	11.502481	2999
0.250000	0.024237	0.131430	0.210140	0.069013	10.000000	10.830791	11.502939	2999
0.250000	0.033130	0.111587	0.211267	0.059913	10.000000	10.771676	11.503180	2999
0.250000	0.027357	0.125263	0.211430	0.065740	10.000000	10.810213	11.503126	2999
0.250000	0.025630	0.127060	0.210897	0.066377	10.000000	10.817224	11.502305	2999
0.250000	0.026730	0.125090	0.210817	0.065730	10.000000	10.811152	11.502877	2999
0.250000	0.029200	0.120053	0.210873	0.064070	10.000000	10.795438	11.502767	2999
0.250000	0.022670	0.137340	0.213253	0.072237	10.000000	10.843199	11.502596	2999
0.250000	0.029663	0.119550	0.211453	0.063673	10.000000	10.791977	11.502640	2999
0.250000	0.032510	0.113413	0.211337	0.060353	10.000000	10.775307	11.502613	2999
0.250000	0.031313	0.115703	0.210990	0.061070	10.000000	10.782755	11.502288	2999
0.250000	0.038473	0.102160	0.211543	0.054607	10.000000	10.742272	11.502313	2999
0.250000	0.029647	0.118543	0.211240	0.062820	10.000000	10.793610	11.502916	2999
0.250000	0.034757	0.110870	0.212503	0.059370	10.000000	10.766305	11.502516	2999
0.250000	0.027737	0.124853	0.211210	0.066293	10.000000	10.808916	11.502891	2999
0.250000	0.031637	0.114583	0.210810	0.060677	10.000000	10.779889	11.502803	2999
0.250000	0.026087	0.126567	0.211177	0.066450	10.000000	10.814393	11.502767	2999
0.250000	0.031940	0.114717	0.211083	0.061040	10.000000	10.779572	11.502640	2999
0.250000	0.025350	0.130870	0.212850	0.068867	10.000000	10.827435	11.502653	2999
0.250000	0.026560	0.124820	0.209973	0.065900	10.000000	10.810792	11.502718	2999
0.250000	0.034833	0.112147	0.212710	0.059600	10.000000	10.768068	11.502687	2999
0.250000	0.038057	0.107083	0.212740	0.057437	10.000000	10.753518	11.502506	2999
0.250000	0.031627	0.113070	0.210547	0.059770	10.000000	10.775726	11.502539	2999
0.250000	0.032900	0.112223	0.211107	0.059797	10.000000	10.771854	11.502428	2999
0.250000	0.028050	0.121500	0.210383	0.063940	10.000000	10.801251	11.502779	2999
0.250000	0.040517	0.100010	0.211973	0.054117	10.000000	10.730460	11.502738	2999
0.250000	0.026763	0.125113	0.211163	0.066103	10.000000	10.810637	11.502633	2999
0.250000	0.028350	0.121453	0.210300	0.064117	10.000000	10.801588	11.502633	2999
0.250000	0.019460	0.147290	0.214163	0.076603	10.000000	10.869689	11.502739	2999
0.250000	0.031387	0.114133	0.209850	0.060893	10.000000	10.780896	11.502683	2999
0.250000	0.029283	0.120153	0.210713	0.063717	10.000000	10.795864	11.502515	2999
0.250000	0.025447	0.127920	0.211280	0.067807	10.000000	10.818367	11.502272	2999
0.250000	0.024003	0.132587	0.211240	0.069993	10.000000	10.831358	11.502575	2999
0.250000	0.031140	0.116947	0.211047	0.061690	10.000000	10.784324	11.502467	2999
0.250000	0.031393	0.115040	0.211270	0.060730	10.000000	10.782128	11.502852	2999
0.250000	0.037890	0.105610	0.212050	0.056000	10.000000	10.747944	11.502561	2999
0.250000	0.022403	0.136933	0.212197	0.071697	10.000000	10.845829	11.502865	2999
0.250000	0.021230	0.139273	0.212323	0.072027	10.000000	10.851755	11.502590	2999
0.250000	0.023300	0.135170	0.211947	0.070843	10.000000	10.838712	11.502756	2999
0.250000	0.033440	0.110167	0.211003	0.058697	10.000000	10.766848	11.502301	2999
0.250000	0.035733	0.107307	0.211627	0.057413	10.000000	10.756205	11.502217	2999
0.250000	0.040517	0.101300	0.212577	0.054863	10.000000	10.731544	11.502437	2999
0.250000	0.022727	0.135663	0.212257	0.071253	10.000000	10.841564	11.502560	2999
0.250000	0.029427	0.119197	0.210430	0.063277	10.000000	10.794701	11.502832	2999
0.250000	0.035433	0.105903	0.210140	0.056640	10.000000	10.754987	11.502692	2999
0.250000	0.034157	0.111623	0.211163	0.059493	10.000000	10.769050	11.502720	2999
0.250000	0.031397	0.117497	0.211400	0.062193	10.000000	10.785106	11.502514	2999
0.250000	0.031430	0.115700	0.210793	0.060970	10.000000	10.782069	11.503097	2999
0.250000	0.034653	0.109617	0.210480	0.058297	10.000000	10.761665	11.502621	2999
0.250000	0.028810	0.119623	0.210660	0.062910	10.000000	10.798394	11.502957	2999
0.250000	0.022107	0.139303	0.213377	0.072253	10.000000	10.848032	11.502844	2999
0.250000	0.025263	0.129283	0.210893	0.067673	10.000000	10.822202	11.502385	2999
0.250000	0.024240	0.130543	0.210987	0.068550	10.000000	10.827124	11.502462	2999
0.250000	0.029660	0.119453	0.211187	0.063087	10.000000	10.792819	11.502656	2999
0.250000	0.030643	0.119987	0.212573	0.063880	10.000000	10.791850	11.502760	2999
0.250000	0.039220	0.101460	0.211947	0.054803	10.000000	10.738015	11.502611	2999
0.250000	0.031033	0.117210	0.211643	0.062020	10.000000	10.784601	11.502510	2999
0.250000	0.029047	0.120480	0.211107	0.064513	10.000000	10.797454	11.502338	2999
0.250000	0.031350	0.114203	0.209843	0.061140	10.000000	10.780332	11.502157	2999
0.250000	0.030947	0.116227	0.211237	0.062000	10.000000	10.784900	11.502837	2999
0.250000	0.030683	0.117823	0.211173	0.062447	10.000000	10.789515	11.502359	2999
0.250000	0.026067	0.127340	0.211667	0.066797	10.000000	10.817486	11.502414	2999
0.250000	0.029070	0.119760	0.210440	0.062980	10.000000	10.796957	11.502370	2999
0.250000	0.024737	0.130807	0.211613	0.069273	10.000000	10.826775	11.502583	2999
0.250000	0.030480	0.117240	0.211200	0.061927	10.000000	10.787073	11.502855	2999
0.250000	0.023053	0.135970	0.212383	0.071510	10.000000	10.840991	11.502770	2999
0.250000	0.034700	0.110100	0.210800	0.059017	10.000000	10.765358	11.502696	2999
0.250000	0.026060	0.126597	0.211293	0.066477	10.000000	10.815709	11.502775	2999
0.250000	0.022977	0.136913	0.212620	0.071627	10.000000	10.843494	11.502634	2999
0.250000	0.026793	0.125597	0.211293	0.066043	10.000000	10.813487	11.502740	2999
0.250000	0.028433	0.119997	0.210037	0.063690	10.000000	10.797952	11.502374	2999
0.250000	0.028917	0.120830	0.211430	0.063387	10.000000	10.797494	11.502498	2999
0.250000	0.034007	0.110983	0.211120	0.059503	10.000000	10.766212	11.502367	2999
0.250000	0.024807	0.130257	0.211260	0.068993	10.000000	10.825799	11.502499	2999
0.250000	0.031993	0.113750	0.211117	0.060260	10.000000	10.777118	11.502639	2999
0.250000	0.031380	0.115400	0.210797	0.061453	10.000000	10.782878	11.503051	2999
0.250000	0.032270	0.114283	0.211283	0.060850	10.000000	10.777130	11.502674	2999
0.250000	0.024403	0.130493	0.211190	0.068340	10.000000	10.828944	11.502454	2999
0.250000	0.021557	0.139870	0.213037	0.072997	10.000000	10.851924	11.502556	2999
0.250000	0.024917	0.129037	0.211590	0.067933	10.000000	10.823805	11.502504	2999
0.250000	0.030907	0.115433	0.209863	0.060643	10.000000	10.783161	11.502497	2999
0.250000	0.028667	0.120317	0.209883	0.063003	10.000000	10.798058	11.502832	2999
0.250000	0.024627	0.133660	0.212547	0.069880	10.000000	10.831269	11.502485	2999
0.250000	0.033067	0.111840	0.210807	0.058990	10.000000	10.770249	11.502742	2999
0.250000	0.027910	0.122603	0.210757	0.064757	10.000000	10.801883	11.502719	2999
0.250000	0.022533	0.136363	0.212007	0.071693	10.000000	10.842649	11.502411	2999
0.250000	0.022520	0.136993	0.212083	0.071497	10.000000	10.842490	11.502391	2999
0.250000	0.024107	0.132143	0.211377	0.069163	10.000000	10.831671	11.502501	2999
0.250000	0.037470	0.109513	0.212983	0.058677	10.000000	10.758111	11.502991	2999
0.250000	0.032537	0.110960	0.210147	0.058753	10.000000	10.773674	11.502864	2999
0.250000	0.028660	0.120087	0.211097	0.063887	10.000000	10.796715	11.502535	2999
0.250000	0.041423	0.099367	0.212360	0.054170	10.000000	10.728935	11.502702	2999
0.250000	0.034507	0.109037	0.211747	0.058810	10.000000	10.762492	11.502759	2999
0.250000	0.027893	0.122103	0.210383	0.064617	10.000000	10.803759	11.502573	2999
0.250000	0.030307	0.117010	0.211020	0.062297	10.000000	10.789246	11.502314	2999
0.250000	0.032313	0.113247	0.210073	0.060343	10.000000	10.775217	11.502974	2999
0.250000	0.027817	0.122880	0.210883	0.064493	10.000000	10.806237	11.502762	2999
0.250000	0.028310	0.120577	0.211023	0.064223	10.000000	10.799434	11.502752	2999
0.250000	0.016403	0.033683	0.174073	0.017293	10.000000	10.896857	12.002706	2999
0.250000	0.013737	0.037247	0.172373	0.019140	10.000000	10.930189	12.002691	2999
0.250000	0.012970	0.039767	0.173547	0.020310	10.000000	10.942594	12.002581	2999
0.250000	0.015287	0.036713	0.174027	0.018893	10.000000	10.915889	12.002644	2999
0.250000	0.009450	0.046423	0.173760	0.023597	10.000000	10.991257	12.002276	2999
0.250000	0.015903	0.035713	0.173853	0.018187	10.000000	10.909742	12.002695	2999
0.250000	0.010390	0.044243	0.173303	0.022530	10.000000	10.976510	12.002395	2999
0.250000	0.011320	0.044190	0.173890	0.022400	10.000000	10.969692	12.002743	2999
0.250000	0.008237	0.053297	0.174263	0.027080	10.000000	11.024162	12.002504	2999
0.250000	0.008160	0.052333	0.173550	0.026590	10.000000	11.021966	12.002134	2999
0.250000	0.017360	0.032010	0.174100	0.016567	10.000000	10.885717	12.002629	2999
0.250000	0.014243	0.036737	0.173453	0.019113	10.000000	10.921569	12.002274	2999
0.250000	0.009127	0.048710	0.173413	0.024833	10.000000	11.005550	12.002608	2999
0.250000	0.008550	0.049507	0.173513	0.025127	10.000000	11.007600	12.002916	2999
0.250000	0.008990	0.049220	0.174157	0.025010	10.000000	11.006014	12.002655	2999
0.250000	0.008467	0.049843	0.173270	0.025280	10.000000	11.008233	12.002489	2999
0.250000	0.010257	0.044307	0.173473	0.022433	10.000000	10.977041	12.002695	2999
0.250000	0.012660	0.040053	0.172953	0.020317	10.000000	10.947147	12.002789	2999
0.250000	0.007097	0.054650	0.174533	0.027663	10.000000	11.036516	12.002412	2999
0.250000	0.012060	0.044313	0.174223	0.022760	10.000000	10.967417	12.002717	2999
0.250000	0.011940	0.040743	0.173333	0.020923	10.000000	10.951676	12.002723	2999
0.250000	0.019633	0.029757	0.174820	0.014997	10.000000	10.865071	12.002671	2999
0.250000	0.010540	0.043927	0.173407	0.022183	10.000000	10.972612	12.002606	2999
0.250000	0.011523	0.042070	0.172527	0.021717	10.000000	10.959640	12.002669	2999
0.250000	0.012193	0.040010	0.172820	0.020550	10.000000	10.950161	12.002750	2999
0.250000	0.009057	0.047767	0.173223	0.024227	10.000000	10.997944	12.002354	2999
0.250000	0.010543	0.044307	0.173663	0.022647	10.000000	10.972849	12.002735	2999
0.250000	0.012253	0.040840	0.172643	0.021140	10.000000	10.949081	12.002708	2999
0.250000	0.011490	0.046593	0.174040	0.024020	10.000000	10.980988	12.002502	2999
0.250000	0.011807	0.043207	0.173997	0.022093	10.000000	10.963903	12.002658	2999
0.250000	0.012037	0.040993	0.173793	0.021083	10.000000	10.955103	12.003012	2999
0.250000	0.009200	0.047750	0.173120	0.024297	10.000000	10.999928	12.002456	2999
0.250000	0.011483	0.042623	0.173260	0.021953	10.000000	10.962413	12.002591	2999
0.250000	0.012740	0.039477	0.173357	0.020343	10.000000	10.942548	12.002459	2999
0.250000	0.010643	0.045003	0.173500	0.022913	10.000000	10.977163	12.002561	2999
0.250000	0.014753	0.037477	0.173710	0.019193	10.000000	10.927089	12.002349	2999
0.250000	0.011067	0.043577	0.172857	0.022190	10.000000	10.969059	12.002869	2999
0.250000	0.017173	0.033193	0.174153	0.017167	10.000000	10.892912	12.002850	2999
0.250000	0.015657	0.034570	0.173650	0.017813	10.000000	10.907135	12.002644	2999
0.250000	0.010687	0.045017	0.174120	0.023043	10.000000	10.977670	12.002441	2999
0.250000	0.011230	0.042440	0.173473	0.021747	10.000000	10.960869	12.002563	2999
0.250000	0.009537	0.048950	0.173903	0.025100	10.000000	11.001945	12.002761	2999
0.250000	0.015547	0.035070	0.173333	0.018150	10.000000	10.910554	12.002679	2999
0.250000	0.009580	0.046570	0.172417	0.023800	10.000000	10.988520	12.002605	2999
0.250000	0.015267	0.035507	0.173957	0.018270	10.000000	10.914075	12.002986	2999
0.250000	0.014493	0.036627	0.172717	0.018843	10.000000	10.923238	12.002524	2999
0.250000	0.006757	0.056387	0.174213	0.028560	10.000000	11.049253	12.002951	2999
0.250000	0.009417	0.048930	0.173523	0.024737	10.000000	11.005673	12.002691	2999
0.250000	0.014793	0.039583	0.173983	0.020517	10.000000	10.932162	12.002543	2999
0.250000	0.010747	0.044860	0.172813	0.023140	10.000000	10.978315	12.002837	2999
0.250000	0.015433	0.035737	0.174197	0.018090	10.000000	10.914275	12.002717	2999
0.250000	0.017377	0.032820	0.173970	0.016957	10.000000	10.888972	12.003046	2999
0.250000	0.008190	0.050917	0.174293	0.026007	10.000000	11.021004	12.002405	2999
0.250000	0.009067	0.048523	0.173250	0.025113	10.000000	11.003324	12.002751	2999
0.250000	0.011580	0.041930	0.172747	0.021230	10.000000	10.958605	12.002819	2999
0.250000	0.014327	0.036847	0.173793	0.018967	10.000000	10.922529	12.002444	2999
0.250000	0.013773	0.037317	0.173560	0.019177	10.000000	10.926803	12.002629	2999
0.250000	0.015513	0.035253	0.173420	0.018210	10.000000	10.910071	12.002545	2999
0.250000	0.012187	0.041600	0.173763	0.021350	10.000000	10.951953	12.002203	2999
0.250000	0.008557	0.049417	0.173263	0.024933	10.000000	11.009798	12.002601	2999
0.250000	0.012797	0.040053	0.173150	0.020573	10.000000	10.945851	12.002819	2999
0.250000	0.011663	0.042147	0.173333	0.021277	10.000000	10.960968	12.002404	2999
0.250000	0.011100	0.043853	0.173617	0.022357	10.000000	10.970700	12.002539	2999
0.250000	0.017900	0.032390	0.174780	0.016707	10.000000	10.887089	12.002778	2999
0.250000	0.010307	0.045767	0.173633	0.023150	10.000000	10.981784	12.002798	2999
0.250000	0.015730	0.034193	0.173593	0.017873	10.000000	10.904989	12.002272	2999
0.250000	0.014530	0.037500	0.173340	0.019210	10.000000	10.923720	12.002982	2999
0.250000	0.015120	0.035400	0.173773	0.017943	10.000000	10.914987	12.002664	2999
0.250000	0.011337	0.042887	0.173310	0.022027	10.000000	10.961936	12.002287	2999
0.250000	0.013213	0.038157	0.172167	0.019723	10.000000	10.936218	12.002515	2999
0.250000	0.008183	0.054663	0.175627	0.027860	10.000000	11.031897	12.002674	2999
0.250000	0.009823	0.044983	0.173723	0.022930	10.000000	10.982233	12.002602	2999
0.250000	0.018463	0.030880	0.174090	0.016177	10.000000	10.877647	12.002829	2999
0.250000	0.014577	0.036793	0.173477	0.018960	10.000000	10.923175	12.002580	2999
0.250000	0.009177	0.048227	0.173580	0.024630	10.000000	10.998713	12.002923	2999
0.250000	0.006883	0.056350	0.174500	0.028797	10.000000	11.044441	12.002197	2999
0.250000	0.010847	0.043147	0.173267	0.021947	10.000000	10.970036	12.002877	2999
0.250000	0.008867	0.053317	0.174700	0.027373	10.000000	11.021219	12.003244	2999
0.250000	0.013607	0.039527	0.173937	0.020430	10.000000	10.937317	12.002550	2999
0.250000	0.013353	0.037843	0.171993	0.019310	10.000000	10.933157	12.002503	2999
0.250000	0.011033	0.043447	0.172963	0.022070	10.000000	10.969644	12.002712	2999
0.250000	0.012793	0.039973	0.173720	0.020573	10.000000	10.943537	12.003035	2999
0.250000	0.013033	0.038937	0.173487	0.020103	10.000000	10.936617	12.002897	2999
0.250000	0.009860	0.046983	0.173823	0.024160	10.000000	10.992023	12.002603	2999
0.250000	0.008897	0.050330	0.174447	0.025370	10.000000	11.011663	12.002504	2999
0.250000	0.013617	0.038357	0.172827	0.019823	10.000000	10.932225	12.002656	2999
0.250000	0.009267	0.047040	0.173463	0.023787	10.000000	10.996003	12.002854	2999
0.250000	0.012050	0.042247	0.174110	0.021387	10.000000	10.959225	12.002679	2999
0.250000	0.010043	0.045357	0.173513	0.023267	10.000000	10.980522	12.002516	2999
0.250000	0.007423	0.054060	0.174883	0.027380	10.000000	11.031556	12.002232	2999
0.250000	0.011657	0.040810	0.173073	0.021223	10.000000	10.957421	12.002442	2999
0.250000	0.012297	0.040383	0.173957	0.020680	10.000000	10.949643	12.002724	2999
0.250000	0.014757	0.036487	0.173750	0.018550	10.000000	10.918866	12.002536	2999
0.250000	0.015530	0.034657	0.174130	0.017813	10.000000	10.908868	12.003127	2999
0.250000	0.008853	0.048527	0.173500	0.024840	10.000000	11.004754	12.002593	2999
0.250000	0.004840	0.068977	0.177117	0.034863	10.000000	11.105419	12.002648	2999
0.250000	0.011507	0.042000	0.173153	0.021637	10.000000	10.960139	12.002441	2999
0.250000	0.011950	0.042387	0.173067	0.021837	10.000000	10.959244	12.002547	2999
0.250000	0.007847	0.052383	0.173793	0.026273	10.000000	11.026588	12.002463	2999
0.250000	0.010797	0.044500	0.173480	0.022463	10.000000	10.979426	12.002707	2999
