sd_size	sd_par_size	min_size_dif	sd_patt	sd_par_patt	min_patt_dif	typ1_err	typ2_err	avg_size	avg_size_thr	avg_patt	avg_patt_thr	avg_par_size	avg_par_patt	end_gen
0.416667	0.600000	0.000000	0.416667	0.600000	2.000000	0.029853	0.021850	10.000000	14.110761	10.000000	10.786890	10.000113	12.000455	2999
0.416667	0.600000	0.000000	0.416667	0.600000	2.000000	0.022717	0.026363	10.000000	12.762645	10.000000	10.834395	10.000136	11.999714	2999
0.416667	0.600000	0.000000	0.416667	0.600000	2.000000	0.016347	0.033227	10.000000	12.603455	10.000000	10.894525	9.999666	11.999847	2999
0.416667	0.600000	0.000000	0.416667	0.600000	2.000000	0.013660	0.037140	10.000000	12.224761	10.000000	10.927254	9.999945	12.000457	2999
0.416667	0.600000	0.000000	0.416667	0.600000	2.000000	0.016670	0.032847	10.000000	12.536992	10.000000	10.891151	10.000323	11.999078	2999
0.416667	0.600000	0.000000	0.416667	0.600000	2.000000	0.017933	0.031617	10.000000	12.971195	10.000000	10.877080	9.999939	11.999960	2999
0.416667	0.600000	0.000000	0.416667	0.600000	2.000000	0.025563	0.024307	10.000000	12.553061	10.000000	10.816760	9.999839	12.000821	2999
0.416667	0.600000	0.000000	0.416667	0.600000	2.000000	0.017637	0.032747	10.000000	11.768853	10.000000	10.889554	9.999749	12.000230	2999
0.416667	0.600000	0.000000	0.416667	0.600000	2.000000	0.029393	0.021793	10.000000	12.943868	10.000000	10.789306	9.999656	12.000607	2999
0.416667	0.600000	0.000000	0.416667	0.600000	2.000000	0.021363	0.028757	10.000000	11.837828	10.000000	10.859033	10.000293	12.000174	2999
0.416667	0.600000	0.000000	0.416667	0.600000	2.000000	0.013253	0.037440	10.000000	12.340602	10.000000	10.931115	10.000187	11.999422	2999
0.416667	0.600000	0.000000	0.416667	0.600000	2.000000	0.016130	0.032500	10.000000	13.111396	10.000000	10.893317	10.000591	11.999301	2999
0.416667	0.600000	0.000000	0.416667	0.600000	2.000000	0.027363	0.023430	10.000000	12.282465	10.000000	10.802443	9.999615	12.000054	2999
0.416667	0.600000	0.000000	0.416667	0.600000	2.000000	0.016213	0.034240	10.000000	12.157891	10.000000	10.902737	10.000978	12.000014	2999
0.416667	0.600000	0.000000	0.416667	0.600000	2.000000	0.023150	0.026267	10.000000	13.103403	10.000000	10.836449	9.999789	12.000871	2999
0.416667	0.600000	0.000000	0.416667	0.600000	2.000000	0.019960	0.029723	10.000000	12.034650	10.000000	10.859058	9.999891	11.999758	2999
0.416667	0.600000	0.000000	0.416667	0.600000	2.000000	0.016810	0.031787	10.000000	12.191538	10.000000	10.888090	9.999665	11.999915	2999
0.416667	0.600000	0.000000	0.416667	0.600000	2.000000	0.025487	0.025300	10.000000	12.318718	10.000000	10.819213	10.000358	11.999563	2999
0.416667	0.600000	0.000000	0.416667	0.600000	2.000000	0.016603	0.032893	10.000000	14.738689	10.000000	10.891439	9.999146	11.999579	2999
0.416667	0.600000	0.000000	0.416667	0.600000	2.000000	0.015957	0.033587	10.000000	13.106725	10.000000	10.896548	10.000369	12.000058	2999
0.416667	0.600000	0.000000	0.416667	0.600000	2.000000	0.025027	0.025373	10.000000	14.930084	10.000000	10.819833	10.000486	11.999731	2999
0.416667	0.600000	0.000000	0.416667	0.600000	2.000000	0.013960	0.036407	10.000000	11.635415	10.000000	10.923113	10.000075	11.999814	2999
0.416667	0.600000	0.000000	0.416667	0.600000	2.000000	0.015817	0.034700	10.000000	11.511078	10.000000	10.903251	9.999696	11.999507	2999
0.416667	0.600000	0.000000	0.416667	0.600000	2.000000	0.015753	0.033850	10.000000	12.142101	10.000000	10.904957	10.000001	11.999998	2999
0.416667	0.600000	0.000000	0.416667	0.600000	2.000000	0.013053	0.038163	10.000000	12.006412	10.000000	10.933389	9.999433	11.999298	2999
0.416667	0.600000	0.000000	0.416667	0.600000	2.000000	0.018107	0.031270	10.000000	12.432070	10.000000	10.873054	9.999732	11.999488	2999
0.416667	0.600000	0.000000	0.416667	0.600000	2.000000	0.021983	0.026700	10.000000	12.111224	10.000000	10.839189	10.000528	11.999488	2999
0.416667	0.600000	0.000000	0.416667	0.600000	2.000000	0.017577	0.031863	10.000000	12.016608	10.000000	10.884485	10.000319	12.000238	2999
0.416667	0.600000	0.000000	0.416667	0.600000	2.000000	0.012660	0.039300	10.000000	11.384553	10.000000	10.951038	10.000071	12.000483	2999
0.416667	0.600000	0.000000	0.416667	0.600000	2.000000	0.022493	0.027187	10.000000	13.000229	10.000000	10.843069	9.999642	12.000498	2999
0.416667	0.600000	0.000000	0.416667	0.600000	2.000000	0.020193	0.028373	10.000000	11.552136	10.000000	10.859435	10.000537	12.000068	2999
0.416667	0.600000	0.000000	0.416667	0.600000	2.000000	0.019640	0.029407	10.000000	12.444029	10.000000	10.863648	10.000222	11.999949	2999
0.416667	0.600000	0.000000	0.416667	0.600000	2.000000	0.016893	0.032280	10.000000	13.650162	10.000000	10.888068	9.999781	11.999043	2999
0.416667	0.600000	0.000000	0.416667	0.600000	2.000000	0.020243	0.028833	10.000000	12.245164	10.000000	10.856079	10.000094	11.999797	2999
0.416667	0.600000	0.000000	0.416667	0.600000	2.000000	0.020007	0.028893	10.000000	12.335446	10.000000	10.859479	10.000135	11.999780	2999
0.416667	0.600000	0.000000	0.416667	0.600000	2.000000	0.014647	0.034760	10.000000	15.366952	10.000000	10.908745	10.000039	11.999481	2999
0.416667	0.600000	0.000000	0.416667	0.600000	2.000000	0.020360	0.028387	10.000000	14.510672	10.000000	10.856164	9.999183	11.999725	2999
0.416667	0.600000	0.000000	0.416667	0.600000	2.000000	0.013277	0.037333	10.000000	13.264504	10.000000	10.929149	10.000395	12.000193	2999
0.416667	0.600000	0.000000	0.416667	0.600000	2.000000	0.016883	0.032387	10.000000	12.843257	10.000000	10.888082	9.999685	11.999787	2999
0.416667	0.600000	0.000000	0.416667	0.600000	2.000000	0.025867	0.024027	10.000000	11.975367	10.000000	10.811615	10.000175	12.000066	2999
0.416667	0.600000	0.000000	0.416667	0.600000	2.000000	0.024710	0.025067	10.000000	13.264716	10.000000	10.822077	9.999974	11.999639	2999
0.416667	0.600000	0.000000	0.416667	0.600000	2.000000	0.023847	0.025940	10.000000	11.613643	10.000000	10.829511	9.999753	11.999382	2999
0.416667	0.600000	0.000000	0.416667	0.600000	2.000000	0.015490	0.032950	10.000000	12.806166	10.000000	10.900001	10.000665	12.000153	2999
0.416667	0.600000	0.000000	0.416667	0.600000	2.000000	0.023097	0.026717	10.000000	11.622723	10.000000	10.837017	10.000774	12.000221	2999
0.416667	0.600000	0.000000	0.416667	0.600000	2.000000	0.020313	0.033870	10.000000	12.883788	10.000000	10.882397	10.000339	11.999917	2999
0.416667	0.600000	0.000000	0.416667	0.600000	2.000000	0.015953	0.035977	10.000000	11.456098	10.000000	10.921363	9.999591	12.001086	2999
0.416667	0.600000	0.000000	0.416667	0.600000	2.000000	0.020423	0.030020	10.000000	11.224797	10.000000	10.878211	9.999362	12.000725	2999
0.416667	0.600000	0.000000	0.416667	0.600000	2.000000	0.016157	0.032477	10.000000	12.211855	10.000000	10.895511	10.000393	12.000720	2999
0.416667	0.600000	0.000000	0.416667	0.600000	2.000000	0.014520	0.036780	10.000000	13.448971	10.000000	10.931286	10.000036	12.000460	2999
0.416667	0.600000	0.000000	0.416667	0.600000	2.000000	0.015137	0.034253	10.000000	12.058761	10.000000	10.907623	10.000310	12.000477	2999
0.416667	0.600000	0.000000	0.416667	0.600000	2.000000	0.012380	0.040607	10.000000	11.970468	10.000000	10.946469	10.000012	11.999390	2999
0.416667	0.600000	0.000000	0.416667	0.600000	2.000000	0.014947	0.035177	10.000000	13.791937	10.000000	10.907646	9.999914	11.999990	2999
0.416667	0.600000	0.000000	0.416667	0.600000	2.000000	0.025437	0.024967	10.000000	11.966581	10.000000	10.816948	9.999655	11.999335	2999
0.416667	0.600000	0.000000	0.416667	0.600000	2.000000	0.020163	0.029037	10.000000	13.106545	10.000000	10.858262	9.999767	12.000198	2999
0.416667	0.600000	0.000000	0.416667	0.600000	2.000000	0.018003	0.030860	10.000000	12.667882	10.000000	10.880097	10.000483	11.999555	2999
0.416667	0.600000	0.000000	0.416667	0.600000	2.000000	0.017997	0.030927	10.000000	14.531192	10.000000	10.876753	10.000005	11.999461	2999
0.416667	0.600000	0.000000	0.416667	0.600000	2.000000	0.023127	0.025997	10.000000	11.769177	10.000000	10.833602	10.000067	12.000074	2999
0.416667	0.600000	0.000000	0.416667	0.600000	2.000000	0.028020	0.023540	10.000000	12.884928	10.000000	10.801875	10.000629	12.000002	2999
0.416667	0.600000	0.000000	0.416667	0.600000	2.000000	0.017427	0.031243	10.000000	13.484123	10.000000	10.882711	10.000358	12.000820	2999
0.416667	0.600000	0.000000	0.416667	0.600000	2.000000	0.018587	0.031390	10.000000	13.187395	10.000000	10.875469	10.001084	12.000181	2999
0.416667	0.600000	0.000000	0.416667	0.600000	2.000000	0.017363	0.033033	10.000000	15.009563	10.000000	10.885929	9.999859	11.999962	2999
0.416667	0.600000	0.000000	0.416667	0.600000	2.000000	0.027280	0.023720	10.000000	13.776026	10.000000	10.801697	10.000204	11.999532	2999
0.416667	0.600000	0.000000	0.416667	0.600000	2.000000	0.016510	0.032943	10.000000	12.381260	10.000000	10.892548	10.000330	11.999540	2999
0.416667	0.600000	0.000000	0.416667	0.600000	2.000000	0.023407	0.026587	10.000000	11.732901	10.000000	10.840259	9.999588	12.000071	2999
0.416667	0.600000	0.000000	0.416667	0.600000	2.000000	0.021657	0.028463	10.000000	12.508319	10.000000	10.849313	9.999798	12.000511	2999
0.416667	0.600000	0.000000	0.416667	0.600000	2.000000	0.016150	0.033850	10.000000	11.634059	10.000000	10.900214	10.000355	12.000797	2999
0.416667	0.600000	0.000000	0.416667	0.600000	2.000000	0.021250	0.027683	10.000000	13.343503	10.000000	10.848896	9.999836	12.000126	2999
0.416667	0.600000	0.000000	0.416667	0.600000	2.000000	0.015507	0.035317	10.000000	11.580603	10.000000	10.913107	9.999978	11.999994	2999
0.416667	0.600000	0.000000	0.416667	0.600000	2.000000	0.028103	0.023537	10.000000	11.503988	10.000000	10.804781	9.999866	12.000158	2999
0.416667	0.600000	0.000000	0.416667	0.600000	2.000000	0.020657	0.028870	10.000000	12.121261	10.000000	10.856600	9.999996	11.999996	2999
0.416667	0.600000	0.000000	0.416667	0.600000	2.000000	0.021057	0.027990	10.000000	14.376925	10.000000	10.849946	9.999853	11.999823	2999
0.416667	0.600000	0.000000	0.416667	0.600000	2.000000	0.020740	0.028170	10.000000	13.323123	10.000000	10.850413	10.000517	11.999747	2999
0.416667	0.600000	0.000000	0.416667	0.600000	2.000000	0.021277	0.028497	10.000000	12.161983	10.000000	10.853597	9.999934	11.999394	2999
0.416667	0.600000	0.000000	0.416667	0.600000	2.000000	0.019153	0.029713	10.000000	11.549233	10.000000	10.867510	10.000077	12.000326	2999
0.416667	0.600000	0.000000	0.416667	0.600000	2.000000	0.020073	0.029037	10.000000	11.700460	10.000000	10.858830	9.999842	12.000766	2999
0.416667	0.600000	0.000000	0.416667	0.600000	2.000000	0.015470	0.034583	10.000000	12.349098	10.000000	10.906065	10.000283	11.999726	2999
0.416667	0.600000	0.000000	0.416667	0.600000	2.000000	0.024697	0.025607	10.000000	12.359671	10.000000	10.824923	9.999192	12.000198	2999
0.416667	0.600000	0.000000	0.416667	0.600000	2.000000	0.020787	0.027803	10.000000	12.135821	10.000000	10.851515	10.000555	11.999556	2999
0.416667	0.600000	0.000000	0.416667	0.600000	2.000000	0.023930	0.024867	10.000000	12.728185	10.000000	10.827623	9.999564	12.000653	2999
0.416667	0.600000	0.000000	0.416667	0.600000	2.000000	0.026700	0.024107	10.000000	11.970626	10.000000	10.809002	9.999962	11.999308	2999
0.416667	0.600000	0.000000	0.416667	0.600000	2.000000	0.011220	0.041593	10.000000	13.601901	10.000000	10.956774	10.000333	12.000034	2999
0.416667	0.600000	0.000000	0.416667	0.600000	2.000000	0.017650	0.031843	10.000000	13.163480	10.000000	10.880143	10.000650	12.000203	2999
0.416667	0.600000	0.000000	0.416667	0.600000	2.000000	0.015413	0.034243	10.000000	11.807197	10.000000	10.902414	9.999534	12.000127	2999
0.416667	0.600000	0.000000	0.416667	0.600000	2.000000	0.019383	0.029567	10.000000	14.268032	10.000000	10.864613	9.999939	11.999961	2999
0.416667	0.600000	0.000000	0.416667	0.600000	2.000000	0.021367	0.027433	10.000000	12.089832	10.000000	10.847828	10.000217	11.999873	2999
0.416667	0.600000	0.000000	0.416667	0.600000	2.000000	0.019747	0.029367	10.000000	11.842887	10.000000	10.864449	9.999566	11.999782	2999
0.416667	0.600000	0.000000	0.416667	0.600000	2.000000	0.016730	0.032897	10.000000	11.801813	10.000000	10.891641	9.999640	12.000596	2999
0.416667	0.600000	0.000000	0.416667	0.600000	2.000000	0.016933	0.031870	10.000000	12.093294	10.000000	10.887469	10.000504	12.000521	2999
0.416667	0.600000	0.000000	0.416667	0.600000	2.000000	0.024020	0.025827	10.000000	11.677747	10.000000	10.829279	10.000100	11.999645	2999
0.416667	0.600000	0.000000	0.416667	0.600000	2.000000	0.021177	0.028110	10.000000	12.394504	10.000000	10.848830	10.000790	11.999784	2999
0.416667	0.600000	0.000000	0.416667	0.600000	2.000000	0.023767	0.026677	10.000000	12.025230	10.000000	10.833426	10.000164	12.000140	2999
0.416667	0.600000	0.000000	0.416667	0.600000	2.000000	0.018693	0.029950	10.000000	12.350940	10.000000	10.874969	10.000742	11.999701	2999
0.416667	0.600000	0.000000	0.416667	0.600000	2.000000	0.015720	0.033947	10.000000	13.635631	10.000000	10.900707	10.000445	11.999783	2999
0.416667	0.600000	0.000000	0.416667	0.600000	2.000000	0.025313	0.024940	10.000000	13.156944	10.000000	10.818396	9.999562	11.999936	2999
0.416667	0.600000	0.000000	0.416667	0.600000	2.000000	0.016203	0.034393	10.000000	11.958328	10.000000	10.903898	9.999351	12.000073	2999
0.416667	0.600000	0.000000	0.416667	0.600000	2.000000	0.018637	0.031040	10.000000	12.202639	10.000000	10.879411	9.999645	11.999528	2999
0.416667	0.600000	0.000000	0.416667	0.600000	2.000000	0.024400	0.025420	10.000000	12.188782	10.000000	10.824711	10.000223	11.999856	2999
0.416667	0.600000	0.000000	0.416667	0.600000	2.000000	0.016103	0.033203	10.000000	13.493527	10.000000	10.895529	10.000257	12.000317	2999
0.416667	0.600000	0.000000	0.416667	0.600000	2.000000	0.017363	0.032883	10.000000	11.786136	10.000000	10.894887	9.999878	12.000534	2999
0.416667	0.600000	0.000000	0.416667	0.600000	2.000000	0.031820	0.020907	10.000000	11.559394	10.000000	10.777723	9.999487	11.999994	2999
0.416667	0.600000	0.500000	0.416667	0.600000	1.500000	0.049200	0.078237	10.000000	11.216942	10.000000	10.687970	10.500481	11.499383	2999
0.416667	0.600000	0.500000	0.416667	0.600000	1.500000	0.041280	0.086013	10.000000	11.125667	10.000000	10.739290	10.500814	11.499934	2999
0.416667	0.600000	0.500000	0.416667	0.600000	1.500000	0.031947	0.099673	10.000000	11.088649	10.000000	10.791569	10.499772	11.499960	2999
0.416667	0.600000	0.500000	0.416667	0.600000	1.500000	0.064950	0.063013	10.000000	11.135204	10.000000	10.636768	10.499622	11.500049	2999
0.416667	0.600000	0.500000	0.416667	0.600000	1.500000	0.047897	0.078227	10.000000	11.259143	10.000000	10.689353	10.499777	11.499857	2999
0.416667	0.600000	0.500000	0.416667	0.600000	1.500000	0.045210	0.081930	10.000000	11.322958	10.000000	10.698606	10.500192	11.500498	2999
0.416667	0.600000	0.500000	0.416667	0.600000	1.500000	0.045150	0.079993	10.000000	11.085016	10.000000	10.717079	10.500550	11.499558	2999
0.416667	0.600000	0.500000	0.416667	0.600000	1.500000	0.041527	0.084137	10.000000	11.120095	10.000000	10.728614	10.501127	11.501049	2999
0.416667	0.600000	0.500000	0.416667	0.600000	1.500000	0.063827	0.063883	10.000000	11.005696	10.000000	10.664846	10.500862	11.500337	2999
0.416667	0.600000	0.500000	0.416667	0.600000	1.500000	0.050550	0.074020	10.000000	11.027032	10.000000	10.703498	10.500396	11.500493	2999
0.416667	0.600000	0.500000	0.416667	0.600000	1.500000	0.052917	0.075577	10.000000	11.341204	10.000000	10.668001	10.499377	11.499437	2999
0.416667	0.600000	0.500000	0.416667	0.600000	1.500000	0.045300	0.081520	10.000000	11.139962	10.000000	10.722418	10.500097	11.500166	2999
0.416667	0.600000	0.500000	0.416667	0.600000	1.500000	0.043100	0.082683	10.000000	11.193247	10.000000	10.716734	10.500366	11.499228	2999
0.416667	0.600000	0.500000	0.416667	0.600000	1.500000	0.057260	0.071133	10.000000	11.249219	10.000000	10.654105	10.500013	11.499900	2999
0.416667	0.600000	0.500000	0.416667	0.600000	1.500000	0.040320	0.085700	10.000000	11.007310	10.000000	10.758873	10.500128	11.500695	2999
0.416667	0.600000	0.500000	0.416667	0.600000	1.500000	0.043447	0.082523	10.000000	11.050688	10.000000	10.737292	10.499727	11.500372	2999
0.416667	0.600000	0.500000	0.416667	0.600000	1.500000	0.042250	0.082683	10.000000	11.123101	10.000000	10.725153	10.501324	11.499161	2999
0.416667	0.600000	0.500000	0.416667	0.600000	1.500000	0.046083	0.078633	10.000000	11.128728	10.000000	10.709276	10.499585	11.500296	2999
0.416667	0.600000	0.500000	0.416667	0.600000	1.500000	0.059180	0.067640	10.000000	11.173341	10.000000	10.652881	10.499876	11.499621	2999
0.416667	0.600000	0.500000	0.416667	0.600000	1.500000	0.060740	0.065843	10.000000	10.976093	10.000000	10.670857	10.500464	11.499842	2999
0.416667	0.600000	0.500000	0.416667	0.600000	1.500000	0.052300	0.073890	10.000000	11.012850	10.000000	10.707292	10.499698	11.500372	2999
0.416667	0.600000	0.500000	0.416667	0.600000	1.500000	0.063730	0.063723	10.000000	11.024879	10.000000	10.649716	10.499998	11.500081	2999
0.416667	0.600000	0.500000	0.416667	0.600000	1.500000	0.045177	0.080877	10.000000	11.143396	10.000000	10.714006	10.499530	11.500192	2999
0.416667	0.600000	0.500000	0.416667	0.600000	1.500000	0.048133	0.078263	10.000000	10.952596	10.000000	10.731400	10.500195	11.499689	2999
0.416667	0.600000	0.500000	0.416667	0.600000	1.500000	0.043377	0.085800	10.000000	10.989591	10.000000	10.756967	10.499659	11.500173	2999
0.416667	0.600000	0.500000	0.416667	0.600000	1.500000	0.054760	0.071023	10.000000	11.076089	10.000000	10.679767	10.500362	11.500245	2999
0.416667	0.600000	0.500000	0.416667	0.600000	1.500000	0.036337	0.093503	10.000000	11.249457	10.000000	10.745100	10.499823	11.500455	2999
0.416667	0.600000	0.500000	0.416667	0.600000	1.500000	0.048323	0.077477	10.000000	11.006383	10.000000	10.718304	10.499408	11.500750	2999
0.416667	0.600000	0.500000	0.416667	0.600000	1.500000	0.041950	0.086960	10.000000	11.209335	10.000000	10.741277	10.500127	11.499331	2999
0.416667	0.600000	0.500000	0.416667	0.600000	1.500000	0.038760	0.089550	10.000000	11.065626	10.000000	10.758477	10.500311	11.499168	2999
0.416667	0.600000	0.500000	0.416667	0.600000	1.500000	0.038597	0.088507	10.000000	11.054129	10.000000	10.757423	10.499663	11.499678	2999
0.416667	0.600000	0.500000	0.416667	0.600000	1.500000	0.046783	0.076883	10.000000	11.042882	10.000000	10.713231	10.499527	11.499790	2999
0.416667	0.600000	0.500000	0.416667	0.600000	1.500000	0.047200	0.077030	10.000000	11.058445	10.000000	10.712899	10.500288	11.501140	2999
0.416667	0.600000	0.500000	0.416667	0.600000	1.500000	0.041347	0.085093	10.000000	11.049394	10.000000	10.745605	10.500175	11.500543	2999
0.416667	0.600000	0.500000	0.416667	0.600000	1.500000	0.038530	0.088707	10.000000	11.096253	10.000000	10.750386	10.499884	11.500385	2999
0.416667	0.600000	0.500000	0.416667	0.600000	1.500000	0.059907	0.067890	10.000000	11.192889	10.000000	10.647296	10.500098	11.500549	2999
0.416667	0.600000	0.500000	0.416667	0.600000	1.500000	0.051040	0.077797	10.000000	10.998634	10.000000	10.733248	10.499907	11.500266	2999
0.416667	0.600000	0.500000	0.416667	0.600000	1.500000	0.051983	0.073700	10.000000	11.022028	10.000000	10.697923	10.500019	11.499505	2999
0.416667	0.600000	0.500000	0.416667	0.600000	1.500000	0.037610	0.089283	10.000000	11.168604	10.000000	10.741519	10.500276	11.499678	2999
0.416667	0.600000	0.500000	0.416667	0.600000	1.500000	0.040053	0.087083	10.000000	11.098711	10.000000	10.752915	10.499904	11.500736	2999
0.416667	0.600000	0.500000	0.416667	0.600000	1.500000	0.041170	0.086953	10.000000	11.133101	10.000000	10.745264	10.499560	11.499379	2999
0.416667	0.600000	0.500000	0.416667	0.600000	1.500000	0.066230	0.062043	10.000000	11.072257	10.000000	10.637155	10.500305	11.499212	2999
0.416667	0.600000	0.500000	0.416667	0.600000	1.500000	0.042523	0.083933	10.000000	11.061452	10.000000	10.732040	10.500767	11.499406	2999
0.416667	0.600000	0.500000	0.416667	0.600000	1.500000	0.041887	0.085040	10.000000	11.041555	10.000000	10.747792	10.499775	11.499425	2999
0.416667	0.600000	0.500000	0.416667	0.600000	1.500000	0.043117	0.081987	10.000000	11.055044	10.000000	10.732520	10.499846	11.499905	2999
0.416667	0.600000	0.500000	0.416667	0.600000	1.500000	0.034453	0.094123	10.000000	11.072878	10.000000	10.775105	10.499667	11.500503	2999
0.416667	0.600000	0.500000	0.416667	0.600000	1.500000	0.045493	0.085220	10.000000	10.881351	10.000000	10.784907	10.499592	11.501137	2999
0.416667	0.600000	0.500000	0.416667	0.600000	1.500000	0.037117	0.088973	10.000000	11.122021	10.000000	10.750653	10.499644	11.500053	2999
0.416667	0.600000	0.500000	0.416667	0.600000	1.500000	0.054280	0.070743	10.000000	11.075211	10.000000	10.677703	10.500191	11.499319	2999
0.416667	0.600000	0.500000	0.416667	0.600000	1.500000	0.046900	0.080947	10.000000	11.343909	10.000000	10.690978	10.499487	11.499180	2999
0.416667	0.600000	0.500000	0.416667	0.600000	1.500000	0.036277	0.092013	10.000000	11.125042	10.000000	10.756205	10.500567	11.499217	2999
0.416667	0.600000	0.500000	0.416667	0.600000	1.500000	0.052827	0.072057	10.000000	10.990492	10.000000	10.700115	10.499778	11.500092	2999
0.416667	0.600000	0.500000	0.416667	0.600000	1.500000	0.035647	0.093237	10.000000	11.036728	10.000000	10.776592	10.499787	11.499620	2999
0.416667	0.600000	0.500000	0.416667	0.600000	1.500000	0.057043	0.068547	10.000000	11.046015	10.000000	10.672337	10.499515	11.499761	2999
0.416667	0.600000	0.500000	0.416667	0.600000	1.500000	0.041843	0.085723	10.000000	10.943848	10.000000	10.768838	10.500139	11.499916	2999
0.416667	0.600000	0.500000	0.416667	0.600000	1.500000	0.059413	0.065470	10.000000	10.956743	10.000000	10.679597	10.499149	11.500096	2999
0.416667	0.600000	0.500000	0.416667	0.600000	1.500000	0.038013	0.090970	10.000000	11.056937	10.000000	10.766280	10.499173	11.500504	2999
0.416667	0.600000	0.500000	0.416667	0.600000	1.500000	0.046103	0.079163	10.000000	11.097596	10.000000	10.710707	10.500636	11.500459	2999
0.416667	0.600000	0.500000	0.416667	0.600000	1.500000	0.059967	0.068663	10.000000	11.257026	10.000000	10.643319	10.500041	11.500482	2999
0.416667	0.600000	0.500000	0.416667	0.600000	1.500000	0.045513	0.080283	10.000000	11.190511	10.000000	10.703558	10.500315	11.500019	2999
0.416667	0.600000	0.500000	0.416667	0.600000	1.500000	0.041223	0.084873	10.000000	11.131122	10.000000	10.732290	10.500836	11.500762	2999
0.416667	0.600000	0.500000	0.416667	0.600000	1.500000	0.039960	0.088303	10.000000	11.229971	10.000000	10.736354	10.500085	11.500258	2999
0.416667	0.600000	0.500000	0.416667	0.600000	1.500000	0.064153	0.064057	10.000000	11.044382	10.000000	10.648248	10.499442	11.500288	2999
0.416667	0.600000	0.500000	0.416667	0.600000	1.500000	0.039460	0.086553	10.000000	11.078922	10.000000	10.748797	10.499986	11.499575	2999
0.416667	0.600000	0.500000	0.416667	0.600000	1.500000	0.038827	0.088323	10.000000	11.015570	10.000000	10.764471	10.499759	11.500040	2999
0.416667	0.600000	0.500000	0.416667	0.600000	1.500000	0.051870	0.074100	10.000000	11.073741	10.000000	10.716517	10.500780	11.500523	2999
0.416667	0.600000	0.500000	0.416667	0.600000	1.500000	0.047830	0.079047	10.000000	10.945545	10.000000	10.746676	10.499931	11.500406	2999
0.416667	0.600000	0.500000	0.416667	0.600000	1.500000	0.040613	0.085123	10.000000	11.049796	10.000000	10.742506	10.499055	11.499763	2999
0.416667	0.600000	0.500000	0.416667	0.600000	1.500000	0.039550	0.086680	10.000000	11.160910	10.000000	10.741904	10.499869	11.499775	2999
0.416667	0.600000	0.500000	0.416667	0.600000	1.500000	0.058770	0.066990	10.000000	11.083156	10.000000	10.659345	10.499523	11.500113	2999
0.416667	0.600000	0.500000	0.416667	0.600000	1.500000	0.046060	0.078180	10.000000	11.150566	10.000000	10.704175	10.500565	11.500569	2999
0.416667	0.600000	0.500000	0.416667	0.600000	1.500000	0.045607	0.081120	10.000000	11.106676	10.000000	10.718807	10.499162	11.499982	2999
0.416667	0.600000	0.500000	0.416667	0.600000	1.500000	0.042313	0.084743	10.000000	11.155775	10.000000	10.724065	10.499976	11.500026	2999
0.416667	0.600000	0.500000	0.416667	0.600000	1.500000	0.041880	0.084977	10.000000	11.114822	10.000000	10.728406	10.500134	11.499731	2999
0.416667	0.600000	0.500000	0.416667	0.600000	1.500000	0.057140	0.071997	10.000000	11.346035	10.000000	10.648477	10.499317	11.499432	2999
0.416667	0.600000	0.500000	0.416667	0.600000	1.500000	0.045363	0.081157	10.000000	10.974300	10.000000	10.740348	10.500241	11.499665	2999
0.416667	0.600000	0.500000	0.416667	0.600000	1.500000	0.047893	0.079040	10.000000	11.185449	10.000000	10.701842	10.499993	11.500967	2999
0.416667	0.600000	0.500000	0.416667	0.600000	1.500000	0.041517	0.083620	10.000000	11.048823	10.000000	10.738318	10.500325	11.499970	2999
0.416667	0.600000	0.500000	0.416667	0.600000	1.500000	0.046520	0.079033	10.000000	11.108250	10.000000	10.711694	10.500129	11.500265	2999
0.416667	0.600000	0.500000	0.416667	0.600000	1.500000	0.053613	0.072980	10.000000	10.996383	10.000000	10.703290	10.500660	11.500324	2999
0.416667	0.600000	0.500000	0.416667	0.600000	1.500000	0.044670	0.082590	10.000000	11.067735	10.000000	10.731686	10.500371	11.499646	2999
0.416667	0.600000	0.500000	0.416667	0.600000	1.500000	0.057453	0.067553	10.000000	11.035655	10.000000	10.674313	10.499648	11.499771	2999
0.416667	0.600000	0.500000	0.416667	0.600000	1.500000	0.056363	0.069183	10.000000	10.978389	10.000000	10.691616	10.500118	11.499738	2999
0.416667	0.600000	0.500000	0.416667	0.600000	1.500000	0.049800	0.075343	10.000000	11.133935	10.000000	10.705805	10.500617	11.500207	2999
0.416667	0.600000	0.500000	0.416667	0.600000	1.500000	0.044063	0.080987	10.000000	11.092427	10.000000	10.724778	10.498849	11.500175	2999
0.416667	0.600000	0.500000	0.416667	0.600000	1.500000	0.049910	0.077877	10.000000	11.296617	10.000000	10.681791	10.499648	11.499380	2999
0.416667	0.600000	0.500000	0.416667	0.600000	1.500000	0.051783	0.073590	10.000000	11.197105	10.000000	10.675643	10.499683	11.499560	2999
0.416667	0.600000	0.500000	0.416667	0.600000	1.500000	0.042900	0.082340	10.000000	11.068129	10.000000	10.731047	10.499774	11.499978	2999
0.416667	0.600000	0.500000	0.416667	0.600000	1.500000	0.047937	0.077757	10.000000	11.012066	10.000000	10.723753	10.499976	11.500328	2999
0.416667	0.600000	0.500000	0.416667	0.600000	1.500000	0.044093	0.082893	10.000000	10.997995	10.000000	10.748612	10.500226	11.500346	2999
0.416667	0.600000	0.500000	0.416667	0.600000	1.500000	0.051657	0.074810	10.000000	11.094911	10.000000	10.691340	10.499668	11.500077	2999
0.416667	0.600000	0.500000	0.416667	0.600000	1.500000	0.054657	0.072613	10.000000	10.943758	10.000000	10.713947	10.499946	11.499385	2999
0.416667	0.600000	0.500000	0.416667	0.600000	1.500000	0.065547	0.064137	10.000000	11.229691	10.000000	10.628426	10.500703	11.499767	2999
0.416667	0.600000	0.500000	0.416667	0.600000	1.500000	0.042960	0.083417	10.000000	11.001487	10.000000	10.746596	10.500226	11.500299	2999
0.416667	0.600000	0.500000	0.416667	0.600000	1.500000	0.049133	0.075143	10.000000	11.136339	10.000000	10.691810	10.500228	11.499799	2999
0.416667	0.600000	0.500000	0.416667	0.600000	1.500000	0.042907	0.082117	10.000000	11.040690	10.000000	10.735349	10.499925	11.499796	2999
0.416667	0.600000	0.500000	0.416667	0.600000	1.500000	0.054047	0.072473	10.000000	10.987796	10.000000	10.695836	10.499845	11.499582	2999
0.416667	0.600000	0.500000	0.416667	0.600000	1.500000	0.039797	0.086320	10.000000	11.137914	10.000000	10.734438	10.499685	11.500390	2999
0.416667	0.600000	0.500000	0.416667	0.600000	1.500000	0.046977	0.078273	10.000000	11.118618	10.000000	10.708488	10.500241	11.500137	2999
0.416667	0.600000	0.500000	0.416667	0.600000	1.500000	0.036993	0.089967	10.000000	11.235713	10.000000	10.751556	10.499264	11.498863	2999
0.416667	0.600000	1.000000	0.416667	0.600000	1.000000	0.076727	0.104840	10.000000	10.801855	10.000000	10.655070	11.000088	10.999700	2999
0.416667	0.600000	1.000000	0.416667	0.600000	1.000000	0.074780	0.104723	10.000000	10.757994	10.000000	10.692097	11.001221	10.999846	2999
0.416667	0.600000	1.000000	0.416667	0.600000	1.000000	0.063413	0.116630	10.000000	10.746328	10.000000	10.762901	11.000288	11.000114	2999
0.416667	0.600000	1.000000	0.416667	0.600000	1.000000	0.082167	0.097997	10.000000	10.743509	10.000000	10.673275	11.001096	10.999731	2999
0.416667	0.600000	1.000000	0.416667	0.600000	1.000000	0.085337	0.097310	10.000000	10.776554	10.000000	10.638367	11.000451	10.999119	2999
0.416667	0.600000	1.000000	0.416667	0.600000	1.000000	0.067680	0.112433	10.000000	10.685022	10.000000	10.811112	11.000112	10.999259	2999
0.416667	0.600000	1.000000	0.416667	0.600000	1.000000	0.077770	0.102813	10.000000	10.658764	10.000000	10.786200	11.000234	11.000107	2999
0.416667	0.600000	1.000000	0.416667	0.600000	1.000000	0.056493	0.124383	10.000000	10.771566	10.000000	10.773028	10.999558	10.999163	2999
0.416667	0.600000	1.000000	0.416667	0.600000	1.000000	0.058923	0.122003	10.000000	10.726671	10.000000	10.811823	10.999791	11.000362	2999
0.416667	0.600000	1.000000	0.416667	0.600000	1.000000	0.069580	0.109307	10.000000	10.738776	10.000000	10.730972	10.999828	11.000434	2999
0.416667	0.600000	1.000000	0.416667	0.600000	1.000000	0.074493	0.104770	10.000000	10.764105	10.000000	10.687882	11.000130	11.000388	2999
0.416667	0.600000	1.000000	0.416667	0.600000	1.000000	0.079737	0.101297	10.000000	10.706304	10.000000	10.721055	11.000132	10.999794	2999
0.416667	0.600000	1.000000	0.416667	0.600000	1.000000	0.081617	0.098017	10.000000	10.685742	10.000000	10.733113	10.999801	11.000336	2999
0.416667	0.600000	1.000000	0.416667	0.600000	1.000000	0.068503	0.110597	10.000000	10.715949	10.000000	10.761679	11.001051	10.999785	2999
0.416667	0.600000	1.000000	0.416667	0.600000	1.000000	0.060463	0.120217	10.000000	10.744632	10.000000	10.778220	10.999935	11.000504	2999
0.416667	0.600000	1.000000	0.416667	0.600000	1.000000	0.089947	0.092250	10.000000	10.700428	10.000000	10.680502	11.000160	11.000076	2999
0.416667	0.600000	1.000000	0.416667	0.600000	1.000000	0.075490	0.103553	10.000000	10.743608	10.000000	10.695484	10.999358	10.999209	2999
0.416667	0.600000	1.000000	0.416667	0.600000	1.000000	0.070147	0.111753	10.000000	10.672758	10.000000	10.817236	10.999746	11.000549	2999
0.416667	0.600000	1.000000	0.416667	0.600000	1.000000	0.075717	0.104820	10.000000	10.776600	10.000000	10.674779	10.999714	11.000329	2999
0.416667	0.600000	1.000000	0.416667	0.600000	1.000000	0.062803	0.120823	10.000000	10.689481	10.000000	10.846530	10.999672	11.000294	2999
0.416667	0.600000	1.000000	0.416667	0.600000	1.000000	0.068387	0.114490	10.000000	10.672583	10.000000	10.832959	11.000193	10.999974	2999
0.416667	0.600000	1.000000	0.416667	0.600000	1.000000	0.066800	0.120873	10.000000	10.885057	10.000000	10.657276	10.999755	10.999588	2999
0.416667	0.600000	1.000000	0.416667	0.600000	1.000000	0.085647	0.100153	10.000000	10.611287	10.000000	10.828853	11.000073	11.000396	2999
0.416667	0.600000	1.000000	0.416667	0.600000	1.000000	0.082270	0.099227	10.000000	10.647767	10.000000	10.783589	11.000642	11.000027	2999
0.416667	0.600000	1.000000	0.416667	0.600000	1.000000	0.067837	0.112087	10.000000	10.755105	10.000000	10.729657	11.000017	10.999661	2999
0.416667	0.600000	1.000000	0.416667	0.600000	1.000000	0.076180	0.104310	10.000000	10.748380	10.000000	10.703294	11.000728	10.999458	2999
0.416667	0.600000	1.000000	0.416667	0.600000	1.000000	0.070683	0.107403	10.000000	10.755376	10.000000	10.712376	11.000048	10.999623	2999
0.416667	0.600000	1.000000	0.416667	0.600000	1.000000	0.064310	0.115430	10.000000	10.762009	10.000000	10.738235	10.999245	10.999716	2999
0.416667	0.600000	1.000000	0.416667	0.600000	1.000000	0.069007	0.110320	10.000000	10.683689	10.000000	10.800821	10.999640	10.999703	2999
0.416667	0.600000	1.000000	0.416667	0.600000	1.000000	0.075587	0.103953	10.000000	10.692281	10.000000	10.752346	11.000146	10.999744	2999
0.416667	0.600000	1.000000	0.416667	0.600000	1.000000	0.083753	0.096830	10.000000	10.712145	10.000000	10.691066	11.000004	11.000552	2999
0.416667	0.600000	1.000000	0.416667	0.600000	1.000000	0.063860	0.114423	10.000000	10.758995	10.000000	10.744026	10.999827	10.999679	2999
0.416667	0.600000	1.000000	0.416667	0.600000	1.000000	0.055520	0.126717	10.000000	10.775128	10.000000	10.783590	10.999635	10.999488	2999
0.416667	0.600000	1.000000	0.416667	0.600000	1.000000	0.069820	0.112643	10.000000	10.827309	10.000000	10.670312	11.000365	11.000714	2999
0.416667	0.600000	1.000000	0.416667	0.600000	1.000000	0.066220	0.116980	10.000000	10.855170	10.000000	10.669200	11.000109	10.999725	2999
0.416667	0.600000	1.000000	0.416667	0.600000	1.000000	0.077017	0.101057	10.000000	10.717345	10.000000	10.717804	10.999830	11.000379	2999
0.416667	0.600000	1.000000	0.416667	0.600000	1.000000	0.057550	0.122727	10.000000	10.790678	10.000000	10.749573	11.000030	10.999553	2999
0.416667	0.600000	1.000000	0.416667	0.600000	1.000000	0.080963	0.100103	10.000000	10.759783	10.000000	10.667129	11.000074	11.000323	2999
0.416667	0.600000	1.000000	0.416667	0.600000	1.000000	0.065160	0.114363	10.000000	10.791366	10.000000	10.710428	10.999380	11.000501	2999
0.416667	0.600000	1.000000	0.416667	0.600000	1.000000	0.089447	0.094010	10.000000	10.626294	10.000000	10.768406	11.000379	11.000557	2999
0.416667	0.600000	1.000000	0.416667	0.600000	1.000000	0.074403	0.103643	10.000000	10.701848	10.000000	10.744055	10.999646	10.999603	2999
0.416667	0.600000	1.000000	0.416667	0.600000	1.000000	0.074667	0.103900	10.000000	10.764969	10.000000	10.684272	10.999449	10.999696	2999
0.416667	0.600000	1.000000	0.416667	0.600000	1.000000	0.074423	0.103473	10.000000	10.733122	10.000000	10.713888	10.999995	10.999143	2999
0.416667	0.600000	1.000000	0.416667	0.600000	1.000000	0.074630	0.110450	10.000000	10.637567	10.000000	10.856017	11.000456	10.999835	2999
0.416667	0.600000	1.000000	0.416667	0.600000	1.000000	0.090553	0.090080	10.000000	10.687976	10.000000	10.682974	10.999775	10.999745	2999
0.416667	0.600000	1.000000	0.416667	0.600000	1.000000	0.092847	0.088620	10.000000	10.682266	10.000000	10.682736	11.000276	10.999734	2999
0.416667	0.600000	1.000000	0.416667	0.600000	1.000000	0.069713	0.109837	10.000000	10.789310	10.000000	10.694227	11.000106	10.999814	2999
0.416667	0.600000	1.000000	0.416667	0.600000	1.000000	0.071310	0.106710	10.000000	10.721674	10.000000	10.741039	11.000260	10.999895	2999
0.416667	0.600000	1.000000	0.416667	0.600000	1.000000	0.075967	0.103957	10.000000	10.678657	10.000000	10.768166	11.000437	10.999634	2999
0.416667	0.600000	1.000000	0.416667	0.600000	1.000000	0.063960	0.117057	10.000000	10.798304	10.000000	10.712797	11.000072	11.000501	2999
0.416667	0.600000	1.000000	0.416667	0.600000	1.000000	0.091100	0.093457	10.000000	10.743325	10.000000	10.647493	10.999804	11.000059	2999
0.416667	0.600000	1.000000	0.416667	0.600000	1.000000	0.057953	0.124207	10.000000	10.726508	10.000000	10.819083	11.000480	10.999461	2999
0.416667	0.600000	1.000000	0.416667	0.600000	1.000000	0.064463	0.115180	10.000000	10.774212	10.000000	10.728062	11.000229	11.000350	2999
0.416667	0.600000	1.000000	0.416667	0.600000	1.000000	0.089220	0.093763	10.000000	10.757043	10.000000	10.637999	10.999304	11.000416	2999
0.416667	0.600000	1.000000	0.416667	0.600000	1.000000	0.074123	0.104257	10.000000	10.731553	10.000000	10.718852	11.000443	10.999728	2999
0.416667	0.600000	1.000000	0.416667	0.600000	1.000000	0.062803	0.118403	10.000000	10.813519	10.000000	10.704926	11.000317	11.000427	2999
0.416667	0.600000	1.000000	0.416667	0.600000	1.000000	0.064163	0.115890	10.000000	10.787348	10.000000	10.717563	10.999851	10.999535	2999
0.416667	0.600000	1.000000	0.416667	0.600000	1.000000	0.061790	0.117953	10.000000	10.749615	10.000000	10.761481	10.999383	11.000333	2999
0.416667	0.600000	1.000000	0.416667	0.600000	1.000000	0.082533	0.099053	10.000000	10.647551	10.000000	10.776447	11.000536	10.999587	2999
0.416667	0.600000	1.000000	0.416667	0.600000	1.000000	0.082730	0.097063	10.000000	10.710360	10.000000	10.692272	10.999347	10.999390	2999
0.416667	0.600000	1.000000	0.416667	0.600000	1.000000	0.065070	0.114730	10.000000	10.794167	10.000000	10.707334	10.999375	10.999468	2999
0.416667	0.600000	1.000000	0.416667	0.600000	1.000000	0.091857	0.091837	10.000000	10.641138	10.000000	10.739410	11.000555	10.999901	2999
0.416667	0.600000	1.000000	0.416667	0.600000	1.000000	0.075133	0.109543	10.000000	10.855471	10.000000	10.636622	10.999848	10.998976	2999
0.416667	0.600000	1.000000	0.416667	0.600000	1.000000	0.077587	0.101950	10.000000	10.669808	10.000000	10.770642	11.000309	10.999858	2999
0.416667	0.600000	1.000000	0.416667	0.600000	1.000000	0.069427	0.108387	10.000000	10.734001	10.000000	10.738268	10.999815	11.000659	2999
0.416667	0.600000	1.000000	0.416667	0.600000	1.000000	0.083717	0.096173	10.000000	10.741075	10.000000	10.666621	11.000306	10.999998	2999
0.416667	0.600000	1.000000	0.416667	0.600000	1.000000	0.077017	0.103300	10.000000	10.668666	10.000000	10.777161	11.000170	11.000196	2999
0.416667	0.600000	1.000000	0.416667	0.600000	1.000000	0.083247	0.099863	10.000000	10.745184	10.000000	10.675088	10.999505	10.999859	2999
0.416667	0.600000	1.000000	0.416667	0.600000	1.000000	0.061710	0.118433	10.000000	10.792985	10.000000	10.723644	11.000114	10.999646	2999
0.416667	0.600000	1.000000	0.416667	0.600000	1.000000	0.067300	0.113070	10.000000	10.772780	10.000000	10.718814	11.000524	10.999323	2999
0.416667	0.600000	1.000000	0.416667	0.600000	1.000000	0.061397	0.118183	10.000000	10.767215	10.000000	10.751075	11.000218	10.999925	2999
0.416667	0.600000	1.000000	0.416667	0.600000	1.000000	0.084507	0.096727	10.000000	10.691426	10.000000	10.709893	11.000754	11.000208	2999
0.416667	0.600000	1.000000	0.416667	0.600000	1.000000	0.082483	0.096447	10.000000	10.732571	10.000000	10.676509	11.000311	10.999793	2999
0.416667	0.600000	1.000000	0.416667	0.600000	1.000000	0.067173	0.115703	10.000000	10.683809	10.000000	10.823462	11.000192	11.000005	2999
0.416667	0.600000	1.000000	0.416667	0.600000	1.000000	0.070400	0.108253	10.000000	10.734393	10.000000	10.730719	10.999817	10.999562	2999
0.416667	0.600000	1.000000	0.416667	0.600000	1.000000	0.071783	0.106163	10.000000	10.747323	10.000000	10.711011	11.000373	11.000372	2999
0.416667	0.600000	1.000000	0.416667	0.600000	1.000000	0.069013	0.110813	10.000000	10.708249	10.000000	10.772821	11.000058	10.999699	2999
0.416667	0.600000	1.000000	0.416667	0.600000	1.000000	0.075673	0.103500	10.000000	10.684981	10.000000	10.763550	10.999611	11.000362	2999
0.416667	0.600000	1.000000	0.416667	0.600000	1.000000	0.085277	0.095563	10.000000	10.658207	10.000000	10.742733	10.999410	10.999481	2999
0.416667	0.600000	1.000000	0.416667	0.600000	1.000000	0.096577	0.087950	10.000000	10.637977	10.000000	10.720322	11.000009	10.999715	2999
0.416667	0.600000	1.000000	0.416667	0.600000	1.000000	0.078243	0.101060	10.000000	10.678672	10.000000	10.751971	10.999288	10.999879	2999
0.416667	0.600000	1.000000	0.416667	0.600000	1.000000	0.077113	0.107233	10.000000	10.697133	10.000000	10.765035	10.999601	10.999587	2999
0.416667	0.600000	1.000000	0.416667	0.600000	1.000000	0.090977	0.092303	10.000000	10.750869	10.000000	10.636347	11.000072	10.999544	2999
0.416667	0.600000	1.000000	0.416667	0.600000	1.000000	0.079090	0.101127	10.000000	10.689347	10.000000	10.732939	11.000018	10.999631	2999
0.416667	0.600000	1.000000	0.416667	0.600000	1.000000	0.056747	0.124983	10.000000	10.775968	10.000000	10.772173	10.999610	11.000185	2999
0.416667	0.600000	1.000000	0.416667	0.600000	1.000000	0.077193	0.102620	10.000000	10.697330	10.000000	10.742062	10.999646	11.000154	2999
0.416667	0.600000	1.000000	0.416667	0.600000	1.000000	0.080547	0.097160	10.000000	10.708396	10.000000	10.705478	11.000125	10.999210	2999
0.416667	0.600000	1.000000	0.416667	0.600000	1.000000	0.064977	0.113193	10.000000	10.732601	10.000000	10.763814	10.999882	11.000403	2999
0.416667	0.600000	1.000000	0.416667	0.600000	1.000000	0.072280	0.107560	10.000000	10.690648	10.000000	10.773645	10.998817	10.999840	2999
0.416667	0.600000	1.000000	0.416667	0.600000	1.000000	0.082277	0.099467	10.000000	10.782340	10.000000	10.644813	11.000243	10.999754	2999
0.416667	0.600000	1.000000	0.416667	0.600000	1.000000	0.068457	0.112093	10.000000	10.680992	10.000000	10.814598	11.000400	11.000083	2999
0.416667	0.600000	1.000000	0.416667	0.600000	1.000000	0.077393	0.103823	10.000000	10.792015	10.000000	10.659932	11.000345	11.000119	2999
0.416667	0.600000	1.000000	0.416667	0.600000	1.000000	0.060097	0.120680	10.000000	10.753449	10.000000	10.769394	11.000076	10.999621	2999
0.416667	0.600000	1.000000	0.416667	0.600000	1.000000	0.069517	0.107763	10.000000	10.729268	10.000000	10.741840	11.000062	10.999766	2999
0.416667	0.600000	1.000000	0.416667	0.600000	1.000000	0.068047	0.111727	10.000000	10.765213	10.000000	10.721424	10.999955	11.000874	2999
0.416667	0.600000	1.000000	0.416667	0.600000	1.000000	0.060783	0.119990	10.000000	10.801985	10.000000	10.723287	11.000215	11.000020	2999
0.416667	0.600000	1.000000	0.416667	0.600000	1.000000	0.077697	0.104273	10.000000	10.810536	10.000000	10.647489	10.999712	10.999889	2999
0.416667	0.600000	1.000000	0.416667	0.600000	1.000000	0.060203	0.120850	10.000000	10.722757	10.000000	10.807211	11.000335	10.999408	2999
0.416667	0.600000	1.000000	0.416667	0.600000	1.000000	0.059897	0.121323	10.000000	10.759120	10.000000	10.768682	11.000293	10.999315	2999
0.416667	0.600000	1.000000	0.416667	0.600000	1.000000	0.055730	0.125863	10.000000	10.795650	10.000000	10.756416	10.999919	10.999434	2999
0.416667	0.600000	1.500000	0.416667	0.600000	0.500000	0.057820	0.068983	10.000000	10.666342	10.000000	11.094347	11.499948	10.500293	2999
0.416667	0.600000	1.500000	0.416667	0.600000	0.500000	0.046823	0.078037	10.000000	10.708614	10.000000	11.130832	11.500537	10.500370	2999
0.416667	0.600000	1.500000	0.416667	0.600000	0.500000	0.037430	0.090117	10.000000	10.758521	10.000000	11.066330	11.499594	10.498755	2999
0.416667	0.600000	1.500000	0.416667	0.600000	0.500000	0.039473	0.088340	10.000000	10.750319	10.000000	11.126349	11.499339	10.499884	2999
0.416667	0.600000	1.500000	0.416667	0.600000	0.500000	0.037353	0.090460	10.000000	10.774839	10.000000	11.016808	11.499512	10.499833	2999
0.416667	0.600000	1.500000	0.416667	0.600000	0.500000	0.048617	0.075870	10.000000	10.710952	10.000000	11.029319	11.501088	10.499665	2999
0.416667	0.600000	1.500000	0.416667	0.600000	0.500000	0.053227	0.072373	10.000000	10.690770	10.000000	11.030393	11.499942	10.500244	2999
0.416667	0.600000	1.500000	0.416667	0.600000	0.500000	0.044303	0.080043	10.000000	10.733103	10.000000	11.009654	11.499472	10.499837	2999
0.416667	0.600000	1.500000	0.416667	0.600000	0.500000	0.055833	0.070613	10.000000	10.673964	10.000000	11.084385	11.500425	10.499699	2999
0.416667	0.600000	1.500000	0.416667	0.600000	0.500000	0.059493	0.067750	10.000000	10.671734	10.000000	11.000376	11.499870	10.499710	2999
0.416667	0.600000	1.500000	0.416667	0.600000	0.500000	0.051937	0.078463	10.000000	10.747448	10.000000	10.951775	11.499922	10.499807	2999
0.416667	0.600000	1.500000	0.416667	0.600000	0.500000	0.049247	0.082347	10.000000	10.675961	10.000000	11.627446	11.499705	10.500087	2999
0.416667	0.600000	1.500000	0.416667	0.600000	0.500000	0.047713	0.077193	10.000000	10.706501	10.000000	11.081557	11.499842	10.499931	2999
0.416667	0.600000	1.500000	0.416667	0.600000	0.500000	0.046750	0.083310	10.000000	10.767129	10.000000	10.915863	11.499682	10.500161	2999
0.416667	0.600000	1.500000	0.416667	0.600000	0.500000	0.056793	0.068600	10.000000	10.669427	10.000000	11.070145	11.500421	10.501007	2999
0.416667	0.600000	1.500000	0.416667	0.600000	0.500000	0.048963	0.078620	10.000000	10.744980	10.000000	10.902348	11.499994	10.499976	2999
0.416667	0.600000	1.500000	0.416667	0.600000	0.500000	0.042073	0.084203	10.000000	10.720263	10.000000	11.182706	11.500344	10.499010	2999
0.416667	0.600000	1.500000	0.416667	0.600000	0.500000	0.057280	0.068347	10.000000	10.680442	10.000000	11.003938	11.500426	10.499214	2999
0.416667	0.600000	1.500000	0.416667	0.600000	0.500000	0.048833	0.077210	10.000000	10.730302	10.000000	10.951427	11.500894	10.499913	2999
0.416667	0.600000	1.500000	0.416667	0.600000	0.500000	0.074877	0.058577	10.000000	10.595031	10.000000	11.308563	11.499278	10.499725	2999
0.416667	0.600000	1.500000	0.416667	0.600000	0.500000	0.044880	0.080700	10.000000	10.727932	10.000000	11.040271	11.500750	10.499935	2999
0.416667	0.600000	1.500000	0.416667	0.600000	0.500000	0.053380	0.073593	10.000000	10.669494	10.000000	11.212750	11.500442	10.499653	2999
0.416667	0.600000	1.500000	0.416667	0.600000	0.500000	0.059213	0.067800	10.000000	10.659339	10.000000	11.096343	11.500107	10.500655	2999
0.416667	0.600000	1.500000	0.416667	0.600000	0.500000	0.045620	0.081463	10.000000	10.728357	10.000000	11.102771	11.500399	10.499242	2999
0.416667	0.600000	1.500000	0.416667	0.600000	0.500000	0.057260	0.071863	10.000000	10.649899	10.000000	11.356360	11.500058	10.500013	2999
0.416667	0.600000	1.500000	0.416667	0.600000	0.500000	0.043310	0.082517	10.000000	10.730476	10.000000	11.074523	11.500010	10.500366	2999
0.416667	0.600000	1.500000	0.416667	0.600000	0.500000	0.053447	0.074723	10.000000	10.668316	10.000000	11.278087	11.499807	10.499579	2999
0.416667	0.600000	1.500000	0.416667	0.600000	0.500000	0.065903	0.064150	10.000000	10.622939	10.000000	11.244823	11.499434	10.498923	2999
0.416667	0.600000	1.500000	0.416667	0.600000	0.500000	0.059247	0.067200	10.000000	10.680837	10.000000	10.981125	11.499923	10.499803	2999
0.416667	0.600000	1.500000	0.416667	0.600000	0.500000	0.054927	0.071423	10.000000	10.691690	10.000000	11.009164	11.500144	10.500232	2999
0.416667	0.600000	1.500000	0.416667	0.600000	0.500000	0.054917	0.070310	10.000000	10.679191	10.000000	11.081113	11.499448	10.500370	2999
0.416667	0.600000	1.500000	0.416667	0.600000	0.500000	0.041197	0.085020	10.000000	10.737678	10.000000	11.108493	11.500437	10.500452	2999
0.416667	0.600000	1.500000	0.416667	0.600000	0.500000	0.060600	0.066273	10.000000	10.646198	10.000000	11.207676	11.500019	10.500259	2999
0.416667	0.600000	1.500000	0.416667	0.600000	0.500000	0.048047	0.077513	10.000000	10.692840	10.000000	11.223025	11.500661	10.500325	2999
0.416667	0.600000	1.500000	0.416667	0.600000	0.500000	0.043850	0.080660	10.000000	10.723782	10.000000	11.086602	11.500616	10.499869	2999
0.416667	0.600000	1.500000	0.416667	0.600000	0.500000	0.054440	0.072690	10.000000	10.664661	10.000000	11.228850	11.499884	10.498893	2999
0.416667	0.600000	1.500000	0.416667	0.600000	0.500000	0.045517	0.079943	10.000000	10.727412	10.000000	11.026589	11.500136	10.500750	2999
0.416667	0.600000	1.500000	0.416667	0.600000	0.500000	0.049663	0.078353	10.000000	10.707492	10.000000	11.349351	11.499382	10.500168	2999
0.416667	0.600000	1.500000	0.416667	0.600000	0.500000	0.041533	0.087617	10.000000	10.782732	10.000000	10.923473	11.500446	10.500254	2999
0.416667	0.600000	1.500000	0.416667	0.600000	0.500000	0.044950	0.081110	10.000000	10.716748	10.000000	11.111454	11.499655	10.499923	2999
0.416667	0.600000	1.500000	0.416667	0.600000	0.500000	0.050083	0.074113	10.000000	10.686952	10.000000	11.150229	11.499608	10.500402	2999
0.416667	0.600000	1.500000	0.416667	0.600000	0.500000	0.051687	0.073490	10.000000	10.683239	10.000000	11.103517	11.499965	10.500380	2999
0.416667	0.600000	1.500000	0.416667	0.600000	0.500000	0.044280	0.085113	10.000000	10.718829	10.000000	11.215340	11.500209	10.500030	2999
0.416667	0.600000	1.500000	0.416667	0.600000	0.500000	0.052917	0.073583	10.000000	10.711422	10.000000	10.953490	11.499895	10.500642	2999
0.416667	0.600000	1.500000	0.416667	0.600000	0.500000	0.029473	0.105457	10.000000	10.798878	10.000000	11.165181	11.499936	10.499449	2999
0.416667	0.600000	1.500000	0.416667	0.600000	0.500000	0.052570	0.075397	10.000000	10.671013	10.000000	11.367982	11.499989	10.500647	2999
0.416667	0.600000	1.500000	0.416667	0.600000	0.500000	0.049857	0.078007	10.000000	10.716801	10.000000	11.085549	11.499597	10.500724	2999
0.416667	0.600000	1.500000	0.416667	0.600000	0.500000	0.042067	0.084330	10.000000	10.743318	10.000000	11.037583	11.499860	10.498982	2999
0.416667	0.600000	1.500000	0.416667	0.600000	0.500000	0.053433	0.071383	10.000000	10.684044	10.000000	11.070436	11.499490	10.500302	2999
0.416667	0.600000	1.500000	0.416667	0.600000	0.500000	0.054510	0.072407	10.000000	10.669082	10.000000	11.220292	11.499685	10.499171	2999
0.416667	0.600000	1.500000	0.416667	0.600000	0.500000	0.047050	0.081983	10.000000	10.767558	10.000000	10.897585	11.500025	10.499829	2999
0.416667	0.600000	1.500000	0.416667	0.600000	0.500000	0.045570	0.079660	10.000000	10.731632	10.000000	11.011639	11.500781	10.500294	2999
0.416667	0.600000	1.500000	0.416667	0.600000	0.500000	0.048477	0.077377	10.000000	10.706464	10.000000	11.137256	11.499985	10.500434	2999
0.416667	0.600000	1.500000	0.416667	0.600000	0.500000	0.046043	0.079170	10.000000	10.724725	10.000000	11.071692	11.500592	10.499297	2999
0.416667	0.600000	1.500000	0.416667	0.600000	0.500000	0.044267	0.080557	10.000000	10.718947	10.000000	11.093617	11.500063	10.499688	2999
0.416667	0.600000	1.500000	0.416667	0.600000	0.500000	0.045590	0.079600	10.000000	10.711308	10.000000	11.096383	11.500103	10.500332	2999
0.416667	0.600000	1.500000	0.416667	0.600000	0.500000	0.040503	0.087683	10.000000	10.740328	10.000000	11.156622	11.500112	10.499423	2999
0.416667	0.600000	1.500000	0.416667	0.600000	0.500000	0.050383	0.076517	10.000000	10.679895	10.000000	11.285658	11.500939	10.500201	2999
0.416667	0.600000	1.500000	0.416667	0.600000	0.500000	0.047823	0.079050	10.000000	10.725255	10.000000	11.031478	11.500594	10.499572	2999
0.416667	0.600000	1.500000	0.416667	0.600000	0.500000	0.040203	0.088623	10.000000	10.743853	10.000000	11.183074	11.499218	10.499924	2999
0.416667	0.600000	1.500000	0.416667	0.600000	0.500000	0.065373	0.065933	10.000000	10.647501	10.000000	11.089177	11.499971	10.500161	2999
0.416667	0.600000	1.500000	0.416667	0.600000	0.500000	0.063677	0.063907	10.000000	10.658166	10.000000	11.010015	11.498890	10.500011	2999
0.416667	0.600000	1.500000	0.416667	0.600000	0.500000	0.056417	0.069550	10.000000	10.666844	10.000000	11.195889	11.499775	10.499107	2999
0.416667	0.600000	1.500000	0.416667	0.600000	0.500000	0.056963	0.071287	10.000000	10.657740	10.000000	11.230081	11.499924	10.500315	2999
0.416667	0.600000	1.500000	0.416667	0.600000	0.500000	0.054050	0.071047	10.000000	10.682508	10.000000	11.140103	11.500021	10.500047	2999
0.416667	0.600000	1.500000	0.416667	0.600000	0.500000	0.038607	0.089457	10.000000	10.734089	10.000000	11.260076	11.500949	10.500602	2999
0.416667	0.600000	1.500000	0.416667	0.600000	0.500000	0.042830	0.083593	10.000000	10.735992	10.000000	11.061337	11.499781	10.499832	2999
0.416667	0.600000	1.500000	0.416667	0.600000	0.500000	0.048163	0.077300	10.000000	10.708512	10.000000	11.089072	11.500521	10.499576	2999
0.416667	0.600000	1.500000	0.416667	0.600000	0.500000	0.047853	0.077570	10.000000	10.700727	10.000000	11.106821	11.499974	10.500006	2999
0.416667	0.600000	1.500000	0.416667	0.600000	0.500000	0.067610	0.061663	10.000000	10.647345	10.000000	10.990561	11.499925	10.499655	2999
0.416667	0.600000	1.500000	0.416667	0.600000	0.500000	0.048697	0.077553	10.000000	10.710060	10.000000	11.110147	11.499487	10.500690	2999
0.416667	0.600000	1.500000	0.416667	0.600000	0.500000	0.039120	0.089850	10.000000	10.773325	10.000000	11.001791	11.500231	10.499971	2999
0.416667	0.600000	1.500000	0.416667	0.600000	0.500000	0.067403	0.061450	10.000000	10.639416	10.000000	11.067661	11.500232	10.499998	2999
0.416667	0.600000	1.500000	0.416667	0.600000	0.500000	0.063123	0.064720	10.000000	10.663052	10.000000	10.982629	11.500373	10.499705	2999
0.416667	0.600000	1.500000	0.416667	0.600000	0.500000	0.062987	0.065207	10.000000	10.679728	10.000000	10.956368	11.499823	10.499947	2999
0.416667	0.600000	1.500000	0.416667	0.600000	0.500000	0.056577	0.069900	10.000000	10.673545	10.000000	11.117530	11.499742	10.499824	2999
0.416667	0.600000	1.500000	0.416667	0.600000	0.500000	0.059467	0.067343	10.000000	10.659142	10.000000	11.094354	11.499517	10.499891	2999
0.416667	0.600000	1.500000	0.416667	0.600000	0.500000	0.054777	0.072527	10.000000	10.673236	10.000000	11.125819	11.499849	10.499523	2999
0.416667	0.600000	1.500000	0.416667	0.600000	0.500000	0.048077	0.079777	10.000000	10.690165	10.000000	11.302904	11.499281	10.499551	2999
0.416667	0.600000	1.500000	0.416667	0.600000	0.500000	0.037160	0.092540	10.000000	10.759691	10.000000	11.113032	11.499912	10.500841	2999
0.416667	0.600000	1.500000	0.416667	0.600000	0.500000	0.063320	0.064393	10.000000	10.645548	10.000000	11.121308	11.499041	10.500009	2999
0.416667	0.600000	1.500000	0.416667	0.600000	0.500000	0.057007	0.069060	10.000000	10.685523	10.000000	11.020569	11.499913	10.500309	2999
0.416667	0.600000	1.500000	0.416667	0.600000	0.500000	0.058600	0.067063	10.000000	10.672265	10.000000	11.014989	11.499586	10.499471	2999
0.416667	0.600000	1.500000	0.416667	0.600000	0.500000	0.043603	0.082823	10.000000	10.737256	10.000000	11.017827	11.500256	10.500212	2999
0.416667	0.600000	1.500000	0.416667	0.600000	0.500000	0.046127	0.079810	10.000000	10.732748	10.000000	10.989206	11.499646	10.499689	2999
0.416667	0.600000	1.500000	0.416667	0.600000	0.500000	0.041763	0.087090	10.000000	10.765953	10.000000	10.983778	11.499372	10.500653	2999
0.416667	0.600000	1.500000	0.416667	0.600000	0.500000	0.044433	0.083037	10.000000	10.761512	10.000000	10.945139	11.500200	10.499881	2999
0.416667	0.600000	1.500000	0.416667	0.600000	0.500000	0.039917	0.087617	10.000000	10.749889	10.000000	11.070962	11.500561	10.500140	2999
0.416667	0.600000	1.500000	0.416667	0.600000	0.500000	0.048663	0.079300	10.000000	10.738292	10.000000	10.954706	11.500289	10.499395	2999
0.416667	0.600000	1.500000	0.416667	0.600000	0.500000	0.038663	0.090467	10.000000	10.740576	10.000000	11.192294	11.500390	10.500192	2999
0.416667	0.600000	1.500000	0.416667	0.600000	0.500000	0.049007	0.077533	10.000000	10.738276	10.000000	10.923477	11.499904	10.500383	2999
0.416667	0.600000	1.500000	0.416667	0.600000	0.500000	0.048090	0.080177	10.000000	10.699547	10.000000	11.282574	11.500065	10.500023	2999
0.416667	0.600000	1.500000	0.416667	0.600000	0.500000	0.050380	0.075383	10.000000	10.687432	10.000000	11.122791	11.498592	10.499936	2999
0.416667	0.600000	1.500000	0.416667	0.600000	0.500000	0.045740	0.078977	10.000000	10.718194	10.000000	11.044221	11.499320	10.499836	2999
0.416667	0.600000	1.500000	0.416667	0.600000	0.500000	0.041477	0.085653	10.000000	10.746551	10.000000	11.037350	11.500737	10.500805	2999
0.416667	0.600000	1.500000	0.416667	0.600000	0.500000	0.044340	0.080843	10.000000	10.729504	10.000000	11.035677	11.499706	10.499670	2999
0.416667	0.600000	1.500000	0.416667	0.600000	0.500000	0.041133	0.086503	10.000000	10.752885	10.000000	11.024803	11.499936	10.500451	2999
0.416667	0.600000	1.500000	0.416667	0.600000	0.500000	0.035697	0.093110	10.000000	10.778951	10.000000	11.047748	11.499747	10.500153	2999
0.416667	0.600000	1.500000	0.416667	0.600000	0.500000	0.040927	0.086237	10.000000	10.738660	10.000000	11.100362	11.499852	10.499983	2999
0.416667	0.600000	1.500000	0.416667	0.600000	0.500000	0.037507	0.096627	10.000000	10.819046	10.000000	10.911526	11.499325	10.500323	2999
0.416667	0.600000	2.000000	0.416667	0.600000	0.000000	0.019100	0.029723	10.000000	10.869156	10.000000	12.519285	12.000432	9.999995	2999
0.416667	0.600000	2.000000	0.416667	0.600000	0.000000	0.016390	0.033523	10.000000	10.902359	10.000000	14.346081	11.999899	9.999412	2999
0.416667	0.600000	2.000000	0.416667	0.600000	0.000000	0.014747	0.036980	10.000000	10.924768	10.000000	11.907337	12.000544	9.999873	2999
0.416667	0.600000	2.000000	0.416667	0.600000	0.000000	0.025323	0.025667	10.000000	10.825323	10.000000	12.342130	12.000164	10.000238	2999
0.416667	0.600000	2.000000	0.416667	0.600000	0.000000	0.018563	0.031170	10.000000	10.877190	10.000000	12.856101	11.999965	10.000468	2999
0.416667	0.600000	2.000000	0.416667	0.600000	0.000000	0.024050	0.027243	10.000000	10.833281	10.000000	13.322077	11.999600	9.999903	2999
0.416667	0.600000	2.000000	0.416667	0.600000	0.000000	0.020790	0.028067	10.000000	10.853479	10.000000	11.743911	12.000138	9.999476	2999
0.416667	0.600000	2.000000	0.416667	0.600000	0.000000	0.021557	0.027597	10.000000	10.852343	10.000000	12.280529	12.000453	10.000003	2999
0.416667	0.600000	2.000000	0.416667	0.600000	0.000000	0.019920	0.029577	10.000000	10.862626	10.000000	12.571740	12.000254	10.000222	2999
0.416667	0.600000	2.000000	0.416667	0.600000	0.000000	0.013390	0.036667	10.000000	10.925787	10.000000	13.376448	11.999660	9.999792	2999
0.416667	0.600000	2.000000	0.416667	0.600000	0.000000	0.028133	0.022890	10.000000	10.795775	10.000000	13.096889	12.000699	10.000111	2999
0.416667	0.600000	2.000000	0.416667	0.600000	0.000000	0.018230	0.030733	10.000000	10.877951	10.000000	11.743969	11.999845	10.000016	2999
0.416667	0.600000	2.000000	0.416667	0.600000	0.000000	0.013893	0.036490	10.000000	10.921219	10.000000	12.167044	12.000081	9.999982	2999
0.416667	0.600000	2.000000	0.416667	0.600000	0.000000	0.012227	0.040387	10.000000	10.942999	10.000000	14.518344	11.999762	10.000114	2999
0.416667	0.600000	2.000000	0.416667	0.600000	0.000000	0.022923	0.026747	10.000000	10.836440	10.000000	13.159107	12.000368	9.999916	2999
0.416667	0.600000	2.000000	0.416667	0.600000	0.000000	0.023113	0.026917	10.000000	10.833537	10.000000	12.735658	11.999831	10.000083	2999
0.416667	0.600000	2.000000	0.416667	0.600000	0.000000	0.016717	0.032437	10.000000	10.895111	10.000000	11.427787	11.999646	9.999929	2999
0.416667	0.600000	2.000000	0.416667	0.600000	0.000000	0.022020	0.027110	10.000000	10.841176	10.000000	12.573662	11.999610	10.000344	2999
0.416667	0.600000	2.000000	0.416667	0.600000	0.000000	0.016813	0.033563	10.000000	10.891897	10.000000	12.618622	12.000025	9.999880	2999
0.416667	0.600000	2.000000	0.416667	0.600000	0.000000	0.021187	0.028190	10.000000	10.852293	10.000000	11.578610	11.999246	9.999726	2999
0.416667	0.600000	2.000000	0.416667	0.600000	0.000000	0.021667	0.027723	10.000000	10.842906	10.000000	12.974957	11.999382	10.000543	2999
0.416667	0.600000	2.000000	0.416667	0.600000	0.000000	0.021670	0.026790	10.000000	10.842986	10.000000	11.837494	12.000003	9.999254	2999
0.416667	0.600000	2.000000	0.416667	0.600000	0.000000	0.021063	0.028260	10.000000	10.853293	10.000000	12.863498	12.000096	9.999456	2999
0.416667	0.600000	2.000000	0.416667	0.600000	0.000000	0.018337	0.030070	10.000000	10.872378	10.000000	15.044676	11.999863	9.999540	2999
0.416667	0.600000	2.000000	0.416667	0.600000	0.000000	0.020260	0.028550	10.000000	10.856035	10.000000	13.238976	12.000145	10.000805	2999
0.416667	0.600000	2.000000	0.416667	0.600000	0.000000	0.022613	0.027030	10.000000	10.837779	10.000000	12.573439	11.999550	10.000535	2999
0.416667	0.600000	2.000000	0.416667	0.600000	0.000000	0.017500	0.031593	10.000000	10.883155	10.000000	13.032990	11.999650	10.000366	2999
0.416667	0.600000	2.000000	0.416667	0.600000	0.000000	0.023863	0.026200	10.000000	10.828543	10.000000	14.088700	11.999448	9.999324	2999
0.416667	0.600000	2.000000	0.416667	0.600000	0.000000	0.016560	0.032323	10.000000	10.891140	10.000000	14.652655	11.999717	10.000246	2999
0.416667	0.600000	2.000000	0.416667	0.600000	0.000000	0.019527	0.029623	10.000000	10.866515	10.000000	12.304171	11.999837	10.000438	2999
0.416667	0.600000	2.000000	0.416667	0.600000	0.000000	0.021487	0.027477	10.000000	10.851212	10.000000	11.767947	12.000423	10.000423	2999
0.416667	0.600000	2.000000	0.416667	0.600000	0.000000	0.013537	0.037447	10.000000	10.929721	10.000000	12.230840	12.000614	10.000332	2999
0.416667	0.600000	2.000000	0.416667	0.600000	0.000000	0.018633	0.030983	10.000000	10.875562	10.000000	12.488112	12.000374	9.999268	2999
0.416667	0.600000	2.000000	0.416667	0.600000	0.000000	0.013767	0.037147	10.000000	10.923889	10.000000	12.008423	11.999092	9.999643	2999
0.416667	0.600000	2.000000	0.416667	0.600000	0.000000	0.015940	0.033753	10.000000	10.903929	10.000000	11.586037	11.999615	9.999806	2999
0.416667	0.600000	2.000000	0.416667	0.600000	0.000000	0.023787	0.026037	10.000000	10.832794	10.000000	11.716263	11.999347	9.999322	2999
0.416667	0.600000	2.000000	0.416667	0.600000	0.000000	0.021427	0.027883	10.000000	10.848013	10.000000	12.966158	11.999668	9.999681	2999
0.416667	0.600000	2.000000	0.416667	0.600000	0.000000	0.019800	0.029407	10.000000	10.864421	10.000000	12.413833	11.999756	9.999687	2999
0.416667	0.600000	2.000000	0.416667	0.600000	0.000000	0.021210	0.028037	10.000000	10.845605	10.000000	14.121207	11.999397	10.000556	2999
0.416667	0.600000	2.000000	0.416667	0.600000	0.000000	0.016887	0.032460	10.000000	10.887070	10.000000	12.011469	12.000195	9.999243	2999
0.416667	0.600000	2.000000	0.416667	0.600000	0.000000	0.016630	0.032680	10.000000	10.889817	10.000000	13.488987	11.999565	9.999810	2999
0.416667	0.600000	2.000000	0.416667	0.600000	0.000000	0.017453	0.032390	10.000000	10.883481	10.000000	11.861546	11.999498	10.000134	2999
0.416667	0.600000	2.000000	0.416667	0.600000	0.000000	0.020980	0.028323	10.000000	10.853847	10.000000	14.524228	12.000453	10.000398	2999
0.416667	0.600000	2.000000	0.416667	0.600000	0.000000	0.020143	0.029273	10.000000	10.858882	10.000000	13.891168	12.000466	10.000417	2999
0.416667	0.600000	2.000000	0.416667	0.600000	0.000000	0.019230	0.029707	10.000000	10.864189	10.000000	12.510635	11.999728	10.000090	2999
0.416667	0.600000	2.000000	0.416667	0.600000	0.000000	0.024860	0.025593	10.000000	10.822251	10.000000	13.511821	11.999820	9.999738	2999
0.416667	0.600000	2.000000	0.416667	0.600000	0.000000	0.025847	0.024140	10.000000	10.815294	10.000000	11.950495	12.000310	9.999952	2999
0.416667	0.600000	2.000000	0.416667	0.600000	0.000000	0.015960	0.034343	10.000000	10.900296	10.000000	12.973138	12.000665	10.000181	2999
0.416667	0.600000	2.000000	0.416667	0.600000	0.000000	0.019027	0.029913	10.000000	10.870894	10.000000	13.089453	11.999721	9.999825	2999
0.416667	0.600000	2.000000	0.416667	0.600000	0.000000	0.017293	0.032843	10.000000	10.894054	10.000000	11.755623	11.999817	9.999458	2999
0.416667	0.600000	2.000000	0.416667	0.600000	0.000000	0.013147	0.038300	10.000000	10.932420	10.000000	12.032268	11.999976	10.000000	2999
0.416667	0.600000	2.000000	0.416667	0.600000	0.000000	0.013437	0.037913	10.000000	10.932712	10.000000	12.468225	12.000285	9.999797	2999
0.416667	0.600000	2.000000	0.416667	0.600000	0.000000	0.029720	0.023657	10.000000	10.799044	10.000000	11.881848	11.999802	9.999435	2999
0.416667	0.600000	2.000000	0.416667	0.600000	0.000000	0.015970	0.033003	10.000000	10.900050	10.000000	12.099702	12.000601	10.000159	2999
0.416667	0.600000	2.000000	0.416667	0.600000	0.000000	0.023313	0.025710	10.000000	10.832097	10.000000	11.839174	12.000232	9.999878	2999
0.416667	0.600000	2.000000	0.416667	0.600000	0.000000	0.017860	0.030687	10.000000	10.879763	10.000000	13.297125	11.999883	9.999735	2999
0.416667	0.600000	2.000000	0.416667	0.600000	0.000000	0.023180	0.026333	10.000000	10.832472	10.000000	11.832289	12.000676	9.999901	2999
0.416667	0.600000	2.000000	0.416667	0.600000	0.000000	0.025117	0.025367	10.000000	10.828284	10.000000	11.919799	11.999314	10.000771	2999
0.416667	0.600000	2.000000	0.416667	0.600000	0.000000	0.019323	0.029850	10.000000	10.867106	10.000000	13.257546	12.000838	9.999638	2999
0.416667	0.600000	2.000000	0.416667	0.600000	0.000000	0.018003	0.031137	10.000000	10.879603	10.000000	14.490420	11.999620	10.000506	2999
0.416667	0.600000	2.000000	0.416667	0.600000	0.000000	0.018200	0.031573	10.000000	10.878857	10.000000	12.183732	12.000166	9.999649	2999
0.416667	0.600000	2.000000	0.416667	0.600000	0.000000	0.014390	0.036020	10.000000	10.913531	10.000000	13.038423	11.999320	10.000212	2999
0.416667	0.600000	2.000000	0.416667	0.600000	0.000000	0.026940	0.023900	10.000000	10.806464	10.000000	11.766312	11.999897	10.000216	2999
0.416667	0.600000	2.000000	0.416667	0.600000	0.000000	0.019273	0.030970	10.000000	10.871045	10.000000	12.591074	11.999282	9.999769	2999
0.416667	0.600000	2.000000	0.416667	0.600000	0.000000	0.017130	0.032927	10.000000	10.894488	10.000000	11.564277	12.000092	10.000444	2999
0.416667	0.600000	2.000000	0.416667	0.600000	0.000000	0.019350	0.029200	10.000000	10.863026	10.000000	12.869806	11.999497	9.999568	2999
0.416667	0.600000	2.000000	0.416667	0.600000	0.000000	0.014730	0.034973	10.000000	10.910047	10.000000	13.468316	11.999142	9.999786	2999
0.416667	0.600000	2.000000	0.416667	0.600000	0.000000	0.016627	0.033577	10.000000	10.894617	10.000000	13.201740	12.000300	10.000057	2999
0.416667	0.600000	2.000000	0.416667	0.600000	0.000000	0.023707	0.026110	10.000000	10.828202	10.000000	13.315440	12.000792	9.999656	2999
0.416667	0.600000	2.000000	0.416667	0.600000	0.000000	0.027157	0.024433	10.000000	10.809749	10.000000	11.527213	11.999589	9.999899	2999
0.416667	0.600000	2.000000	0.416667	0.600000	0.000000	0.016800	0.033903	10.000000	10.900085	10.000000	12.442525	12.000224	10.000045	2999
0.416667	0.600000	2.000000	0.416667	0.600000	0.000000	0.022007	0.026933	10.000000	10.841328	10.000000	12.154536	11.999870	9.999928	2999
0.416667	0.600000	2.000000	0.416667	0.600000	0.000000	0.024090	0.025897	10.000000	10.828838	10.000000	12.303298	12.000234	9.999851	2999
0.416667	0.600000	2.000000	0.416667	0.600000	0.000000	0.016707	0.032797	10.000000	10.889989	10.000000	13.063121	12.000188	9.999724	2999
0.416667	0.600000	2.000000	0.416667	0.600000	0.000000	0.013023	0.038373	10.000000	10.935250	10.000000	12.321049	11.999616	10.000465	2999
0.416667	0.600000	2.000000	0.416667	0.600000	0.000000	0.018243	0.030310	10.000000	10.871967	10.000000	14.489003	11.999508	9.999544	2999
0.416667	0.600000	2.000000	0.416667	0.600000	0.000000	0.017777	0.030857	10.000000	10.880414	10.000000	11.938324	12.000475	9.999625	2999
0.416667	0.600000	2.000000	0.416667	0.600000	0.000000	0.014667	0.035757	10.000000	10.915018	10.000000	12.652258	11.999567	10.000017	2999
0.416667	0.600000	2.000000	0.416667	0.600000	0.000000	0.020687	0.028287	10.000000	10.852741	10.000000	13.133308	12.000212	9.999787	2999
0.416667	0.600000	2.000000	0.416667	0.600000	0.000000	0.018417	0.030627	10.000000	10.873482	10.000000	11.959538	11.999669	9.999263	2999
0.416667	0.600000	2.000000	0.416667	0.600000	0.000000	0.017353	0.033147	10.000000	10.894590	10.000000	14.045525	12.000187	10.000336	2999
0.416667	0.600000	2.000000	0.416667	0.600000	0.000000	0.016040	0.033300	10.000000	10.898831	10.000000	11.988766	12.000249	10.000350	2999
0.416667	0.600000	2.000000	0.416667	0.600000	0.000000	0.013873	0.036483	10.000000	10.927331	10.000000	11.529977	11.999419	10.000310	2999
0.416667	0.600000	2.000000	0.416667	0.600000	0.000000	0.014763	0.035220	10.000000	10.914992	10.000000	11.757235	11.999468	9.999589	2999
0.416667	0.600000	2.000000	0.416667	0.600000	0.000000	0.022127	0.027450	10.000000	10.841858	10.000000	11.850385	11.999761	10.000936	2999
0.416667	0.600000	2.000000	0.416667	0.600000	0.000000	0.014833	0.036357	10.000000	10.917385	10.000000	12.707115	12.000974	10.000618	2999
0.416667	0.600000	2.000000	0.416667	0.600000	0.000000	0.018693	0.030533	10.000000	10.869776	10.000000	13.322774	11.999454	10.000085	2999
0.416667	0.600000	2.000000	0.416667	0.600000	0.000000	0.030577	0.022040	10.000000	10.783506	10.000000	11.706261	12.000810	10.000195	2999
0.416667	0.600000	2.000000	0.416667	0.600000	0.000000	0.015150	0.035653	10.000000	10.912655	10.000000	11.949292	11.999852	10.000271	2999
0.416667	0.600000	2.000000	0.416667	0.600000	0.000000	0.023157	0.026797	10.000000	10.834919	10.000000	13.539336	11.999572	9.999874	2999
0.416667	0.600000	2.000000	0.416667	0.600000	0.000000	0.015940	0.033703	10.000000	10.900172	10.000000	12.454255	11.999982	9.999039	2999
0.416667	0.600000	2.000000	0.416667	0.600000	0.000000	0.013150	0.039190	10.000000	10.940155	10.000000	11.552642	11.999978	10.000179	2999
0.416667	0.600000	2.000000	0.416667	0.600000	0.000000	0.016540	0.032910	10.000000	10.893758	10.000000	12.480457	12.000236	10.000484	2999
0.416667	0.600000	2.000000	0.416667	0.600000	0.000000	0.022323	0.027647	10.000000	10.847669	10.000000	11.764565	11.999723	9.999860	2999
0.416667	0.600000	2.000000	0.416667	0.600000	0.000000	0.016537	0.032663	10.000000	10.888685	10.000000	13.216796	11.999962	9.999745	2999
0.416667	0.600000	2.000000	0.416667	0.600000	0.000000	0.021590	0.027643	10.000000	10.845856	10.000000	12.830840	12.000342	10.000937	2999
0.416667	0.600000	2.000000	0.416667	0.600000	0.000000	0.017357	0.031873	10.000000	10.884547	10.000000	13.477527	12.000028	9.999743	2999
0.416667	0.600000	2.000000	0.416667	0.600000	0.000000	0.021263	0.028203	10.000000	10.850227	10.000000	14.255229	12.000671	10.000069	2999
0.416667	0.600000	2.000000	0.416667	0.600000	0.000000	0.022190	0.027253	10.000000	10.843096	10.000000	12.990697	11.999906	9.999992	2999
0.416667	0.600000	2.000000	0.416667	0.600000	0.000000	0.016310	0.032803	10.000000	10.893788	10.000000	13.060129	11.999749	9.999833	2999
