mut_par_patt	typ1_err	typ2_err	rej_rate	acp_rate	avg_patt	avg_patt_thr	avg_par_patt	end_gen
0.250000	0.001877	0.984963	0.249967	0.738937	10.000000	11.752880	10.003124	2999
0.250000	0.003050	0.977870	0.249983	0.734057	10.000000	11.332012	10.002853	2999
0.250000	0.000007	0.999987	0.250323	0.751137	10.000000	13.444523	10.003114	2999
0.250000	0.000527	0.995920	0.250033	0.746583	10.000000	12.401002	10.002864	2999
0.250000	0.002590	0.989173	0.250780	0.742293	10.000000	11.747039	10.002803	2999
0.250000	0.001453	0.992507	0.250170	0.745713	10.000000	12.440516	10.003085	2999
0.250000	0.001853	0.985117	0.250340	0.740250	10.000000	11.349541	10.003212	2999
0.250000	0.004733	0.970823	0.249857	0.728903	10.000000	11.246545	10.003158	2999
0.250000	0.002683	0.979110	0.250197	0.735297	10.000000	11.432275	10.003344	2999
0.250000	0.002637	0.977570	0.249280	0.733993	10.000000	11.260059	10.002977	2999
0.250000	0.003793	0.976393	0.250220	0.732960	10.000000	11.301439	10.003291	2999
0.250000	0.000000	0.999987	0.250273	0.749157	10.000000	13.599031	10.002684	2999
0.250000	0.003113	0.974987	0.249510	0.732513	10.000000	11.207451	10.002683	2999
0.250000	0.002723	0.983390	0.250033	0.738957	10.000000	11.601495	10.003040	2999
0.250000	0.005797	0.964287	0.249457	0.724370	10.000000	11.134826	10.003356	2999
0.250000	0.000417	0.996967	0.250900	0.749033	10.000000	12.449565	10.003035	2999
0.250000	0.000170	0.999700	0.250010	0.750567	10.000000	13.125766	10.002586	2999
0.250000	0.000417	0.996673	0.250000	0.747820	10.000000	13.354281	10.002940	2999
0.250000	0.001943	0.983387	0.249457	0.738700	10.000000	11.335957	10.002854	2999
0.250000	0.000463	0.997907	0.250647	0.748673	10.000000	13.384665	10.003290	2999
0.250000	0.000463	0.996613	0.249880	0.747547	10.000000	12.064643	10.002984	2999
0.250000	0.004130	0.970370	0.249750	0.728453	10.000000	11.175124	10.003576	2999
0.250000	0.001500	0.984817	0.249793	0.737957	10.000000	11.552391	10.002973	2999
0.250000	0.005943	0.963420	0.250757	0.722660	10.000000	11.177892	10.003081	2999
0.250000	0.005017	0.975523	0.249500	0.733650	10.000000	13.104650	10.003454	2999
0.250000	0.000550	0.997213	0.250703	0.748773	10.000000	12.116522	10.003180	2999
0.250000	0.002097	0.989100	0.250530	0.743577	10.000000	11.788466	10.003382	2999
0.250000	0.002867	0.978873	0.249187	0.734890	10.000000	11.318805	10.002763	2999
0.250000	0.007633	0.958110	0.249670	0.720827	10.000000	11.130531	10.002740	2999
0.250000	0.003080	0.978457	0.250113	0.735810	10.000000	11.290413	10.003004	2999
0.250000	0.001200	0.992560	0.249280	0.744283	10.000000	11.896401	10.002702	2999
0.250000	0.000167	0.999640	0.250803	0.750637	10.000000	12.575410	10.003200	2999
0.250000	0.003270	0.977733	0.249463	0.733307	10.000000	11.304465	10.002912	2999
0.250000	0.004373	0.970620	0.249730	0.728787	10.000000	11.173816	10.003001	2999
0.250000	0.001590	0.987780	0.249803	0.741863	10.000000	11.699623	10.002967	2999
0.250000	0.003420	0.975390	0.250110	0.732553	10.000000	11.281170	10.003439	2999
0.250000	0.001650	0.984670	0.249480	0.739107	10.000000	11.426006	10.003474	2999
0.250000	0.000000	1.000000	0.250277	0.748520	10.000000	14.734556	10.002753	2999
0.250000	0.005563	0.965913	0.249957	0.725113	10.000000	11.189485	10.003168	2999
0.250000	0.001633	0.986653	0.249410	0.739757	10.000000	11.748366	10.002704	2999
0.250000	0.000810	0.994130	0.250110	0.747107	10.000000	11.956778	10.003210	2999
0.250000	0.002053	0.983013	0.250100	0.738773	10.000000	11.450694	10.002720	2999
0.250000	0.001050	0.993053	0.250417	0.745907	10.000000	11.626667	10.002822	2999
0.250000	0.002577	0.980603	0.249537	0.735867	10.000000	11.416000	10.003744	2999
0.250000	0.006457	0.970187	0.250657	0.729097	10.000000	11.366970	10.002937	2999
0.250000	0.002667	0.985417	0.249763	0.738670	10.000000	12.327590	10.002800	2999
0.250000	0.000523	0.997237	0.250370	0.747317	10.000000	12.063194	10.002843	2999
0.250000	0.003317	0.974027	0.249383	0.731297	10.000000	11.208873	10.002867	2999
0.250000	0.000113	0.999053	0.249707	0.750567	10.000000	12.863097	10.002857	2999
0.250000	0.001543	0.989840	0.250060	0.743073	10.000000	11.740379	10.003291	2999
0.250000	0.001343	0.990483	0.249447	0.743777	10.000000	11.736971	10.002980	2999
0.250000	0.005287	0.967180	0.250117	0.726997	10.000000	11.217827	10.003040	2999
0.250000	0.001847	0.984097	0.249793	0.737117	10.000000	11.333215	10.003096	2999
0.250000	0.000747	0.995043	0.249503	0.745447	10.000000	11.988934	10.003260	2999
0.250000	0.000710	0.996320	0.250363	0.745890	10.000000	11.984977	10.002864	2999
0.250000	0.000550	0.997910	0.250180	0.747340	10.000000	13.326868	10.003313	2999
0.250000	0.001970	0.994873	0.251173	0.745193	10.000000	11.809613	10.003317	2999
0.250000	0.000230	0.998600	0.250357	0.749503	10.000000	13.600717	10.003137	2999
0.250000	0.002813	0.980067	0.249683	0.734330	10.000000	11.529000	10.002830	2999
0.250000	0.006943	0.964787	0.250737	0.724820	10.000000	11.177928	10.002934	2999
0.250000	0.007133	0.960157	0.250510	0.722797	10.000000	11.157777	10.003363	2999
0.250000	0.001220	0.991950	0.251047	0.743540	10.000000	12.172251	10.002975	2999
0.250000	0.001690	0.984927	0.250517	0.739153	10.000000	11.333719	10.003166	2999
0.250000	0.001307	0.993313	0.250633	0.745333	10.000000	12.232863	10.002960	2999
0.250000	0.001233	0.989460	0.249430	0.742200	10.000000	11.677114	10.002907	2999
0.250000	0.003930	0.971103	0.249863	0.728467	10.000000	11.172002	10.003268	2999
0.250000	0.001373	0.990670	0.251033	0.743710	10.000000	12.512242	10.003013	2999
0.250000	0.002907	0.976140	0.249413	0.733133	10.000000	11.254664	10.002943	2999
0.250000	0.003287	0.974263	0.250257	0.730957	10.000000	11.248764	10.003277	2999
0.250000	0.001093	0.994803	0.250690	0.746893	10.000000	12.970371	10.003106	2999
0.250000	0.001560	0.992343	0.249993	0.744760	10.000000	11.799664	10.003060	2999
0.250000	0.004017	0.973693	0.249847	0.730970	10.000000	11.201902	10.003101	2999
0.250000	0.004950	0.968257	0.250397	0.727263	10.000000	11.166172	10.002681	2999
0.250000	0.002560	0.982463	0.250063	0.737033	10.000000	11.590825	10.003139	2999
0.250000	0.000187	0.998943	0.250187	0.749587	10.000000	12.580936	10.002908	2999
0.250000	0.000813	0.992770	0.249870	0.742593	10.000000	11.559238	10.003313	2999
0.250000	0.000117	0.998687	0.251027	0.749337	10.000000	12.699718	10.002827	2999
0.250000	0.002180	0.984633	0.249990	0.739033	10.000000	11.406838	10.003075	2999
0.250000	0.001730	0.983243	0.248960	0.738320	10.000000	11.331985	10.002891	2999
0.250000	0.001343	0.986447	0.249490	0.740257	10.000000	11.355264	10.002855	2999
0.250000	0.004033	0.970687	0.250443	0.727563	10.000000	11.159879	10.003301	2999
0.250000	0.000667	0.994537	0.249650	0.747273	10.000000	12.474408	10.003273	2999
0.250000	0.001263	0.991187	0.250050	0.744247	10.000000	11.587255	10.002957	2999
0.250000	0.000510	0.995513	0.250297	0.746883	10.000000	11.710262	10.003023	2999
0.250000	0.000310	0.999253	0.250157	0.750767	10.000000	12.495389	10.003482	2999
0.250000	0.000570	0.997407	0.249853	0.748583	10.000000	12.715275	10.003054	2999
0.250000	0.001713	0.984130	0.249387	0.740203	10.000000	11.388046	10.002966	2999
0.250000	0.000000	0.999993	0.250273	0.749847	10.000000	13.796195	10.002910	2999
0.250000	0.005167	0.968200	0.249980	0.727197	10.000000	11.168870	10.003525	2999
0.250000	0.000343	0.998033	0.249700	0.748140	10.000000	12.115500	10.002590	2999
0.250000	0.001107	0.990057	0.249743	0.742733	10.000000	11.677460	10.003178	2999
0.250000	0.002357	0.984053	0.250110	0.737507	10.000000	11.366460	10.002753	2999
0.250000	0.000057	0.999840	0.250383	0.749493	10.000000	12.582600	10.003199	2999
0.250000	0.000340	0.997733	0.249973	0.748090	10.000000	12.882546	10.002961	2999
0.250000	0.000010	0.999947	0.250197	0.747973	10.000000	13.260415	10.002515	2999
0.250000	0.001087	0.992577	0.250563	0.744823	10.000000	11.679269	10.003009	2999
0.250000	0.000133	0.999440	0.250067	0.748373	10.000000	12.686629	10.003153	2999
0.250000	0.002350	0.983140	0.249900	0.738017	10.000000	11.431256	10.002478	2999
0.250000	0.002117	0.984910	0.249830	0.737427	10.000000	11.641956	10.002952	2999
0.250000	0.000017	0.999953	0.249897	0.749310	10.000000	13.134892	10.003122	2999
0.250000	0.012207	0.775087	0.235453	0.584717	10.000000	10.973611	10.503083	2999
0.250000	0.015347	0.750943	0.234100	0.566933	10.000000	10.911870	10.502827	2999
0.250000	0.018830	0.733100	0.234620	0.553773	10.000000	10.890117	10.502300	2999
0.250000	0.020273	0.727573	0.235600	0.551457	10.000000	10.878634	10.502354	2999
0.250000	0.013133	0.773497	0.236057	0.583403	10.000000	11.026651	10.502839	2999
0.250000	0.018427	0.737967	0.234343	0.557473	10.000000	10.893280	10.502715	2999
0.250000	0.008993	0.803683	0.235680	0.604247	10.000000	11.034322	10.502650	2999
0.250000	0.019530	0.733997	0.234987	0.555123	10.000000	10.894305	10.502627	2999
0.250000	0.023910	0.712820	0.235773	0.538360	10.000000	10.845955	10.502766	2999
0.250000	0.013620	0.768733	0.235940	0.579943	10.000000	10.958686	10.502598	2999
0.250000	0.013333	0.769197	0.235073	0.579257	10.000000	10.952352	10.502990	2999
0.250000	0.011860	0.782467	0.234797	0.588093	10.000000	10.989181	10.502688	2999
0.250000	0.010027	0.788270	0.235617	0.594370	10.000000	10.993425	10.502507	2999
0.250000	0.014070	0.766550	0.235300	0.577523	10.000000	10.955676	10.502920	2999
0.250000	0.014500	0.760043	0.234523	0.572477	10.000000	10.939547	10.502810	2999
0.250000	0.023523	0.722560	0.237310	0.546207	10.000000	10.879138	10.502793	2999
0.250000	0.025713	0.703993	0.236510	0.533523	10.000000	10.831144	10.502614	2999
0.250000	0.016353	0.747847	0.234190	0.564620	10.000000	10.914768	10.502591	2999
0.250000	0.007010	0.826783	0.236717	0.621987	10.000000	11.090532	10.502989	2999
0.250000	0.025570	0.709803	0.237127	0.537847	10.000000	10.908913	10.502452	2999
0.250000	0.018080	0.742487	0.236207	0.559543	10.000000	10.922785	10.502622	2999
0.250000	0.012513	0.773793	0.235303	0.583267	10.000000	10.959046	10.502450	2999
0.250000	0.014643	0.758187	0.235117	0.570973	10.000000	10.934552	10.502666	2999
0.250000	0.013677	0.763830	0.234733	0.576170	10.000000	10.943545	10.502598	2999
0.250000	0.006413	0.819463	0.235363	0.617157	10.000000	11.055786	10.502397	2999
0.250000	0.018100	0.738267	0.235630	0.556253	10.000000	10.888847	10.502740	2999
0.250000	0.023710	0.709090	0.234957	0.535593	10.000000	10.837403	10.502217	2999
0.250000	0.007857	0.811970	0.235873	0.610707	10.000000	11.048244	10.502306	2999
0.250000	0.012620	0.771527	0.234417	0.582113	10.000000	10.952013	10.502913	2999
0.250000	0.010403	0.788390	0.235383	0.592843	10.000000	10.995298	10.502721	2999
0.250000	0.016503	0.751613	0.234493	0.566360	10.000000	10.926938	10.502308	2999
0.250000	0.008250	0.807097	0.235457	0.607403	10.000000	11.033148	10.502462	2999
0.250000	0.005510	0.831203	0.236243	0.624130	10.000000	11.084183	10.502461	2999
0.250000	0.009963	0.788573	0.234890	0.593213	10.000000	10.988456	10.502522	2999
0.250000	0.018723	0.737710	0.235177	0.557483	10.000000	10.898174	10.502696	2999
0.250000	0.014150	0.763550	0.234857	0.576080	10.000000	10.944386	10.502608	2999
0.250000	0.013973	0.774557	0.236023	0.583307	10.000000	10.967440	10.502779	2999
0.250000	0.014947	0.767627	0.236310	0.577627	10.000000	10.986321	10.502740	2999
0.250000	0.010250	0.793817	0.234803	0.598000	10.000000	11.001477	10.502656	2999
0.250000	0.013400	0.767913	0.234827	0.580100	10.000000	10.962190	10.502475	2999
0.250000	0.017343	0.740463	0.234523	0.558880	10.000000	10.896229	10.502389	2999
0.250000	0.014570	0.760110	0.235287	0.573330	10.000000	10.940394	10.502688	2999
0.250000	0.019210	0.743583	0.235757	0.560547	10.000000	10.928214	10.503043	2999
0.250000	0.012930	0.768950	0.234500	0.579403	10.000000	10.961847	10.502569	2999
0.250000	0.009233	0.806247	0.236780	0.606290	10.000000	11.039998	10.502792	2999
0.250000	0.011240	0.779543	0.234790	0.586720	10.000000	10.971274	10.502904	2999
0.250000	0.018927	0.741183	0.236247	0.560353	10.000000	10.911545	10.502349	2999
0.250000	0.014007	0.764313	0.234867	0.576870	10.000000	10.947004	10.502547	2999
0.250000	0.005210	0.843007	0.236480	0.634067	10.000000	11.125299	10.502768	2999
0.250000	0.020293	0.731947	0.235450	0.553287	10.000000	10.882490	10.502450	2999
0.250000	0.021400	0.725953	0.236190	0.550150	10.000000	10.873548	10.502890	2999
0.250000	0.011877	0.781127	0.235413	0.587640	10.000000	10.984199	10.502871	2999
0.250000	0.012577	0.780607	0.236077	0.588703	10.000000	11.007093	10.502696	2999
0.250000	0.015133	0.755260	0.234490	0.569050	10.000000	10.925000	10.502163	2999
0.250000	0.011660	0.781837	0.234933	0.588287	10.000000	10.996462	10.502516	2999
0.250000	0.009037	0.812043	0.237007	0.611787	10.000000	11.048992	10.502401	2999
0.250000	0.023207	0.713420	0.235507	0.540097	10.000000	10.849579	10.502496	2999
0.250000	0.008967	0.800800	0.236247	0.602240	10.000000	11.021279	10.502983	2999
0.250000	0.016200	0.747357	0.234780	0.563053	10.000000	10.908461	10.502490	2999
0.250000	0.009997	0.788353	0.235387	0.593800	10.000000	10.987330	10.502672	2999
0.250000	0.018827	0.736820	0.234983	0.556670	10.000000	10.907068	10.502968	2999
0.250000	0.013363	0.764223	0.234527	0.576627	10.000000	10.938233	10.502997	2999
0.250000	0.010057	0.788397	0.235563	0.594693	10.000000	10.997168	10.502611	2999
0.250000	0.008220	0.810223	0.236553	0.609740	10.000000	11.048610	10.502880	2999
0.250000	0.012207	0.774613	0.235073	0.583803	10.000000	10.959009	10.502861	2999
0.250000	0.007937	0.811510	0.236197	0.609693	10.000000	11.053742	10.502628	2999
0.250000	0.008360	0.805023	0.235383	0.605610	10.000000	11.031183	10.502379	2999
0.250000	0.013330	0.767207	0.234167	0.577787	10.000000	10.963836	10.502955	2999
0.250000	0.016940	0.750710	0.235513	0.566467	10.000000	10.923763	10.502696	2999
0.250000	0.024687	0.705287	0.235943	0.534207	10.000000	10.839456	10.502673	2999
0.250000	0.010700	0.782563	0.234983	0.589007	10.000000	10.993959	10.502830	2999
0.250000	0.016603	0.748840	0.235217	0.564630	10.000000	10.910822	10.502508	2999
0.250000	0.010700	0.782650	0.234427	0.590283	10.000000	10.976762	10.502666	2999
0.250000	0.015227	0.757047	0.235343	0.572007	10.000000	10.940802	10.502691	2999
0.250000	0.016477	0.761347	0.235960	0.574317	10.000000	10.948193	10.502790	2999
0.250000	0.014503	0.758287	0.234280	0.571580	10.000000	10.930920	10.502949	2999
0.250000	0.019060	0.735443	0.235263	0.554157	10.000000	10.888163	10.502764	2999
0.250000	0.011210	0.782457	0.235467	0.589167	10.000000	10.974202	10.502870	2999
0.250000	0.017673	0.737473	0.234593	0.556590	10.000000	10.889654	10.502795	2999
0.250000	0.018763	0.734123	0.234570	0.554443	10.000000	10.885713	10.503003	2999
0.250000	0.013990	0.762150	0.234503	0.573557	10.000000	10.937652	10.502505	2999
0.250000	0.008230	0.806030	0.235913	0.606343	10.000000	11.032657	10.502573	2999
0.250000	0.008280	0.808923	0.235653	0.608247	10.000000	11.045293	10.502706	2999
0.250000	0.006747	0.820633	0.236570	0.617633	10.000000	11.066620	10.502883	2999
0.250000	0.008773	0.808307	0.235833	0.608070	10.000000	11.077648	10.502718	2999
0.250000	0.009053	0.796510	0.234957	0.598677	10.000000	11.004713	10.502530	2999
0.250000	0.007393	0.812713	0.235750	0.610643	10.000000	11.053443	10.502720	2999
0.250000	0.006840	0.818400	0.236243	0.614043	10.000000	11.060446	10.502529	2999
0.250000	0.010543	0.792237	0.235677	0.597000	10.000000	10.998423	10.503318	2999
0.250000	0.020797	0.727370	0.235540	0.549277	10.000000	10.872897	10.502573	2999
0.250000	0.014510	0.758780	0.233710	0.573330	10.000000	10.927900	10.502753	2999
0.250000	0.008107	0.809857	0.235860	0.610247	10.000000	11.083866	10.503049	2999
0.250000	0.012977	0.768003	0.235053	0.579647	10.000000	10.950604	10.503247	2999
0.250000	0.017410	0.743890	0.235437	0.562237	10.000000	10.918658	10.502562	2999
0.250000	0.019250	0.743317	0.237323	0.562650	10.000000	10.947968	10.502441	2999
0.250000	0.012750	0.771380	0.234233	0.581960	10.000000	10.973917	10.502307	2999
0.250000	0.015713	0.750017	0.234983	0.564593	10.000000	10.917435	10.502601	2999
0.250000	0.014867	0.756480	0.234737	0.570803	10.000000	10.923900	10.502478	2999
0.250000	0.019107	0.733390	0.235210	0.553403	10.000000	10.882552	10.502562	2999
0.250000	0.014363	0.756603	0.234730	0.570603	10.000000	10.926073	10.502658	2999
0.250000	0.013950	0.450703	0.204460	0.339840	10.000000	10.929993	11.002349	2999
0.250000	0.018687	0.426987	0.205863	0.322517	10.000000	10.893284	11.002748	2999
0.250000	0.012233	0.471420	0.205523	0.355507	10.000000	10.960859	11.002760	2999
0.250000	0.016683	0.435067	0.204977	0.328400	10.000000	10.907369	11.003015	2999
0.250000	0.016850	0.433933	0.204503	0.327883	10.000000	10.902778	11.002322	2999
0.250000	0.022610	0.396080	0.205330	0.300487	10.000000	10.843969	11.002814	2999
0.250000	0.018050	0.425890	0.205027	0.321690	10.000000	10.891406	11.002585	2999
0.250000	0.018997	0.418870	0.204580	0.316477	10.000000	10.880901	11.002597	2999
0.250000	0.018920	0.431563	0.206620	0.325630	10.000000	10.899228	11.002434	2999
0.250000	0.020363	0.417243	0.205653	0.314703	10.000000	10.877852	11.002541	2999
0.250000	0.016423	0.433320	0.204647	0.327450	10.000000	10.902907	11.002554	2999
0.250000	0.025147	0.386837	0.205127	0.292433	10.000000	10.830746	11.002459	2999
0.250000	0.014943	0.449857	0.205567	0.338390	10.000000	10.928432	11.002594	2999
0.250000	0.021137	0.409423	0.206073	0.309840	10.000000	10.865520	11.002499	2999
0.250000	0.016067	0.438307	0.204970	0.330457	10.000000	10.911157	11.002730	2999
0.250000	0.014440	0.447417	0.204700	0.337997	10.000000	10.927249	11.003057	2999
0.250000	0.017677	0.427227	0.204857	0.322747	10.000000	10.896294	11.002798	2999
0.250000	0.017173	0.428140	0.203903	0.323613	10.000000	10.896954	11.002398	2999
0.250000	0.013627	0.458657	0.205820	0.346210	10.000000	10.942703	11.002655	2999
0.250000	0.015800	0.437290	0.203933	0.328680	10.000000	10.909249	11.002827	2999
0.250000	0.017220	0.426757	0.204087	0.321260	10.000000	10.894714	11.002899	2999
0.250000	0.010593	0.486543	0.205800	0.366527	10.000000	10.983407	11.002384	2999
0.250000	0.025803	0.381217	0.205990	0.288193	10.000000	10.822062	11.002822	2999
0.250000	0.018017	0.425447	0.204557	0.320963	10.000000	10.892445	11.002553	2999
0.250000	0.020517	0.404273	0.204923	0.305763	10.000000	10.859727	11.003023	2999
0.250000	0.012217	0.473570	0.205600	0.357490	10.000000	10.963215	11.002682	2999
0.250000	0.019303	0.415207	0.205037	0.314300	10.000000	10.877181	11.002648	2999
0.250000	0.012830	0.463297	0.204863	0.348520	10.000000	10.948448	11.003035	2999
0.250000	0.018740	0.419907	0.204740	0.317180	10.000000	10.882162	11.002750	2999
0.250000	0.011660	0.480973	0.206990	0.362097	10.000000	10.974279	11.002673	2999
0.250000	0.022893	0.391750	0.204783	0.296943	10.000000	10.840635	11.002529	2999
0.250000	0.012093	0.466013	0.203923	0.351260	10.000000	10.955803	11.002160	2999
0.250000	0.023027	0.392763	0.204993	0.297593	10.000000	10.842738	11.002624	2999
0.250000	0.015093	0.441077	0.204333	0.332540	10.000000	10.915099	11.002780	2999
0.250000	0.015350	0.447183	0.205820	0.336270	10.000000	10.924740	11.002670	2999
0.250000	0.021187	0.404493	0.204750	0.305637	10.000000	10.859068	11.002509	2999
0.250000	0.011163	0.477037	0.205297	0.359133	10.000000	10.971239	11.002480	2999
0.250000	0.014053	0.455600	0.205190	0.343317	10.000000	10.935161	11.002795	2999
0.250000	0.017397	0.428193	0.204923	0.322723	10.000000	10.896534	11.002470	2999
0.250000	0.020760	0.403907	0.204873	0.305657	10.000000	10.858680	11.002700	2999
0.250000	0.017020	0.433423	0.204510	0.327277	10.000000	10.903386	11.002813	2999
0.250000	0.021843	0.408410	0.205850	0.308257	10.000000	10.864161	11.002982	2999
0.250000	0.015290	0.444723	0.205033	0.335460	10.000000	10.928915	11.002724	2999
0.250000	0.022993	0.395133	0.205437	0.298553	10.000000	10.845029	11.002569	2999
0.250000	0.009953	0.491230	0.205583	0.369890	10.000000	10.995865	11.002999	2999
0.250000	0.014110	0.450177	0.204843	0.338090	10.000000	10.930897	11.002763	2999
0.250000	0.011797	0.469283	0.204333	0.353077	10.000000	10.960021	11.003063	2999
0.250000	0.017143	0.433023	0.204680	0.326857	10.000000	10.899871	11.002618	2999
0.250000	0.017573	0.424180	0.203720	0.319913	10.000000	10.889891	11.002908	2999
0.250000	0.011610	0.475973	0.205453	0.358363	10.000000	10.968349	11.003004	2999
0.250000	0.020617	0.406787	0.204940	0.308807	10.000000	10.861295	11.003007	2999
0.250000	0.014473	0.446460	0.204813	0.336383	10.000000	10.921040	11.002116	2999
0.250000	0.022243	0.415033	0.206840	0.312587	10.000000	10.873981	11.002427	2999
0.250000	0.016447	0.438963	0.205467	0.331327	10.000000	10.914531	11.002642	2999
0.250000	0.013673	0.453090	0.204473	0.342823	10.000000	10.933376	11.002411	2999
0.250000	0.011827	0.467020	0.204397	0.350913	10.000000	10.957631	11.002698	2999
0.250000	0.009143	0.501650	0.206840	0.377997	10.000000	11.006136	11.002830	2999
0.250000	0.019097	0.417977	0.204930	0.315830	10.000000	10.880386	11.002374	2999
0.250000	0.015510	0.439637	0.203883	0.331790	10.000000	10.914394	11.002478	2999
0.250000	0.016827	0.429927	0.204280	0.324083	10.000000	10.897389	11.002319	2999
0.250000	0.012707	0.469690	0.205147	0.353003	10.000000	10.956513	11.002640	2999
0.250000	0.020837	0.410377	0.205433	0.309940	10.000000	10.863792	11.002244	2999
0.250000	0.027763	0.373313	0.206287	0.282573	10.000000	10.810500	11.002287	2999
0.250000	0.011717	0.471983	0.204483	0.355610	10.000000	10.965330	11.002776	2999
0.250000	0.015353	0.444583	0.204467	0.335360	10.000000	10.921657	11.002647	2999
0.250000	0.027913	0.374757	0.206503	0.284393	10.000000	10.812819	11.002753	2999
0.250000	0.020350	0.411653	0.204837	0.310427	10.000000	10.870585	11.002675	2999
0.250000	0.012583	0.460877	0.204060	0.347687	10.000000	10.948561	11.002723	2999
0.250000	0.010483	0.482997	0.205587	0.363643	10.000000	10.979226	11.002316	2999
0.250000	0.017493	0.426337	0.204043	0.321600	10.000000	10.893030	11.002377	2999
0.250000	0.026937	0.374370	0.206377	0.283197	10.000000	10.812308	11.002604	2999
0.250000	0.024160	0.390377	0.205903	0.295980	10.000000	10.837232	11.002437	2999
0.250000	0.020803	0.405070	0.204430	0.306100	10.000000	10.860869	11.002932	2999
0.250000	0.019283	0.419560	0.205417	0.316030	10.000000	10.880316	11.002692	2999
0.250000	0.010943	0.486747	0.205623	0.365617	10.000000	10.983709	11.002722	2999
0.250000	0.016923	0.434480	0.205277	0.328320	10.000000	10.903542	11.002526	2999
0.250000	0.020993	0.415057	0.205310	0.313417	10.000000	10.877087	11.002539	2999
0.250000	0.016303	0.438947	0.204753	0.331507	10.000000	10.910862	11.002319	2999
0.250000	0.016133	0.432197	0.203820	0.326397	10.000000	10.902765	11.002707	2999
0.250000	0.022490	0.402023	0.205393	0.304447	10.000000	10.854614	11.002425	2999
0.250000	0.017337	0.428143	0.204187	0.323510	10.000000	10.896339	11.002321	2999
0.250000	0.015743	0.439203	0.204787	0.331717	10.000000	10.912290	11.002634	2999
0.250000	0.012270	0.465587	0.204757	0.350970	10.000000	10.954342	11.002709	2999
0.250000	0.015720	0.441547	0.204797	0.332513	10.000000	10.916075	11.002556	2999
0.250000	0.009543	0.492240	0.205393	0.369690	10.000000	10.990979	11.002589	2999
0.250000	0.021510	0.399990	0.205383	0.302697	10.000000	10.851334	11.002395	2999
0.250000	0.013347	0.469767	0.206083	0.353827	10.000000	10.957938	11.002431	2999
0.250000	0.016753	0.431680	0.204123	0.326130	10.000000	10.899523	11.002694	2999
0.250000	0.021487	0.401427	0.204687	0.303760	10.000000	10.853561	11.002910	2999
0.250000	0.011467	0.473213	0.205183	0.357340	10.000000	10.964242	11.002716	2999
0.250000	0.024640	0.391160	0.206303	0.295777	10.000000	10.839085	11.002715	2999
0.250000	0.020137	0.408220	0.204977	0.308120	10.000000	10.868457	11.002783	2999
0.250000	0.015360	0.442730	0.204673	0.334133	10.000000	10.917541	11.002678	2999
0.250000	0.019767	0.416423	0.205160	0.313983	10.000000	10.878827	11.002502	2999
0.250000	0.017037	0.432690	0.205183	0.326477	10.000000	10.903931	11.002417	2999
0.250000	0.018137	0.423227	0.204767	0.319200	10.000000	10.886649	11.002898	2999
0.250000	0.024473	0.392960	0.206797	0.297057	10.000000	10.840845	11.002606	2999
0.250000	0.015017	0.445713	0.204277	0.336057	10.000000	10.919987	11.002962	2999
0.250000	0.015907	0.440450	0.205217	0.331750	10.000000	10.914338	11.002604	2999
0.250000	0.016827	0.429273	0.204693	0.324617	10.000000	10.895344	11.002796	2999
0.250000	0.010817	0.192813	0.177427	0.145503	10.000000	10.979892	11.502620	2999
0.250000	0.012333	0.183097	0.177470	0.137583	10.000000	10.956834	11.502659	2999
0.250000	0.019107	0.151033	0.179297	0.113760	10.000000	10.876592	11.502530	2999
0.250000	0.019043	0.149830	0.178960	0.112860	10.000000	10.878603	11.502564	2999
0.250000	0.006927	0.229530	0.177913	0.172000	10.000000	11.054456	11.502527	2999
0.250000	0.007120	0.222270	0.177750	0.166820	10.000000	11.041128	11.502713	2999
0.250000	0.005843	0.239433	0.178310	0.179917	10.000000	11.075203	11.502405	2999
0.250000	0.004860	0.252850	0.179877	0.190437	10.000000	11.104346	11.502294	2999
0.250000	0.012680	0.184670	0.177963	0.139207	10.000000	10.957741	11.502471	2999
0.250000	0.013443	0.173587	0.176953	0.130423	10.000000	10.938337	11.502538	2999
0.250000	0.017560	0.154407	0.178210	0.116320	10.000000	10.889211	11.502354	2999
0.250000	0.007350	0.223217	0.178140	0.167417	10.000000	11.043430	11.502800	2999
0.250000	0.013350	0.186493	0.178740	0.140303	10.000000	10.958877	11.502816	2999
0.250000	0.007550	0.218500	0.177127	0.164543	10.000000	11.031107	11.502999	2999
0.250000	0.008533	0.208320	0.176477	0.156537	10.000000	11.014254	11.502703	2999
0.250000	0.011437	0.184693	0.176493	0.138513	10.000000	10.961595	11.502374	2999
0.250000	0.006847	0.225567	0.178370	0.169047	10.000000	11.049364	11.502396	2999
0.250000	0.010593	0.191620	0.176523	0.144090	10.000000	10.977847	11.502077	2999
0.250000	0.006990	0.223533	0.177607	0.168110	10.000000	11.047961	11.502630	2999
0.250000	0.009757	0.199777	0.176933	0.150383	10.000000	10.991449	11.502364	2999
0.250000	0.006767	0.228080	0.177790	0.171627	10.000000	11.053665	11.502800	2999
0.250000	0.007660	0.219880	0.177693	0.165597	10.000000	11.035638	11.502166	2999
0.250000	0.007087	0.223043	0.178220	0.168797	10.000000	11.045242	11.502790	2999
0.250000	0.015433	0.166510	0.178403	0.125887	10.000000	10.916739	11.502631	2999
0.250000	0.009053	0.213113	0.177890	0.160060	10.000000	11.019043	11.502613	2999
0.250000	0.009560	0.199520	0.176430	0.149893	10.000000	10.994322	11.502763	2999
0.250000	0.007117	0.223210	0.177113	0.167380	10.000000	11.046090	11.502673	2999
0.250000	0.011790	0.184777	0.176240	0.139080	10.000000	10.962518	11.502807	2999
0.250000	0.007927	0.231047	0.178663	0.173593	10.000000	11.050657	11.502740	2999
0.250000	0.010527	0.198683	0.177883	0.149190	10.000000	10.988590	11.502874	2999
0.250000	0.009493	0.202310	0.176637	0.151813	10.000000	10.998448	11.502826	2999
0.250000	0.008410	0.210017	0.178033	0.158577	10.000000	11.013560	11.502562	2999
0.250000	0.008980	0.209673	0.178217	0.158223	10.000000	11.012833	11.502538	2999
0.250000	0.011270	0.185647	0.176780	0.140313	10.000000	10.965170	11.502755	2999
0.250000	0.011470	0.188150	0.177147	0.141337	10.000000	10.969525	11.502833	2999
0.250000	0.005013	0.254763	0.178873	0.191323	10.000000	11.104987	11.502840	2999
0.250000	0.009607	0.198570	0.176707	0.149360	10.000000	10.995349	11.503186	2999
0.250000	0.016150	0.164240	0.178680	0.123350	10.000000	10.909300	11.502434	2999
0.250000	0.005990	0.238907	0.178430	0.179507	10.000000	11.074350	11.502415	2999
0.250000	0.015810	0.161673	0.176677	0.122177	10.000000	10.909072	11.502697	2999
0.250000	0.008360	0.215220	0.177953	0.161403	10.000000	11.024576	11.502502	2999
0.250000	0.008427	0.216937	0.177757	0.163150	10.000000	11.029662	11.503014	2999
0.250000	0.006890	0.230557	0.177753	0.172870	10.000000	11.057572	11.502669	2999
0.250000	0.016033	0.160747	0.177990	0.121110	10.000000	10.906362	11.502611	2999
0.250000	0.012120	0.193260	0.178040	0.145223	10.000000	10.973697	11.502870	2999
0.250000	0.010257	0.198280	0.177173	0.149060	10.000000	10.988543	11.502769	2999
0.250000	0.010157	0.193400	0.176153	0.146423	10.000000	10.981407	11.502568	2999
0.250000	0.006100	0.233037	0.177460	0.174460	10.000000	11.063691	11.502554	2999
0.250000	0.006907	0.223510	0.176903	0.168560	10.000000	11.044560	11.503347	2999
0.250000	0.011133	0.191987	0.178023	0.144977	10.000000	10.972862	11.502548	2999
0.250000	0.005547	0.243570	0.178440	0.183330	10.000000	11.082202	11.502649	2999
0.250000	0.011713	0.186800	0.176827	0.140590	10.000000	10.964531	11.502498	2999
0.250000	0.010053	0.196150	0.176647	0.147617	10.000000	10.984945	11.502925	2999
0.250000	0.008393	0.209783	0.177070	0.157553	10.000000	11.017096	11.502466	2999
0.250000	0.014330	0.169507	0.177273	0.128003	10.000000	10.924753	11.502609	2999
0.250000	0.012013	0.187840	0.177693	0.141137	10.000000	10.966700	11.502753	2999
0.250000	0.008717	0.206047	0.176970	0.155477	10.000000	11.010222	11.503400	2999
0.250000	0.009410	0.205290	0.177237	0.154370	10.000000	11.004815	11.502784	2999
0.250000	0.007700	0.219007	0.177843	0.164503	10.000000	11.035088	11.502705	2999
0.250000	0.009437	0.205150	0.178167	0.154790	10.000000	11.005372	11.502776	2999
0.250000	0.011477	0.193263	0.177987	0.144767	10.000000	10.977633	11.502588	2999
0.250000	0.008367	0.220730	0.177617	0.165363	10.000000	11.036669	11.502641	2999
0.250000	0.007047	0.228443	0.177733	0.171817	10.000000	11.057807	11.502772	2999
0.250000	0.008000	0.216947	0.177510	0.163093	10.000000	11.028942	11.502506	2999
0.250000	0.012397	0.179657	0.176947	0.135213	10.000000	10.949064	11.502609	2999
0.250000	0.014330	0.168167	0.177270	0.126497	10.000000	10.922353	11.502522	2999
0.250000	0.011090	0.189700	0.176860	0.143180	10.000000	10.969720	11.502213	2999
0.250000	0.008150	0.217937	0.177480	0.164230	10.000000	11.029786	11.502445	2999
0.250000	0.010660	0.191667	0.177347	0.143630	10.000000	10.976357	11.502358	2999
0.250000	0.011817	0.183937	0.176753	0.139070	10.000000	10.960495	11.502591	2999
0.250000	0.008153	0.211480	0.177077	0.158573	10.000000	11.021391	11.502817	2999
0.250000	0.010533	0.195880	0.176487	0.147593	10.000000	10.985248	11.502902	2999
0.250000	0.014480	0.176353	0.178077	0.132707	10.000000	10.937474	11.502644	2999
0.250000	0.006480	0.228597	0.178153	0.171850	10.000000	11.056675	11.502340	2999
0.250000	0.010453	0.191760	0.176723	0.143897	10.000000	10.978355	11.502996	2999
0.250000	0.007857	0.213127	0.176750	0.159887	10.000000	11.023593	11.502622	2999
0.250000	0.008927	0.206937	0.177170	0.155517	10.000000	11.010414	11.502591	2999
0.250000	0.007017	0.227827	0.178107	0.171313	10.000000	11.052284	11.502566	2999
0.250000	0.007820	0.215087	0.176937	0.161990	10.000000	11.024439	11.502516	2999
0.250000	0.011967	0.180310	0.176777	0.135880	10.000000	10.951205	11.502663	2999
0.250000	0.011907	0.181933	0.176397	0.136830	10.000000	10.954414	11.502577	2999
0.250000	0.016403	0.159473	0.178173	0.120333	10.000000	10.903452	11.502994	2999
0.250000	0.007870	0.213110	0.177010	0.160420	10.000000	11.025185	11.502641	2999
0.250000	0.013100	0.174860	0.176517	0.131640	10.000000	10.939239	11.502589	2999
0.250000	0.011640	0.185617	0.177633	0.139407	10.000000	10.961769	11.502491	2999
0.250000	0.008553	0.211533	0.177370	0.159297	10.000000	11.018993	11.502529	2999
0.250000	0.010057	0.195807	0.176850	0.147540	10.000000	10.985593	11.502895	2999
0.250000	0.006420	0.228533	0.177210	0.171583	10.000000	11.055956	11.502854	2999
0.250000	0.007767	0.215497	0.177453	0.161527	10.000000	11.030452	11.502719	2999
0.250000	0.007030	0.223277	0.177740	0.168050	10.000000	11.044942	11.502808	2999
0.250000	0.011663	0.186333	0.177760	0.140283	10.000000	10.964427	11.502721	2999
0.250000	0.012800	0.176753	0.177263	0.133663	10.000000	10.945222	11.502713	2999
0.250000	0.009917	0.195133	0.176443	0.146727	10.000000	10.988087	11.503080	2999
0.250000	0.010857	0.188400	0.176600	0.141547	10.000000	10.970289	11.502648	2999
0.250000	0.008117	0.214993	0.177180	0.161723	10.000000	11.024799	11.502389	2999
0.250000	0.008473	0.209347	0.177373	0.157893	10.000000	11.017877	11.502614	2999
0.250000	0.010433	0.191940	0.176397	0.144553	10.000000	10.978742	11.502771	2999
0.250000	0.010077	0.196273	0.177710	0.147977	10.000000	10.988511	11.502555	2999
0.250000	0.011627	0.188303	0.176750	0.142323	10.000000	10.968104	11.502650	2999
0.250000	0.008547	0.207483	0.177497	0.155933	10.000000	11.013207	11.502656	2999
0.250000	0.007190	0.059203	0.161267	0.044303	10.000000	11.051950	12.002274	2999
0.250000	0.007647	0.055080	0.161563	0.041560	10.000000	11.034285	12.002843	2999
0.250000	0.006070	0.063583	0.160357	0.047437	10.000000	11.072485	12.002849	2999
0.250000	0.002283	0.107543	0.162870	0.080867	10.000000	11.247637	12.002863	2999
0.250000	0.003527	0.081020	0.160610	0.060510	10.000000	11.158585	12.002795	2999
0.250000	0.002673	0.090423	0.160700	0.067460	10.000000	11.199992	12.002446	2999
0.250000	0.004233	0.081440	0.160740	0.061397	10.000000	11.150584	12.002961	2999
0.250000	0.004463	0.075707	0.161137	0.056840	10.000000	11.130309	12.002589	2999
0.250000	0.010840	0.046427	0.162717	0.034660	10.000000	10.977223	12.002989	2999
0.250000	0.006947	0.058117	0.161233	0.043600	10.000000	11.053435	12.002486	2999
0.250000	0.004397	0.076013	0.160430	0.057043	10.000000	11.132911	12.002728	2999
0.250000	0.008170	0.064470	0.162423	0.048017	10.000000	11.057736	12.002443	2999
0.250000	0.003733	0.081703	0.160570	0.061150	10.000000	11.157366	12.002426	2999
0.250000	0.005127	0.079350	0.161737	0.059743	10.000000	11.133158	12.002366	2999
0.250000	0.005033	0.076457	0.160900	0.057413	10.000000	11.125455	12.002552	2999
0.250000	0.002723	0.097387	0.161803	0.073057	10.000000	11.220644	12.002761	2999
0.250000	0.009313	0.056423	0.162200	0.042400	10.000000	11.021635	12.002322	2999
0.250000	0.002810	0.099377	0.161993	0.075093	10.000000	11.214390	12.002892	2999
0.250000	0.005367	0.068527	0.160243	0.051527	10.000000	11.097070	12.002666	2999
0.250000	0.008280	0.053687	0.162207	0.039947	10.000000	11.024593	12.002905	2999
0.250000	0.005317	0.073783	0.161700	0.055473	10.000000	11.110774	12.002563	2999
0.250000	0.006583	0.061910	0.161060	0.046573	10.000000	11.067211	12.002947	2999
0.250000	0.005587	0.074097	0.161437	0.055727	10.000000	11.109814	12.002939	2999
0.250000	0.008857	0.051750	0.161483	0.039247	10.000000	11.014562	12.002436	2999
0.250000	0.004250	0.073987	0.160190	0.055963	10.000000	11.124133	12.002871	2999
0.250000	0.003550	0.082577	0.161163	0.062037	10.000000	11.164020	12.002572	2999
0.250000	0.003880	0.077983	0.160420	0.058657	10.000000	11.146644	12.002191	2999
0.250000	0.006513	0.064583	0.161740	0.048153	10.000000	11.074257	12.002436	2999
0.250000	0.003417	0.083497	0.161350	0.063053	10.000000	11.164859	12.002703	2999
0.250000	0.002773	0.100690	0.162143	0.075790	10.000000	11.226254	12.002824	2999
0.250000	0.003180	0.089330	0.160850	0.067013	10.000000	11.186941	12.002775	2999
0.250000	0.007327	0.058907	0.161250	0.044087	10.000000	11.047049	12.002743	2999
0.250000	0.007047	0.055477	0.160297	0.041877	10.000000	11.039307	12.002690	2999
0.250000	0.003253	0.086493	0.161407	0.065157	10.000000	11.177894	12.002801	2999
0.250000	0.005590	0.063943	0.160823	0.048013	10.000000	11.082496	12.002598	2999
0.250000	0.003923	0.085117	0.162320	0.063963	10.000000	11.169799	12.002817	2999
0.250000	0.004173	0.074913	0.160753	0.056943	10.000000	11.129453	12.002569	2999
0.250000	0.003910	0.075257	0.160593	0.056427	10.000000	11.137436	12.002601	2999
0.250000	0.008347	0.050273	0.161290	0.037743	10.000000	11.011611	12.002547	2999
0.250000	0.005730	0.066587	0.160087	0.050057	10.000000	11.087316	12.002709	2999
0.250000	0.004247	0.073083	0.159957	0.055140	10.000000	11.124688	12.002588	2999
0.250000	0.007737	0.053270	0.161630	0.039960	10.000000	11.030807	12.002999	2999
0.250000	0.004020	0.085213	0.161650	0.064253	10.000000	11.164380	12.002505	2999
0.250000	0.004250	0.071327	0.160813	0.053683	10.000000	11.119539	12.002634	2999
0.250000	0.007227	0.057137	0.161133	0.042937	10.000000	11.046820	12.002785	2999
0.250000	0.004870	0.070237	0.161023	0.052500	10.000000	11.109534	12.002991	2999
0.250000	0.005983	0.062413	0.161180	0.047513	10.000000	11.073244	12.002582	2999
0.250000	0.007243	0.057800	0.160920	0.043387	10.000000	11.041373	12.002686	2999
0.250000	0.003210	0.088707	0.161220	0.066853	10.000000	11.180865	12.002895	2999
0.250000	0.003013	0.091717	0.161503	0.068793	10.000000	11.196111	12.002783	2999
0.250000	0.007177	0.054727	0.161517	0.040937	10.000000	11.037858	12.002856	2999
0.250000	0.011343	0.045403	0.162993	0.034243	10.000000	10.972807	12.002410	2999
0.250000	0.003577	0.085987	0.161583	0.064240	10.000000	11.173951	12.002629	2999
0.250000	0.010383	0.046437	0.162323	0.034853	10.000000	10.985647	12.002526	2999
0.250000	0.004493	0.073540	0.160607	0.055107	10.000000	11.120838	12.002646	2999
0.250000	0.005623	0.070667	0.161413	0.052627	10.000000	11.104109	12.002937	2999
0.250000	0.006263	0.061790	0.160400	0.046473	10.000000	11.065381	12.002456	2999
0.250000	0.004130	0.077970	0.161340	0.058753	10.000000	11.143477	12.002309	2999
0.250000	0.004267	0.074433	0.160643	0.055860	10.000000	11.128453	12.002316	2999
0.250000	0.004170	0.076950	0.159970	0.058240	10.000000	11.138360	12.002813	2999
0.250000	0.009353	0.058890	0.163747	0.044297	10.000000	11.032086	12.002584	2999
0.250000	0.004530	0.075120	0.160480	0.056523	10.000000	11.131982	12.002583	2999
0.250000	0.006233	0.068970	0.161683	0.051633	10.000000	11.085737	12.002693	2999
0.250000	0.005147	0.072800	0.161220	0.054757	10.000000	11.112365	12.002440	2999
0.250000	0.004223	0.076653	0.160283	0.057913	10.000000	11.131091	12.002704	2999
0.250000	0.002587	0.104000	0.161913	0.078187	10.000000	11.236626	12.002690	2999
0.250000	0.006103	0.061180	0.160653	0.046140	10.000000	11.067752	12.002467	2999
0.250000	0.004463	0.083953	0.161817	0.062650	10.000000	11.155736	12.002367	2999
0.250000	0.004910	0.068127	0.160310	0.050853	10.000000	11.102161	12.002608	2999
0.250000	0.006370	0.062363	0.161207	0.046903	10.000000	11.069109	12.002659	2999
0.250000	0.004927	0.072757	0.161953	0.054513	10.000000	11.114434	12.002539	2999
0.250000	0.004277	0.076213	0.161457	0.057000	10.000000	11.133852	12.002606	2999
0.250000	0.004680	0.071287	0.160413	0.053507	10.000000	11.115937	12.002616	2999
0.250000	0.003177	0.084210	0.160707	0.063320	10.000000	11.168429	12.002529	2999
0.250000	0.006367	0.065237	0.161107	0.049207	10.000000	11.078021	12.002518	2999
0.250000	0.004503	0.072600	0.160740	0.054640	10.000000	11.114566	12.002802	2999
0.250000	0.005233	0.068413	0.161013	0.051160	10.000000	11.099416	12.002485	2999
0.250000	0.003730	0.081040	0.160230	0.060813	10.000000	11.153947	12.003067	2999
0.250000	0.007213	0.054410	0.161443	0.040863	10.000000	11.038421	12.002731	2999
0.250000	0.007693	0.060997	0.161950	0.045910	10.000000	11.051085	12.002662	2999
0.250000	0.003250	0.092767	0.161873	0.069683	10.000000	11.198460	12.002256	2999
0.250000	0.004873	0.071510	0.160347	0.053873	10.000000	11.111769	12.002688	2999
0.250000	0.004407	0.077323	0.160510	0.058090	10.000000	11.134790	12.002578	2999
0.250000	0.006867	0.059883	0.160887	0.044903	10.000000	11.055355	12.002579	2999
0.250000	0.003340	0.085337	0.160780	0.064313	10.000000	11.171592	12.002385	2999
0.250000	0.003910	0.082750	0.161773	0.062377	10.000000	11.155836	12.002356	2999
0.250000	0.005870	0.081560	0.162510	0.061480	10.000000	11.129282	12.002834	2999
0.250000	0.003673	0.086197	0.161267	0.064613	10.000000	11.171216	12.003090	2999
0.250000	0.003917	0.077397	0.160530	0.058067	10.000000	11.142484	12.002589	2999
0.250000	0.003747	0.081420	0.161113	0.061350	10.000000	11.152899	12.002937	2999
0.250000	0.007470	0.058160	0.162233	0.043840	10.000000	11.039906	12.002378	2999
0.250000	0.004033	0.076143	0.160860	0.057303	10.000000	11.133461	12.002267	2999
0.250000	0.004127	0.079160	0.161410	0.059097	10.000000	11.141725	12.002579	2999
0.250000	0.003907	0.084063	0.161420	0.062997	10.000000	11.158227	12.002750	2999
0.250000	0.002703	0.102360	0.161863	0.076393	10.000000	11.231246	12.002634	2999
0.250000	0.003453	0.085487	0.161497	0.064190	10.000000	11.169810	12.002748	2999
0.250000	0.005407	0.074347	0.161297	0.055977	10.000000	11.116857	12.002571	2999
0.250000	0.005787	0.066743	0.161177	0.050240	10.000000	11.087145	12.002544	2999
0.250000	0.002677	0.096537	0.161853	0.072153	10.000000	11.211850	12.002507	2999
0.250000	0.002820	0.097750	0.162077	0.073707	10.000000	11.213805	12.003114	2999
