sd_patt	sd_par_patt	min_patt_dif	typ1_err	typ2_err	avg_patt	avg_patt_thr	avg_par_patt	end_gen
0.416667	0.600000	0.000000	0.159517	0.582593	10.000000	10.126839	10.002871	2999
0.416667	0.600000	0.000000	0.154543	0.587143	10.000000	10.134599	10.003071	2999
0.416667	0.600000	0.000000	0.198203	0.543373	10.000000	10.070005	10.002962	2999
0.416667	0.600000	0.000000	0.149347	0.592477	10.000000	10.143997	10.003032	2999
0.416667	0.600000	0.000000	0.140530	0.602763	10.000000	10.159910	10.003232	2999
0.416667	0.600000	0.000000	0.134443	0.609833	10.000000	10.169266	10.002976	2999
0.416667	0.600000	0.000000	0.163710	0.576563	10.000000	10.121389	10.002955	2999
0.416667	0.600000	0.000000	0.184423	0.557923	10.000000	10.089004	10.003216	2999
0.416667	0.600000	0.000000	0.160483	0.580543	10.000000	10.125516	10.003219	2999
0.416667	0.600000	0.000000	0.132933	0.609673	10.000000	10.173585	10.002922	2999
0.416667	0.600000	0.000000	0.183943	0.557813	10.000000	10.089489	10.002795	2999
0.416667	0.600000	0.000000	0.123983	0.621253	10.000000	10.188351	10.002619	2999
0.416667	0.600000	0.000000	0.121270	0.625097	10.000000	10.192893	10.002767	2999
0.416667	0.600000	0.000000	0.182027	0.559980	10.000000	10.092910	10.003104	2999
0.416667	0.600000	0.000000	0.197680	0.544967	10.000000	10.068862	10.003213	2999
0.416667	0.600000	0.000000	0.157937	0.583977	10.000000	10.129506	10.003122	2999
0.416667	0.600000	0.000000	0.136850	0.606263	10.000000	10.164410	10.002740	2999
0.416667	0.600000	0.000000	0.187027	0.556463	10.000000	10.088083	10.003188	2999
0.416667	0.600000	0.000000	0.152133	0.589580	10.000000	10.140425	10.003512	2999
0.416667	0.600000	0.000000	0.156560	0.584380	10.000000	10.133190	10.003069	2999
0.416667	0.600000	0.000000	0.193500	0.547670	10.000000	10.075469	10.002177	2999
0.416667	0.600000	0.000000	0.179667	0.562880	10.000000	10.096684	10.003257	2999
0.416667	0.600000	0.000000	0.154770	0.586667	10.000000	10.135026	10.003260	2999
0.416667	0.600000	0.000000	0.160653	0.581087	10.000000	10.124699	10.002879	2999
0.416667	0.600000	0.000000	0.134550	0.609433	10.000000	10.168212	10.002981	2999
0.416667	0.600000	0.000000	0.176890	0.565620	10.000000	10.099976	10.002910	2999
0.416667	0.600000	0.000000	0.188640	0.553017	10.000000	10.082662	10.002784	2999
0.416667	0.600000	0.000000	0.127333	0.617197	10.000000	10.183140	10.002551	2999
0.416667	0.600000	0.000000	0.184257	0.558527	10.000000	10.088982	10.003300	2999
0.416667	0.600000	0.000000	0.175090	0.565623	10.000000	10.104054	10.003421	2999
0.416667	0.600000	0.000000	0.164053	0.578453	10.000000	10.122053	10.003085	2999
0.416667	0.600000	0.000000	0.136513	0.606407	10.000000	10.166953	10.002940	2999
0.416667	0.600000	0.000000	0.191627	0.550093	10.000000	10.080555	10.003749	2999
0.416667	0.600000	0.000000	0.182523	0.558530	10.000000	10.092354	10.002976	2999
0.416667	0.600000	0.000000	0.153697	0.588207	10.000000	10.137382	10.003014	2999
0.416667	0.600000	0.000000	0.182990	0.559450	10.000000	10.090701	10.002691	2999
0.416667	0.600000	0.000000	0.138923	0.604810	10.000000	10.161697	10.002708	2999
0.416667	0.600000	0.000000	0.197957	0.544187	10.000000	10.068434	10.003188	2999
0.416667	0.600000	0.000000	0.209757	0.535140	10.000000	10.053919	10.003056	2999
0.416667	0.600000	0.000000	0.163417	0.578223	10.000000	10.121661	10.003170	2999
0.416667	0.600000	0.000000	0.163973	0.576810	10.000000	10.121157	10.003432	2999
0.416667	0.600000	0.000000	0.152160	0.590050	10.000000	10.138677	10.003207	2999
0.416667	0.600000	0.000000	0.144157	0.599003	10.000000	10.151200	10.002663	2999
0.416667	0.600000	0.000000	0.186337	0.556227	10.000000	10.086369	10.002988	2999
0.416667	0.600000	0.000000	0.216057	0.528040	10.000000	10.044628	10.003017	2999
0.416667	0.600000	0.000000	0.165800	0.575310	10.000000	10.117039	10.002994	2999
0.416667	0.600000	0.000000	0.160133	0.582293	10.000000	10.125686	10.003134	2999
0.416667	0.600000	0.000000	0.151140	0.590957	10.000000	10.140786	10.002835	2999
0.416667	0.600000	0.000000	0.168757	0.572727	10.000000	10.112985	10.003296	2999
0.416667	0.600000	0.000000	0.183893	0.558977	10.000000	10.090803	10.002898	2999
0.416667	0.600000	0.000000	0.185190	0.556340	10.000000	10.087996	10.002815	2999
0.416667	0.600000	0.000000	0.155257	0.586493	10.000000	10.134773	10.002807	2999
0.416667	0.600000	0.000000	0.210677	0.532133	10.000000	10.053607	10.002848	2999
0.416667	0.600000	0.000000	0.144860	0.597957	10.000000	10.151249	10.002947	2999
0.416667	0.600000	0.000000	0.158753	0.582467	10.000000	10.129284	10.002830	2999
0.416667	0.600000	0.000000	0.135713	0.607470	10.000000	10.166152	10.003162	2999
0.416667	0.600000	0.000000	0.220740	0.523930	10.000000	10.040327	10.003047	2999
0.416667	0.600000	0.000000	0.153290	0.587107	10.000000	10.138038	10.003183	2999
0.416667	0.600000	0.000000	0.191490	0.550860	10.000000	10.079541	10.002894	2999
0.416667	0.600000	0.000000	0.206520	0.536797	10.000000	10.058693	10.003233	2999
0.416667	0.600000	0.000000	0.157070	0.584220	10.000000	10.131425	10.002845	2999
0.416667	0.600000	0.000000	0.147777	0.593970	10.000000	10.146862	10.003055	2999
0.416667	0.600000	0.000000	0.137620	0.605917	10.000000	10.164871	10.003028	2999
0.416667	0.600000	0.000000	0.177237	0.564300	10.000000	10.100372	10.003178	2999
0.416667	0.600000	0.000000	0.195433	0.546833	10.000000	10.073216	10.002817	2999
0.416667	0.600000	0.000000	0.172930	0.570467	10.000000	10.109280	10.003035	2999
0.416667	0.600000	0.000000	0.149490	0.591963	10.000000	10.142203	10.002860	2999
0.416667	0.600000	0.000000	0.142873	0.599157	10.000000	10.154989	10.003051	2999
0.416667	0.600000	0.000000	0.147917	0.594687	10.000000	10.146371	10.003006	2999
0.416667	0.600000	0.000000	0.164330	0.578130	10.000000	10.119155	10.003184	2999
0.416667	0.600000	0.000000	0.154963	0.585997	10.000000	10.133971	10.003194	2999
0.416667	0.600000	0.000000	0.205110	0.538073	10.000000	10.059897	10.002986	2999
0.416667	0.600000	0.000000	0.129320	0.616413	10.000000	10.178531	10.003232	2999
0.416667	0.600000	0.000000	0.171897	0.570407	10.000000	10.106050	10.002886	2999
0.416667	0.600000	0.000000	0.208110	0.534857	10.000000	10.056678	10.002899	2999
0.416667	0.600000	0.000000	0.184587	0.558140	10.000000	10.089660	10.003237	2999
0.416667	0.600000	0.000000	0.178083	0.563493	10.000000	10.098561	10.002634	2999
0.416667	0.600000	0.000000	0.198680	0.544523	10.000000	10.068056	10.002907	2999
0.416667	0.600000	0.000000	0.135703	0.607750	10.000000	10.166402	10.002696	2999
0.416667	0.600000	0.000000	0.160713	0.580577	10.000000	10.124918	10.002586	2999
0.416667	0.600000	0.000000	0.166847	0.573540	10.000000	10.116919	10.003469	2999
0.416667	0.600000	0.000000	0.149953	0.592570	10.000000	10.142859	10.003294	2999
0.416667	0.600000	0.000000	0.206093	0.537203	10.000000	10.058497	10.003223	2999
0.416667	0.600000	0.000000	0.187920	0.553917	10.000000	10.083254	10.002941	2999
0.416667	0.600000	0.000000	0.131693	0.612820	10.000000	10.174756	10.003183	2999
0.416667	0.600000	0.000000	0.200287	0.542307	10.000000	10.067688	10.003343	2999
0.416667	0.600000	0.000000	0.182363	0.558467	10.000000	10.092962	10.003195	2999
0.416667	0.600000	0.000000	0.149987	0.591457	10.000000	10.142843	10.002958	2999
0.416667	0.600000	0.000000	0.186343	0.554993	10.000000	10.087526	10.003239	2999
0.416667	0.600000	0.000000	0.112793	0.635223	10.000000	10.209857	10.003438	2999
0.416667	0.600000	0.000000	0.214483	0.530463	10.000000	10.047492	10.002601	2999
0.416667	0.600000	0.000000	0.126930	0.618030	10.000000	10.183756	10.002750	2999
0.416667	0.600000	0.000000	0.178550	0.563077	10.000000	10.097278	10.003202	2999
0.416667	0.600000	0.000000	0.212033	0.531653	10.000000	10.050235	10.002917	2999
0.416667	0.600000	0.000000	0.174527	0.566820	10.000000	10.104715	10.003188	2999
0.416667	0.600000	0.000000	0.208133	0.535180	10.000000	10.056487	10.003346	2999
0.416667	0.600000	0.000000	0.180730	0.559667	10.000000	10.095895	10.002861	2999
0.416667	0.600000	0.000000	0.168860	0.572877	10.000000	10.114408	10.003442	2999
0.416667	0.600000	0.000000	0.140857	0.601353	10.000000	10.157707	10.002800	2999
0.416667	0.600000	0.000000	0.156043	0.586090	10.000000	10.132908	10.003144	2999
0.416667	0.600000	0.500000	0.161667	0.355763	10.000000	10.280258	10.502629	2999
0.416667	0.600000	0.500000	0.152970	0.364510	10.000000	10.294834	10.502986	2999
0.416667	0.600000	0.500000	0.139727	0.378980	10.000000	10.317030	10.502613	2999
0.416667	0.600000	0.500000	0.132110	0.388037	10.000000	10.329238	10.502518	2999
0.416667	0.600000	0.500000	0.176697	0.342267	10.000000	10.258165	10.502185	2999
0.416667	0.600000	0.500000	0.137967	0.379207	10.000000	10.319273	10.502839	2999
0.416667	0.600000	0.500000	0.176557	0.342317	10.000000	10.258518	10.502757	2999
0.416667	0.600000	0.500000	0.133170	0.386417	10.000000	10.327523	10.502590	2999
0.416667	0.600000	0.500000	0.146227	0.370807	10.000000	10.304600	10.502284	2999
0.416667	0.600000	0.500000	0.144937	0.373480	10.000000	10.307023	10.502414	2999
0.416667	0.600000	0.500000	0.134387	0.384167	10.000000	10.325603	10.502308	2999
0.416667	0.600000	0.500000	0.154117	0.363570	10.000000	10.293171	10.502563	2999
0.416667	0.600000	0.500000	0.151310	0.366183	10.000000	10.297486	10.502764	2999
0.416667	0.600000	0.500000	0.130673	0.388903	10.000000	10.332451	10.502390	2999
0.416667	0.600000	0.500000	0.131697	0.386140	10.000000	10.329778	10.502588	2999
0.416667	0.600000	0.500000	0.182520	0.337610	10.000000	10.250089	10.502901	2999
0.416667	0.600000	0.500000	0.164407	0.353393	10.000000	10.276557	10.502341	2999
0.416667	0.600000	0.500000	0.151827	0.365613	10.000000	10.296630	10.502759	2999
0.416667	0.600000	0.500000	0.172647	0.346140	10.000000	10.264981	10.502791	2999
0.416667	0.600000	0.500000	0.141070	0.375940	10.000000	10.315543	10.503218	2999
0.416667	0.600000	0.500000	0.140120	0.378123	10.000000	10.315192	10.502506	2999
0.416667	0.600000	0.500000	0.122957	0.398060	10.000000	10.346784	10.502733	2999
0.416667	0.600000	0.500000	0.155177	0.361493	10.000000	10.290425	10.502548	2999
0.416667	0.600000	0.500000	0.140087	0.379087	10.000000	10.314295	10.502606	2999
0.416667	0.600000	0.500000	0.122050	0.397747	10.000000	10.348053	10.502488	2999
0.416667	0.600000	0.500000	0.139637	0.377413	10.000000	10.317272	10.502718	2999
0.416667	0.600000	0.500000	0.120707	0.399947	10.000000	10.349892	10.502298	2999
0.416667	0.600000	0.500000	0.149807	0.368713	10.000000	10.300668	10.502564	2999
0.416667	0.600000	0.500000	0.145390	0.372267	10.000000	10.308046	10.502582	2999
0.416667	0.600000	0.500000	0.153240	0.365150	10.000000	10.293811	10.502581	2999
0.416667	0.600000	0.500000	0.191863	0.329120	10.000000	10.235927	10.502398	2999
0.416667	0.600000	0.500000	0.180573	0.340120	10.000000	10.252577	10.502319	2999
0.416667	0.600000	0.500000	0.177473	0.341573	10.000000	10.256327	10.502535	2999
0.416667	0.600000	0.500000	0.116303	0.406377	10.000000	10.358816	10.502626	2999
0.416667	0.600000	0.500000	0.137167	0.380740	10.000000	10.320682	10.502755	2999
0.416667	0.600000	0.500000	0.130667	0.388500	10.000000	10.333270	10.502817	2999
0.416667	0.600000	0.500000	0.117287	0.404887	10.000000	10.356767	10.502816	2999
0.416667	0.600000	0.500000	0.158363	0.359510	10.000000	10.287139	10.502959	2999
0.416667	0.600000	0.500000	0.158320	0.358817	10.000000	10.287178	10.502749	2999
0.416667	0.600000	0.500000	0.181073	0.337960	10.000000	10.252822	10.503011	2999
0.416667	0.600000	0.500000	0.166347	0.352243	10.000000	10.272521	10.502631	2999
0.416667	0.600000	0.500000	0.134847	0.383283	10.000000	10.325018	10.503054	2999
0.416667	0.600000	0.500000	0.188850	0.331510	10.000000	10.241822	10.502754	2999
0.416667	0.600000	0.500000	0.128723	0.391157	10.000000	10.336087	10.502463	2999
0.416667	0.600000	0.500000	0.135797	0.383707	10.000000	10.325525	10.502937	2999
0.416667	0.600000	0.500000	0.188133	0.332047	10.000000	10.242490	10.502594	2999
0.416667	0.600000	0.500000	0.171743	0.347400	10.000000	10.266897	10.502954	2999
0.416667	0.600000	0.500000	0.135860	0.381900	10.000000	10.323335	10.502707	2999
0.416667	0.600000	0.500000	0.160380	0.357117	10.000000	10.283408	10.502859	2999
0.416667	0.600000	0.500000	0.164057	0.354413	10.000000	10.279532	10.502909	2999
0.416667	0.600000	0.500000	0.173310	0.344533	10.000000	10.263171	10.502400	2999
0.416667	0.600000	0.500000	0.119107	0.402633	10.000000	10.353966	10.502532	2999
0.416667	0.600000	0.500000	0.164777	0.353403	10.000000	10.276909	10.502607	2999
0.416667	0.600000	0.500000	0.162063	0.356247	10.000000	10.281617	10.502649	2999
0.416667	0.600000	0.500000	0.112843	0.409287	10.000000	10.365331	10.502577	2999
0.416667	0.600000	0.500000	0.130520	0.388537	10.000000	10.332397	10.502810	2999
0.416667	0.600000	0.500000	0.153200	0.364780	10.000000	10.295563	10.502796	2999
0.416667	0.600000	0.500000	0.141903	0.377150	10.000000	10.312485	10.502355	2999
0.416667	0.600000	0.500000	0.137567	0.380727	10.000000	10.321492	10.503020	2999
0.416667	0.600000	0.500000	0.126997	0.391843	10.000000	10.339027	10.502767	2999
0.416667	0.600000	0.500000	0.148733	0.368943	10.000000	10.301465	10.502442	2999
0.416667	0.600000	0.500000	0.165837	0.352870	10.000000	10.275663	10.502855	2999
0.416667	0.600000	0.500000	0.148757	0.370080	10.000000	10.302094	10.502350	2999
0.416667	0.600000	0.500000	0.152797	0.364437	10.000000	10.295315	10.502929	2999
0.416667	0.600000	0.500000	0.128133	0.390437	10.000000	10.335942	10.502360	2999
0.416667	0.600000	0.500000	0.195510	0.325753	10.000000	10.231408	10.502597	2999
0.416667	0.600000	0.500000	0.154220	0.363917	10.000000	10.293187	10.502932	2999
0.416667	0.600000	0.500000	0.117807	0.405650	10.000000	10.356495	10.502637	2999
0.416667	0.600000	0.500000	0.157957	0.359793	10.000000	10.287542	10.502589	2999
0.416667	0.600000	0.500000	0.138947	0.379080	10.000000	10.317856	10.502625	2999
0.416667	0.600000	0.500000	0.120723	0.401063	10.000000	10.350934	10.502771	2999
0.416667	0.600000	0.500000	0.143723	0.375060	10.000000	10.310329	10.502601	2999
0.416667	0.600000	0.500000	0.129990	0.389293	10.000000	10.334354	10.502595	2999
0.416667	0.600000	0.500000	0.164420	0.352393	10.000000	10.276764	10.502456	2999
0.416667	0.600000	0.500000	0.176817	0.341160	10.000000	10.258195	10.502585	2999
0.416667	0.600000	0.500000	0.167837	0.351277	10.000000	10.271497	10.502360	2999
0.416667	0.600000	0.500000	0.170427	0.347157	10.000000	10.267755	10.502725	2999
0.416667	0.600000	0.500000	0.152973	0.364470	10.000000	10.295950	10.502477	2999
0.416667	0.600000	0.500000	0.132917	0.390960	10.000000	10.334837	10.502397	2999
0.416667	0.600000	0.500000	0.143887	0.374333	10.000000	10.309504	10.502836	2999
0.416667	0.600000	0.500000	0.154750	0.363307	10.000000	10.290995	10.502275	2999
0.416667	0.600000	0.500000	0.115060	0.405710	10.000000	10.361156	10.502459	2999
0.416667	0.600000	0.500000	0.156907	0.360677	10.000000	10.288664	10.502758	2999
0.416667	0.600000	0.500000	0.149663	0.368090	10.000000	10.300216	10.502789	2999
0.416667	0.600000	0.500000	0.133017	0.385987	10.000000	10.327379	10.502595	2999
0.416667	0.600000	0.500000	0.185333	0.335317	10.000000	10.247018	10.502702	2999
0.416667	0.600000	0.500000	0.136600	0.382327	10.000000	10.322814	10.502555	2999
0.416667	0.600000	0.500000	0.134867	0.383573	10.000000	10.325948	10.503033	2999
0.416667	0.600000	0.500000	0.192477	0.328713	10.000000	10.236143	10.502915	2999
0.416667	0.600000	0.500000	0.156057	0.361400	10.000000	10.290875	10.502921	2999
0.416667	0.600000	0.500000	0.155977	0.360587	10.000000	10.288941	10.502790	2999
0.416667	0.600000	0.500000	0.108063	0.414843	10.000000	10.374120	10.502155	2999
0.416667	0.600000	0.500000	0.128130	0.391070	10.000000	10.336860	10.502520	2999
0.416667	0.600000	0.500000	0.125137	0.394610	10.000000	10.343204	10.502626	2999
0.416667	0.600000	0.500000	0.143520	0.374867	10.000000	10.310169	10.502360	2999
0.416667	0.600000	0.500000	0.122453	0.401327	10.000000	10.353623	10.502811	2999
0.416667	0.600000	0.500000	0.179780	0.340820	10.000000	10.254329	10.502542	2999
0.416667	0.600000	0.500000	0.181333	0.337743	10.000000	10.251101	10.502447	2999
0.416667	0.600000	0.500000	0.153433	0.363263	10.000000	10.293352	10.502399	2999
0.416667	0.600000	0.500000	0.122540	0.397727	10.000000	10.348209	10.503095	2999
0.416667	0.600000	1.000000	0.134820	0.163710	10.000000	10.413567	11.002611	2999
0.416667	0.600000	1.000000	0.097990	0.196713	10.000000	10.488602	11.003210	2999
0.416667	0.600000	1.000000	0.097250	0.196500	10.000000	10.489553	11.002794	2999
0.416667	0.600000	1.000000	0.098427	0.195500	10.000000	10.488109	11.002611	2999
0.416667	0.600000	1.000000	0.114527	0.179990	10.000000	10.452461	11.002620	2999
0.416667	0.600000	1.000000	0.109643	0.183227	10.000000	10.461484	11.002122	2999
0.416667	0.600000	1.000000	0.089690	0.203833	10.000000	10.506645	11.002510	2999
0.416667	0.600000	1.000000	0.111307	0.182933	10.000000	10.458186	11.002481	2999
0.416667	0.600000	1.000000	0.105280	0.188990	10.000000	10.473167	11.003015	2999
0.416667	0.600000	1.000000	0.110383	0.184117	10.000000	10.460963	11.002682	2999
0.416667	0.600000	1.000000	0.079213	0.219447	10.000000	10.535334	11.002957	2999
0.416667	0.600000	1.000000	0.069423	0.232737	10.000000	10.560987	11.002529	2999
0.416667	0.600000	1.000000	0.083637	0.210937	10.000000	10.522456	11.003055	2999
0.416667	0.600000	1.000000	0.075647	0.222240	10.000000	10.542468	11.002700	2999
0.416667	0.600000	1.000000	0.075430	0.222563	10.000000	10.542526	11.002586	2999
0.416667	0.600000	1.000000	0.121080	0.174953	10.000000	10.440049	11.002892	2999
0.416667	0.600000	1.000000	0.089847	0.204133	10.000000	10.506241	11.002700	2999
0.416667	0.600000	1.000000	0.122757	0.172767	10.000000	10.435150	11.002836	2999
0.416667	0.600000	1.000000	0.101133	0.192200	10.000000	10.481090	11.002754	2999
0.416667	0.600000	1.000000	0.093540	0.200987	10.000000	10.497560	11.002847	2999
0.416667	0.600000	1.000000	0.099750	0.193177	10.000000	10.484128	11.002571	2999
0.416667	0.600000	1.000000	0.102930	0.192100	10.000000	10.477933	11.002568	2999
0.416667	0.600000	1.000000	0.090157	0.204707	10.000000	10.505509	11.002545	2999
0.416667	0.600000	1.000000	0.093107	0.201790	10.000000	10.498806	11.002737	2999
0.416667	0.600000	1.000000	0.114343	0.180990	10.000000	10.454475	11.002670	2999
0.416667	0.600000	1.000000	0.085567	0.209010	10.000000	10.516865	11.002745	2999
0.416667	0.600000	1.000000	0.089697	0.204810	10.000000	10.506966	11.002647	2999
0.416667	0.600000	1.000000	0.114743	0.178960	10.000000	10.452020	11.002581	2999
0.416667	0.600000	1.000000	0.103680	0.190540	10.000000	10.475157	11.002569	2999
0.416667	0.600000	1.000000	0.105020	0.189840	10.000000	10.472729	11.002924	2999
0.416667	0.600000	1.000000	0.111057	0.183663	10.000000	10.459641	11.002801	2999
0.416667	0.600000	1.000000	0.120300	0.174357	10.000000	10.440959	11.002836	2999
0.416667	0.600000	1.000000	0.083670	0.211870	10.000000	10.522843	11.003086	2999
0.416667	0.600000	1.000000	0.071763	0.227873	10.000000	10.554231	11.002737	2999
0.416667	0.600000	1.000000	0.080803	0.214853	10.000000	10.530263	11.002871	2999
0.416667	0.600000	1.000000	0.113430	0.181620	10.000000	10.453373	11.002303	2999
0.416667	0.600000	1.000000	0.097803	0.196713	10.000000	10.490194	11.002850	2999
0.416667	0.600000	1.000000	0.085897	0.207393	10.000000	10.516825	11.002691	2999
0.416667	0.600000	1.000000	0.088857	0.205930	10.000000	10.510110	11.002827	2999
0.416667	0.600000	1.000000	0.108830	0.187107	10.000000	10.466953	11.002699	2999
0.416667	0.600000	1.000000	0.114883	0.180007	10.000000	10.453653	11.002708	2999
0.416667	0.600000	1.000000	0.085097	0.209667	10.000000	10.517777	11.002348	2999
0.416667	0.600000	1.000000	0.095107	0.198357	10.000000	10.495754	11.002797	2999
0.416667	0.600000	1.000000	0.100603	0.192220	10.000000	10.481883	11.002473	2999
0.416667	0.600000	1.000000	0.096977	0.197000	10.000000	10.491879	11.002843	2999
0.416667	0.600000	1.000000	0.072257	0.226883	10.000000	10.552972	11.002954	2999
0.416667	0.600000	1.000000	0.096423	0.198553	10.000000	10.493478	11.002575	2999
0.416667	0.600000	1.000000	0.100603	0.193283	10.000000	10.483058	11.002913	2999
0.416667	0.600000	1.000000	0.125903	0.171053	10.000000	10.429504	11.002570	2999
0.416667	0.600000	1.000000	0.081197	0.215193	10.000000	10.528644	11.002386	2999
0.416667	0.600000	1.000000	0.096143	0.197467	10.000000	10.490763	11.002136	2999
0.416667	0.600000	1.000000	0.114273	0.180410	10.000000	10.453344	11.002679	2999
0.416667	0.600000	1.000000	0.091633	0.203010	10.000000	10.503405	11.002887	2999
0.416667	0.600000	1.000000	0.085767	0.209097	10.000000	10.516568	11.002851	2999
0.416667	0.600000	1.000000	0.102497	0.190133	10.000000	10.478146	11.002466	2999
0.416667	0.600000	1.000000	0.106957	0.187647	10.000000	10.467253	11.002433	2999
0.416667	0.600000	1.000000	0.118850	0.176057	10.000000	10.443545	11.002310	2999
0.416667	0.600000	1.000000	0.099757	0.194730	10.000000	10.485056	11.002653	2999
0.416667	0.600000	1.000000	0.104043	0.189510	10.000000	10.474061	11.002618	2999
0.416667	0.600000	1.000000	0.105527	0.187247	10.000000	10.471858	11.002691	2999
0.416667	0.600000	1.000000	0.085757	0.208913	10.000000	10.517294	11.002737	2999
0.416667	0.600000	1.000000	0.091847	0.203097	10.000000	10.501312	11.002771	2999
0.416667	0.600000	1.000000	0.075000	0.221460	10.000000	10.543683	11.002676	2999
0.416667	0.600000	1.000000	0.087170	0.206930	10.000000	10.513584	11.002822	2999
0.416667	0.600000	1.000000	0.096243	0.197790	10.000000	10.491607	11.002307	2999
0.416667	0.600000	1.000000	0.086477	0.208793	10.000000	10.515782	11.002420	2999
0.416667	0.600000	1.000000	0.093193	0.202513	10.000000	10.498163	11.002777	2999
0.416667	0.600000	1.000000	0.083437	0.212690	10.000000	10.523627	11.002865	2999
0.416667	0.600000	1.000000	0.109450	0.184697	10.000000	10.462178	11.002369	2999
0.416667	0.600000	1.000000	0.086497	0.207897	10.000000	10.514973	11.002425	2999
0.416667	0.600000	1.000000	0.090633	0.203697	10.000000	10.503713	11.002826	2999
0.416667	0.600000	1.000000	0.096477	0.197230	10.000000	10.492035	11.002487	2999
0.416667	0.600000	1.000000	0.104963	0.189247	10.000000	10.472540	11.002601	2999
0.416667	0.600000	1.000000	0.104230	0.190080	10.000000	10.474799	11.002694	2999
0.416667	0.600000	1.000000	0.110933	0.183330	10.000000	10.460974	11.003082	2999
0.416667	0.600000	1.000000	0.100693	0.193153	10.000000	10.483290	11.002633	2999
0.416667	0.600000	1.000000	0.141513	0.159043	10.000000	10.401938	11.002395	2999
0.416667	0.600000	1.000000	0.106820	0.186493	10.000000	10.468770	11.002667	2999
0.416667	0.600000	1.000000	0.102500	0.190267	10.000000	10.477232	11.002393	2999
0.416667	0.600000	1.000000	0.090457	0.214000	10.000000	10.517705	11.002487	2999
0.416667	0.600000	1.000000	0.106530	0.187427	10.000000	10.468932	11.002555	2999
0.416667	0.600000	1.000000	0.069023	0.232270	10.000000	10.562740	11.002699	2999
0.416667	0.600000	1.000000	0.096980	0.197953	10.000000	10.490773	11.002578	2999
0.416667	0.600000	1.000000	0.103420	0.189253	10.000000	10.476016	11.002566	2999
0.416667	0.600000	1.000000	0.078943	0.216783	10.000000	10.534080	11.002302	2999
0.416667	0.600000	1.000000	0.117073	0.178097	10.000000	10.445998	11.002384	2999
0.416667	0.600000	1.000000	0.101720	0.192443	10.000000	10.480107	11.002564	2999
0.416667	0.600000	1.000000	0.088327	0.204213	10.000000	10.509119	11.002813	2999
0.416667	0.600000	1.000000	0.109640	0.184900	10.000000	10.461499	11.002209	2999
0.416667	0.600000	1.000000	0.073950	0.223767	10.000000	10.547970	11.002684	2999
0.416667	0.600000	1.000000	0.085727	0.208940	10.000000	10.515964	11.002682	2999
0.416667	0.600000	1.000000	0.103100	0.190537	10.000000	10.476917	11.002493	2999
0.416667	0.600000	1.000000	0.109723	0.184857	10.000000	10.464898	11.002901	2999
0.416667	0.600000	1.000000	0.080590	0.214887	10.000000	10.529306	11.002483	2999
0.416667	0.600000	1.000000	0.077660	0.219580	10.000000	10.537980	11.002744	2999
0.416667	0.600000	1.000000	0.094360	0.200323	10.000000	10.497113	11.002917	2999
0.416667	0.600000	1.000000	0.079787	0.216637	10.000000	10.531371	11.002540	2999
0.416667	0.600000	1.000000	0.079707	0.217227	10.000000	10.531664	11.002238	2999
0.416667	0.600000	1.000000	0.091900	0.201710	10.000000	10.502676	11.002676	2999
0.416667	0.600000	1.000000	0.103163	0.190147	10.000000	10.478245	11.002750	2999
0.416667	0.600000	1.500000	0.061237	0.073693	10.000000	10.630410	11.502615	2999
0.416667	0.600000	1.500000	0.059850	0.074097	10.000000	10.634493	11.502610	2999
0.416667	0.600000	1.500000	0.059363	0.074597	10.000000	10.637081	11.502314	2999
0.416667	0.600000	1.500000	0.045203	0.088083	10.000000	10.691108	11.502561	2999
0.416667	0.600000	1.500000	0.057167	0.076180	10.000000	10.644419	11.502758	2999
0.416667	0.600000	1.500000	0.034613	0.103210	10.000000	10.740552	11.502963	2999
0.416667	0.600000	1.500000	0.051353	0.082513	10.000000	10.667832	11.502788	2999
0.416667	0.600000	1.500000	0.046617	0.088413	10.000000	10.689604	11.502742	2999
0.416667	0.600000	1.500000	0.037660	0.098297	10.000000	10.725827	11.502761	2999
0.416667	0.600000	1.500000	0.055343	0.079010	10.000000	10.651650	11.502410	2999
0.416667	0.600000	1.500000	0.041750	0.092577	10.000000	10.704759	11.502486	2999
0.416667	0.600000	1.500000	0.051873	0.080187	10.000000	10.663721	11.502668	2999
0.416667	0.600000	1.500000	0.033947	0.104647	10.000000	10.743863	11.502636	2999
0.416667	0.600000	1.500000	0.045827	0.088003	10.000000	10.689065	11.502555	2999
0.416667	0.600000	1.500000	0.037010	0.098137	10.000000	10.728811	11.503046	2999
0.416667	0.600000	1.500000	0.050230	0.083000	10.000000	10.671536	11.502390	2999
0.416667	0.600000	1.500000	0.042140	0.091610	10.000000	10.704201	11.503159	2999
0.416667	0.600000	1.500000	0.044013	0.089930	10.000000	10.696051	11.502484	2999
0.416667	0.600000	1.500000	0.052280	0.080940	10.000000	10.663173	11.502757	2999
0.416667	0.600000	1.500000	0.048590	0.085137	10.000000	10.678020	11.502909	2999
0.416667	0.600000	1.500000	0.053523	0.080233	10.000000	10.655930	11.502279	2999
0.416667	0.600000	1.500000	0.044393	0.089703	10.000000	10.693983	11.502271	2999
0.416667	0.600000	1.500000	0.047603	0.086150	10.000000	10.681282	11.502460	2999
0.416667	0.600000	1.500000	0.056020	0.077350	10.000000	10.645814	11.502292	2999
0.416667	0.600000	1.500000	0.053573	0.079993	10.000000	10.656757	11.502815	2999
0.416667	0.600000	1.500000	0.034977	0.102537	10.000000	10.739067	11.502700	2999
0.416667	0.600000	1.500000	0.056107	0.077670	10.000000	10.648053	11.502752	2999
0.416667	0.600000	1.500000	0.045543	0.088720	10.000000	10.690102	11.502472	2999
0.416667	0.600000	1.500000	0.053820	0.080100	10.000000	10.657097	11.502680	2999
0.416667	0.600000	1.500000	0.053287	0.080370	10.000000	10.659450	11.502394	2999
0.416667	0.600000	1.500000	0.047240	0.086250	10.000000	10.681554	11.502827	2999
0.416667	0.600000	1.500000	0.045773	0.088137	10.000000	10.689706	11.502528	2999
0.416667	0.600000	1.500000	0.042933	0.091223	10.000000	10.700133	11.502608	2999
0.416667	0.600000	1.500000	0.046770	0.086487	10.000000	10.684680	11.502542	2999
0.416667	0.600000	1.500000	0.034450	0.102757	10.000000	10.741902	11.502299	2999
0.416667	0.600000	1.500000	0.053060	0.079903	10.000000	10.659310	11.502684	2999
0.416667	0.600000	1.500000	0.042177	0.091210	10.000000	10.704765	11.502843	2999
0.416667	0.600000	1.500000	0.047783	0.085523	10.000000	10.680581	11.503175	2999
0.416667	0.600000	1.500000	0.047077	0.085830	10.000000	10.681978	11.502513	2999
0.416667	0.600000	1.500000	0.054880	0.078730	10.000000	10.652917	11.502785	2999
0.416667	0.600000	1.500000	0.040447	0.092930	10.000000	10.710979	11.502444	2999
0.416667	0.600000	1.500000	0.057767	0.076197	10.000000	10.643768	11.502895	2999
0.416667	0.600000	1.500000	0.052677	0.081740	10.000000	10.662472	11.502637	2999
0.416667	0.600000	1.500000	0.043953	0.090233	10.000000	10.696950	11.502455	2999
0.416667	0.600000	1.500000	0.044740	0.089043	10.000000	10.691565	11.502228	2999
0.416667	0.600000	1.500000	0.047907	0.086117	10.000000	10.679181	11.502402	2999
0.416667	0.600000	1.500000	0.043413	0.091520	10.000000	10.697751	11.502588	2999
0.416667	0.600000	1.500000	0.051643	0.081020	10.000000	10.663609	11.502715	2999
0.416667	0.600000	1.500000	0.045863	0.088180	10.000000	10.688705	11.502623	2999
0.416667	0.600000	1.500000	0.037327	0.098463	10.000000	10.726259	11.502472	2999
0.416667	0.600000	1.500000	0.054910	0.079107	10.000000	10.651502	11.502420	2999
0.416667	0.600000	1.500000	0.044653	0.089860	10.000000	10.694307	11.502572	2999
0.416667	0.600000	1.500000	0.046183	0.087873	10.000000	10.685800	11.502696	2999
0.416667	0.600000	1.500000	0.039347	0.095633	10.000000	10.717286	11.502834	2999
0.416667	0.600000	1.500000	0.058690	0.075333	10.000000	10.639181	11.502656	2999
0.416667	0.600000	1.500000	0.055203	0.078433	10.000000	10.650320	11.502301	2999
0.416667	0.600000	1.500000	0.046497	0.087290	10.000000	10.683882	11.502616	2999
0.416667	0.600000	1.500000	0.047780	0.086270	10.000000	10.680974	11.502842	2999
0.416667	0.600000	1.500000	0.062707	0.071650	10.000000	10.625189	11.502824	2999
0.416667	0.600000	1.500000	0.051310	0.082563	10.000000	10.666624	11.502560	2999
0.416667	0.600000	1.500000	0.069190	0.068063	10.000000	10.605220	11.502758	2999
0.416667	0.600000	1.500000	0.058297	0.076107	10.000000	10.640893	11.502935	2999
0.416667	0.600000	1.500000	0.039150	0.095613	10.000000	10.719079	11.502592	2999
0.416667	0.600000	1.500000	0.054483	0.077990	10.000000	10.653705	11.502621	2999
0.416667	0.600000	1.500000	0.038827	0.096740	10.000000	10.720427	11.502810	2999
0.416667	0.600000	1.500000	0.048670	0.085620	10.000000	10.676611	11.502749	2999
0.416667	0.600000	1.500000	0.055900	0.078187	10.000000	10.649977	11.502738	2999
0.416667	0.600000	1.500000	0.055243	0.079280	10.000000	10.651796	11.502658	2999
0.416667	0.600000	1.500000	0.046990	0.086450	10.000000	10.683845	11.502930	2999
0.416667	0.600000	1.500000	0.054753	0.078573	10.000000	10.652717	11.502713	2999
0.416667	0.600000	1.500000	0.048037	0.085330	10.000000	10.678348	11.502484	2999
0.416667	0.600000	1.500000	0.052713	0.080713	10.000000	10.660399	11.502584	2999
0.416667	0.600000	1.500000	0.046977	0.086327	10.000000	10.684736	11.502829	2999
0.416667	0.600000	1.500000	0.049487	0.084997	10.000000	10.674780	11.502684	2999
0.416667	0.600000	1.500000	0.044957	0.088850	10.000000	10.692474	11.502455	2999
0.416667	0.600000	1.500000	0.051947	0.081543	10.000000	10.662197	11.502704	2999
0.416667	0.600000	1.500000	0.062440	0.072407	10.000000	10.627212	11.502770	2999
0.416667	0.600000	1.500000	0.050050	0.084613	10.000000	10.672973	11.502985	2999
0.416667	0.600000	1.500000	0.049380	0.083797	10.000000	10.674439	11.502651	2999
0.416667	0.600000	1.500000	0.050287	0.083153	10.000000	10.670486	11.502488	2999
0.416667	0.600000	1.500000	0.059653	0.074400	10.000000	10.635547	11.502770	2999
0.416667	0.600000	1.500000	0.048983	0.084187	10.000000	10.675490	11.502635	2999
0.416667	0.600000	1.500000	0.049733	0.083407	10.000000	10.671578	11.502725	2999
0.416667	0.600000	1.500000	0.048703	0.085907	10.000000	10.676383	11.502491	2999
0.416667	0.600000	1.500000	0.039350	0.095927	10.000000	10.716931	11.502448	2999
0.416667	0.600000	1.500000	0.060623	0.074277	10.000000	10.632007	11.502537	2999
0.416667	0.600000	1.500000	0.049930	0.082553	10.000000	10.669505	11.502253	2999
0.416667	0.600000	1.500000	0.058057	0.075600	10.000000	10.641248	11.502501	2999
0.416667	0.600000	1.500000	0.048730	0.083483	10.000000	10.677131	11.502700	2999
0.416667	0.600000	1.500000	0.045937	0.087087	10.000000	10.688512	11.502496	2999
0.416667	0.600000	1.500000	0.046933	0.086713	10.000000	10.682736	11.502428	2999
0.416667	0.600000	1.500000	0.041920	0.092317	10.000000	10.706631	11.502814	2999
0.416667	0.600000	1.500000	0.059780	0.075310	10.000000	10.634664	11.502773	2999
0.416667	0.600000	1.500000	0.053243	0.079673	10.000000	10.660044	11.502477	2999
0.416667	0.600000	1.500000	0.062703	0.072600	10.000000	10.625992	11.502735	2999
0.416667	0.600000	1.500000	0.044223	0.090103	10.000000	10.693188	11.502788	2999
0.416667	0.600000	1.500000	0.049737	0.082823	10.000000	10.670811	11.502292	2999
0.416667	0.600000	1.500000	0.053843	0.080193	10.000000	10.657279	11.502803	2999
0.416667	0.600000	1.500000	0.040347	0.094150	10.000000	10.714584	11.502757	2999
0.416667	0.600000	1.500000	0.048563	0.085067	10.000000	10.678805	11.502986	2999
0.416667	0.600000	2.000000	0.025010	0.024737	10.000000	10.819854	12.002638	2999
0.416667	0.600000	2.000000	0.018210	0.030063	10.000000	10.873470	12.002760	2999
0.416667	0.600000	2.000000	0.022887	0.026103	10.000000	10.834367	12.002625	2999
0.416667	0.600000	2.000000	0.022330	0.026810	10.000000	10.841657	12.002910	2999
0.416667	0.600000	2.000000	0.018953	0.029253	10.000000	10.866016	12.002662	2999
0.416667	0.600000	2.000000	0.024480	0.024923	10.000000	10.823014	12.002494	2999
0.416667	0.600000	2.000000	0.021530	0.027103	10.000000	10.847303	12.002731	2999
0.416667	0.600000	2.000000	0.021413	0.027240	10.000000	10.846423	12.002684	2999
0.416667	0.600000	2.000000	0.020967	0.027330	10.000000	10.851265	12.002744	2999
0.416667	0.600000	2.000000	0.023653	0.025540	10.000000	10.829871	12.002915	2999
0.416667	0.600000	2.000000	0.017430	0.032223	10.000000	10.886030	12.002599	2999
0.416667	0.600000	2.000000	0.021370	0.027840	10.000000	10.846665	12.002795	2999
0.416667	0.600000	2.000000	0.017033	0.032027	10.000000	10.885167	12.002877	2999
0.416667	0.600000	2.000000	0.020443	0.028243	10.000000	10.856942	12.002946	2999
0.416667	0.600000	2.000000	0.022707	0.025653	10.000000	10.834715	12.002609	2999
0.416667	0.600000	2.000000	0.019083	0.031693	10.000000	10.877174	12.002921	2999
0.416667	0.600000	2.000000	0.023800	0.025660	10.000000	10.826715	12.002557	2999
0.416667	0.600000	2.000000	0.022217	0.028027	10.000000	10.845845	12.002368	2999
0.416667	0.600000	2.000000	0.024817	0.024773	10.000000	10.819294	12.002526	2999
0.416667	0.600000	2.000000	0.023997	0.025607	10.000000	10.828733	12.002825	2999
0.416667	0.600000	2.000000	0.014823	0.034527	10.000000	10.908181	12.002438	2999
0.416667	0.600000	2.000000	0.017853	0.031003	10.000000	10.877780	12.002966	2999
0.416667	0.600000	2.000000	0.027330	0.023633	10.000000	10.804305	12.002507	2999
0.416667	0.600000	2.000000	0.021943	0.026880	10.000000	10.843329	12.002694	2999
0.416667	0.600000	2.000000	0.016803	0.031593	10.000000	10.888733	12.002598	2999
0.416667	0.600000	2.000000	0.020187	0.028230	10.000000	10.856737	12.002587	2999
0.416667	0.600000	2.000000	0.018223	0.030600	10.000000	10.876006	12.002415	2999
0.416667	0.600000	2.000000	0.022740	0.025887	10.000000	10.835450	12.002797	2999
0.416667	0.600000	2.000000	0.018850	0.030150	10.000000	10.868152	12.002409	2999
0.416667	0.600000	2.000000	0.014867	0.036713	10.000000	10.919752	12.002817	2999
0.416667	0.600000	2.000000	0.017387	0.031730	10.000000	10.883046	12.002554	2999
0.416667	0.600000	2.000000	0.019453	0.028677	10.000000	10.861476	12.002848	2999
0.416667	0.600000	2.000000	0.021017	0.028153	10.000000	10.849045	12.002065	2999
0.416667	0.600000	2.000000	0.011423	0.040290	10.000000	10.950670	12.002380	2999
0.416667	0.600000	2.000000	0.019140	0.029497	10.000000	10.865384	12.003057	2999
0.416667	0.600000	2.000000	0.020707	0.028547	10.000000	10.851861	12.002544	2999
0.416667	0.600000	2.000000	0.015390	0.033817	10.000000	10.905218	12.002876	2999
0.416667	0.600000	2.000000	0.015570	0.035377	10.000000	10.905415	12.002291	2999
0.416667	0.600000	2.000000	0.019627	0.029267	10.000000	10.864330	12.002502	2999
0.416667	0.600000	2.000000	0.019927	0.028353	10.000000	10.858914	12.002775	2999
0.416667	0.600000	2.000000	0.024650	0.025043	10.000000	10.820403	12.002570	2999
0.416667	0.600000	2.000000	0.019557	0.028710	10.000000	10.863226	12.002659	2999
0.416667	0.600000	2.000000	0.011580	0.040317	10.000000	10.952986	12.002740	2999
0.416667	0.600000	2.000000	0.026723	0.023987	10.000000	10.806824	12.002439	2999
0.416667	0.600000	2.000000	0.017513	0.030727	10.000000	10.880363	12.002220	2999
0.416667	0.600000	2.000000	0.019023	0.029653	10.000000	10.867931	12.002807	2999
0.416667	0.600000	2.000000	0.019527	0.028937	10.000000	10.862067	12.002629	2999
0.416667	0.600000	2.000000	0.012743	0.038820	10.000000	10.937412	12.002787	2999
0.416667	0.600000	2.000000	0.019530	0.029050	10.000000	10.862880	12.002530	2999
0.416667	0.600000	2.000000	0.021237	0.026987	10.000000	10.846288	12.002777	2999
0.416667	0.600000	2.000000	0.021070	0.028503	10.000000	10.850290	12.002913	2999
0.416667	0.600000	2.000000	0.020520	0.028613	10.000000	10.855534	12.002359	2999
0.416667	0.600000	2.000000	0.012863	0.037127	10.000000	10.929310	12.002744	2999
0.416667	0.600000	2.000000	0.020687	0.030560	10.000000	10.860514	12.002495	2999
0.416667	0.600000	2.000000	0.015090	0.035160	10.000000	10.909234	12.002195	2999
0.416667	0.600000	2.000000	0.025420	0.024077	10.000000	10.816796	12.003065	2999
0.416667	0.600000	2.000000	0.018570	0.030060	10.000000	10.873117	12.003338	2999
0.416667	0.600000	2.000000	0.018723	0.030777	10.000000	10.872350	12.002584	2999
0.416667	0.600000	2.000000	0.023610	0.025320	10.000000	10.830084	12.002590	2999
0.416667	0.600000	2.000000	0.012610	0.037507	10.000000	10.935175	12.002546	2999
0.416667	0.600000	2.000000	0.018590	0.029617	10.000000	10.871445	12.002071	2999
0.416667	0.600000	2.000000	0.023340	0.025653	10.000000	10.828770	12.002775	2999
0.416667	0.600000	2.000000	0.022753	0.026557	10.000000	10.834917	12.002401	2999
0.416667	0.600000	2.000000	0.022920	0.025943	10.000000	10.834755	12.002852	2999
0.416667	0.600000	2.000000	0.013620	0.035720	10.000000	10.921799	12.002623	2999
0.416667	0.600000	2.000000	0.020380	0.028683	10.000000	10.857984	12.003150	2999
0.416667	0.600000	2.000000	0.023493	0.025790	10.000000	10.828550	12.002261	2999
0.416667	0.600000	2.000000	0.019063	0.029403	10.000000	10.868385	12.002675	2999
0.416667	0.600000	2.000000	0.016280	0.032427	10.000000	10.894990	12.002458	2999
0.416667	0.600000	2.000000	0.015403	0.033913	10.000000	10.903435	12.002842	2999
0.416667	0.600000	2.000000	0.021173	0.027033	10.000000	10.847844	12.002423	2999
0.416667	0.600000	2.000000	0.013563	0.037167	10.000000	10.925555	12.002775	2999
0.416667	0.600000	2.000000	0.025513	0.025083	10.000000	10.816545	12.002559	2999
0.416667	0.600000	2.000000	0.021320	0.027887	10.000000	10.847002	12.002342	2999
0.416667	0.600000	2.000000	0.019217	0.029577	10.000000	10.866585	12.002856	2999
0.416667	0.600000	2.000000	0.014057	0.036177	10.000000	10.920422	12.002912	2999
0.416667	0.600000	2.000000	0.022240	0.026870	10.000000	10.837010	12.002469	2999
0.416667	0.600000	2.000000	0.017827	0.030677	10.000000	10.877060	12.002683	2999
0.416667	0.600000	2.000000	0.014643	0.035397	10.000000	10.911634	12.002623	2999
0.416667	0.600000	2.000000	0.015760	0.033173	10.000000	10.898350	12.002881	2999
0.416667	0.600000	2.000000	0.013550	0.036363	10.000000	10.925159	12.002610	2999
0.416667	0.600000	2.000000	0.019103	0.030100	10.000000	10.868522	12.002552	2999
0.416667	0.600000	2.000000	0.021510	0.027340	10.000000	10.846556	12.002637	2999
0.416667	0.600000	2.000000	0.021123	0.028757	10.000000	10.853089	12.002647	2999
0.416667	0.600000	2.000000	0.018183	0.030547	10.000000	10.874295	12.002691	2999
0.416667	0.600000	2.000000	0.016257	0.033113	10.000000	10.899787	12.002906	2999
0.416667	0.600000	2.000000	0.022930	0.025837	10.000000	10.834142	12.002513	2999
0.416667	0.600000	2.000000	0.020297	0.028070	10.000000	10.858214	12.002478	2999
0.416667	0.600000	2.000000	0.018907	0.029893	10.000000	10.867281	12.002437	2999
0.416667	0.600000	2.000000	0.018280	0.030817	10.000000	10.875800	12.002464	2999
0.416667	0.600000	2.000000	0.017750	0.030577	10.000000	10.878333	12.002459	2999
0.416667	0.600000	2.000000	0.015387	0.034560	10.000000	10.905226	12.002506	2999
0.416667	0.600000	2.000000	0.016113	0.033580	10.000000	10.895988	12.002895	2999
0.416667	0.600000	2.000000	0.013547	0.036967	10.000000	10.924974	12.002577	2999
0.416667	0.600000	2.000000	0.020223	0.028447	10.000000	10.854405	12.002301	2999
0.416667	0.600000	2.000000	0.017003	0.032693	10.000000	10.892183	12.002438	2999
0.416667	0.600000	2.000000	0.017323	0.032480	10.000000	10.893300	12.002602	2999
0.416667	0.600000	2.000000	0.018137	0.031037	10.000000	10.878725	12.002871	2999
0.416667	0.600000	2.000000	0.016653	0.033297	10.000000	10.892072	12.002348	2999
0.416667	0.600000	2.000000	0.020927	0.028650	10.000000	10.855674	12.002236	2999
