mut_par_size	typ1_err	typ2_err	rej_rate	acp_rate	avg_size	avg_size_thr	avg_par_size	end_gen
0.250000	0.133797	0.771183	0.437033	0.481947	10.000000	10.489148	9.821296	2999
0.250000	0.084083	0.798080	0.435107	0.463710	10.000000	10.612005	9.679608	2999
0.250000	0.153637	0.724340	0.429767	0.463737	10.000000	10.449097	9.985000	2999
0.250000	0.094903	0.798123	0.435780	0.471560	10.000000	10.577551	9.721429	2999
0.250000	0.125697	0.779117	0.436910	0.480683	10.000000	10.504453	9.788766	2999
0.250000	0.114273	0.783693	0.436010	0.476200	10.000000	10.530759	9.849415	2999
0.250000	0.083723	0.798853	0.434820	0.465260	10.000000	10.616622	9.684502	2999
0.250000	0.097220	0.799277	0.436713	0.474433	10.000000	10.571816	9.809289	2999
0.250000	0.127013	0.768023	0.434533	0.474943	10.000000	10.501434	9.887136	2999
0.250000	0.108553	0.779197	0.433170	0.470080	10.000000	10.542961	9.915555	2999
0.250000	0.110473	0.766843	0.430930	0.462600	10.000000	10.536656	9.971759	2999
0.250000	0.107493	0.791097	0.436423	0.476483	10.000000	10.554641	9.766967	2999
0.250000	0.089223	0.795327	0.434420	0.466493	10.000000	10.617941	9.676952	2999
0.250000	0.121813	0.774350	0.436097	0.475263	10.000000	10.520507	9.891820	2999
0.250000	0.102000	0.796043	0.437393	0.475323	10.000000	10.566060	9.830941	2999
0.250000	0.110720	0.781890	0.434693	0.472167	10.000000	10.540539	9.891433	2999
0.250000	0.148807	0.717647	0.427303	0.455777	10.000000	10.456152	10.011969	2999
0.250000	0.118117	0.780970	0.436217	0.476597	10.000000	10.524437	9.845302	2999
0.250000	0.112127	0.765590	0.430487	0.463473	10.000000	10.539779	9.979588	2999
0.250000	0.148723	0.761453	0.437583	0.483327	10.000000	10.456762	9.807407	2999
0.250000	0.124407	0.772273	0.434937	0.475453	10.000000	10.509064	9.878352	2999
0.250000	0.107217	0.790050	0.435903	0.476397	10.000000	10.547394	9.850376	2999
0.250000	0.094453	0.800740	0.437090	0.473610	10.000000	10.580118	9.779374	2999
0.250000	0.126057	0.778287	0.437043	0.481003	10.000000	10.510331	9.788842	2999
0.250000	0.108417	0.789743	0.437027	0.475550	10.000000	10.545738	9.818452	2999
0.250000	0.120337	0.780733	0.436257	0.478533	10.000000	10.518043	9.827487	2999
0.250000	0.092897	0.799210	0.436023	0.470287	10.000000	10.585235	9.882949	2999
0.250000	0.106263	0.774597	0.431963	0.466333	10.000000	10.552738	9.620183	2999
0.250000	0.105357	0.747767	0.423833	0.447517	10.000000	10.550714	10.062166	2999
0.250000	0.132003	0.764047	0.434713	0.474853	10.000000	10.495081	9.894390	2999
0.250000	0.129593	0.743707	0.428497	0.461873	10.000000	10.492924	9.988157	2999
0.250000	0.112900	0.783647	0.436160	0.475063	10.000000	10.538609	9.872857	2999
0.250000	0.133600	0.714293	0.423530	0.444980	10.000000	10.486480	10.069683	2999
0.250000	0.130633	0.766303	0.435087	0.476260	10.000000	10.495120	9.887505	2999
0.250000	0.121900	0.776353	0.435953	0.477600	10.000000	10.513350	9.862725	2999
0.250000	0.126760	0.778770	0.436683	0.481730	10.000000	10.504027	9.732700	2999
0.250000	0.132393	0.752270	0.431660	0.468340	10.000000	10.491204	9.952057	2999
0.250000	0.155097	0.720387	0.430080	0.461300	10.000000	10.447754	9.990526	2999
0.250000	0.091110	0.801290	0.436307	0.470287	10.000000	10.588239	9.744474	2999
0.250000	0.096940	0.794270	0.436093	0.470123	10.000000	10.576769	9.717244	2999
0.250000	0.116733	0.785760	0.437217	0.477313	10.000000	10.529373	9.809234	2999
0.250000	0.110853	0.789097	0.438040	0.475507	10.000000	10.550038	9.828524	2999
0.250000	0.116240	0.776777	0.434653	0.475940	10.000000	10.522794	9.890722	2999
0.250000	0.112703	0.781203	0.435573	0.472647	10.000000	10.537744	9.883781	2999
0.250000	0.105100	0.794103	0.436403	0.475647	10.000000	10.567125	9.746068	2999
0.250000	0.112650	0.773140	0.432457	0.470083	10.000000	10.535748	9.630813	2999
0.250000	0.123190	0.781853	0.437283	0.482093	10.000000	10.513624	9.798373	2999
0.250000	0.091730	0.794100	0.435143	0.466190	10.000000	10.590801	9.681890	2999
0.250000	0.077183	0.797720	0.433363	0.457337	10.000000	10.645399	9.653895	2999
0.250000	0.138417	0.768477	0.436473	0.482950	10.000000	10.481581	9.820735	2999
0.250000	0.098397	0.798843	0.436850	0.474837	10.000000	10.570193	9.788208	2999
0.250000	0.095437	0.800853	0.437097	0.474260	10.000000	10.574871	9.779950	2999
0.250000	0.110060	0.790297	0.437143	0.477690	10.000000	10.538964	9.785647	2999
0.250000	0.109833	0.775587	0.432573	0.468270	10.000000	10.542157	9.930584	2999
0.250000	0.097263	0.784823	0.432817	0.465660	10.000000	10.579516	9.648061	2999
0.250000	0.132923	0.747297	0.430723	0.466680	10.000000	10.489847	9.965488	2999
0.250000	0.117330	0.784680	0.436817	0.478897	10.000000	10.522931	9.780040	2999
0.250000	0.112470	0.789107	0.436800	0.479157	10.000000	10.540541	9.803966	2999
0.250000	0.071573	0.778707	0.427753	0.444727	10.000000	10.660238	9.570756	2999
0.250000	0.117963	0.785563	0.437050	0.480197	10.000000	10.526511	9.789722	2999
0.250000	0.123913	0.760413	0.431253	0.469140	10.000000	10.506799	9.943490	2999
0.250000	0.120067	0.783960	0.437207	0.480813	10.000000	10.519596	9.784513	2999
0.250000	0.118627	0.784130	0.437407	0.480467	10.000000	10.518857	9.765959	2999
0.250000	0.139660	0.749043	0.432983	0.470650	10.000000	10.473362	9.933365	2999
0.250000	0.122293	0.781943	0.436360	0.481860	10.000000	10.514393	9.741892	2999
0.250000	0.115670	0.787800	0.436600	0.479397	10.000000	10.527057	9.761181	2999
0.250000	0.093363	0.781983	0.430923	0.461580	10.000000	10.602998	9.620119	2999
0.250000	0.088063	0.807960	0.438160	0.473117	10.000000	10.598970	9.805718	2999
0.250000	0.094503	0.801097	0.438060	0.473673	10.000000	10.582245	9.805675	2999
0.250000	0.097493	0.767707	0.428563	0.455267	10.000000	10.569131	10.026026	2999
0.250000	0.093343	0.795010	0.436137	0.467683	10.000000	10.592478	9.699042	2999
0.250000	0.135987	0.771170	0.436703	0.483783	10.000000	10.483383	9.817513	2999
0.250000	0.124567	0.745590	0.428067	0.459573	10.000000	10.505583	10.003899	2999
0.250000	0.114310	0.787220	0.436667	0.479170	10.000000	10.529341	9.771931	2999
0.250000	0.130943	0.758100	0.432900	0.470917	10.000000	10.494964	9.930572	2999
0.250000	0.098097	0.797627	0.437260	0.474100	10.000000	10.575013	9.763422	2999
0.250000	0.141907	0.748783	0.432870	0.474323	10.000000	10.470476	9.928880	2999
0.250000	0.144133	0.737673	0.431033	0.465347	10.000000	10.466273	9.965286	2999
0.250000	0.114420	0.785587	0.435227	0.478140	10.000000	10.530204	9.820772	2999
0.250000	0.118077	0.772290	0.433963	0.472267	10.000000	10.522108	9.917727	2999
0.250000	0.131973	0.726483	0.425090	0.453503	10.000000	10.489978	10.043478	2999
0.250000	0.120043	0.780887	0.436000	0.479967	10.000000	10.515173	9.822980	2999
0.250000	0.129317	0.778450	0.437470	0.481867	10.000000	10.503039	9.745415	2999
0.250000	0.103533	0.794900	0.436407	0.476043	10.000000	10.554884	9.825537	2999
0.250000	0.112193	0.787640	0.437103	0.475993	10.000000	10.548313	9.798894	2999
0.250000	0.137693	0.752637	0.433527	0.471123	10.000000	10.476676	9.913264	2999
0.250000	0.114157	0.778093	0.434480	0.474253	10.000000	10.530211	9.901809	2999
0.250000	0.109143	0.774303	0.432697	0.468163	10.000000	10.540077	9.946072	2999
0.250000	0.122937	0.781403	0.437527	0.480943	10.000000	10.513929	9.792239	2999
0.250000	0.128777	0.752523	0.431233	0.467987	10.000000	10.496622	9.956141	2999
0.250000	0.124097	0.758297	0.430760	0.467583	10.000000	10.507764	9.955134	2999
0.250000	0.107637	0.790133	0.436457	0.475663	10.000000	10.545137	9.742828	2999
0.250000	0.131660	0.775140	0.436763	0.482777	10.000000	10.494108	9.787540	2999
0.250000	0.103133	0.783807	0.433540	0.467933	10.000000	10.558641	9.925930	2999
0.250000	0.065560	0.793363	0.431197	0.446997	10.000000	10.673485	9.609427	2999
0.250000	0.096563	0.793950	0.435203	0.469783	10.000000	10.581919	9.705433	2999
0.250000	0.153940	0.748160	0.434787	0.479917	10.000000	10.449416	9.882749	2999
0.250000	0.130877	0.763727	0.434140	0.474720	10.000000	10.491606	9.899841	2999
0.250000	0.151850	0.737247	0.434533	0.470440	10.000000	10.456938	9.943236	2999
0.250000	0.141857	0.758307	0.435650	0.477430	10.000000	10.470165	9.871989	2999
0.250000	0.112170	0.785487	0.435553	0.474590	10.000000	10.534563	9.836168	2999
0.250000	0.119540	0.784193	0.436560	0.479403	10.000000	10.519318	9.787358	2999
0.250000	0.110953	0.789560	0.436357	0.477000	10.000000	10.535868	9.762458	2999
0.250000	0.112443	0.786730	0.436137	0.478120	10.000000	10.532348	9.737946	2999
0.250000	0.114033	0.768600	0.432520	0.466583	10.000000	10.529606	9.956726	2999
0.250000	0.143577	0.707260	0.424537	0.446267	10.000000	10.468116	10.059287	2999
0.250000	0.112253	0.781900	0.435737	0.473287	10.000000	10.534839	9.882115	2999
0.250000	0.118317	0.784657	0.437370	0.478993	10.000000	10.521539	9.783297	2999
0.250000	0.010373	0.688210	0.392447	0.351573	10.000000	14.120079	9.323700	2999
0.250000	0.091067	0.794560	0.434550	0.466113	10.000000	10.592201	9.683346	2999
0.250000	0.119857	0.734653	0.424237	0.450550	10.000000	10.516082	10.052102	2999
0.250000	0.145570	0.756347	0.436577	0.480083	10.000000	10.467078	9.871902	2999
0.250000	0.156403	0.755267	0.439140	0.485703	10.000000	10.446363	9.822153	2999
0.250000	0.143087	0.765813	0.438140	0.483157	10.000000	10.468352	9.815090	2999
0.250000	0.127047	0.777507	0.436713	0.480643	10.000000	10.502477	9.804825	2999
0.250000	0.110507	0.765437	0.430483	0.462293	10.000000	10.538392	9.985751	2999
0.250000	0.122277	0.781770	0.437033	0.480540	10.000000	10.512390	9.777663	2999
0.250000	0.100013	0.791043	0.435430	0.470083	10.000000	10.573416	9.903344	2999
0.250000	0.123727	0.724177	0.423493	0.445890	10.000000	10.508439	10.067930	2999
0.250000	0.143090	0.687580	0.420350	0.434110	10.000000	10.468325	10.107378	2999
0.250000	0.155333	0.736603	0.433917	0.472437	10.000000	10.450250	9.929186	2999
0.250000	0.125650	0.775547	0.435600	0.477847	10.000000	10.515267	9.841669	2999
0.250000	0.130367	0.742127	0.429127	0.461213	10.000000	10.495900	9.997010	2999
0.250000	0.096597	0.792980	0.434960	0.469417	10.000000	10.577507	9.900336	2999
0.250000	0.119583	0.743727	0.425807	0.455553	10.000000	10.514375	10.018242	2999
0.250000	0.080647	0.804843	0.436890	0.464020	10.000000	10.634219	9.707350	2999
0.250000	0.110550	0.790137	0.437560	0.477737	10.000000	10.540811	9.797824	2999
0.250000	0.148547	0.762457	0.438653	0.483393	10.000000	10.466381	9.795878	2999
0.250000	0.125850	0.767487	0.433740	0.473263	10.000000	10.505848	9.912419	2999
0.250000	0.105913	0.778290	0.432713	0.467020	10.000000	10.550484	9.942808	2999
0.250000	0.126953	0.776987	0.436523	0.480700	10.000000	10.503963	9.735904	2999
0.250000	0.115113	0.784950	0.435500	0.478040	10.000000	10.527143	9.841267	2999
0.250000	0.106240	0.790543	0.436567	0.474790	10.000000	10.549695	9.852986	2999
0.250000	0.127177	0.746790	0.429560	0.461423	10.000000	10.507703	9.993137	2999
0.250000	0.093177	0.802727	0.437117	0.472000	10.000000	10.592165	9.768817	2999
0.250000	0.152250	0.761657	0.439627	0.485460	10.000000	10.458829	9.792922	2999
0.250000	0.093443	0.799737	0.436373	0.472160	10.000000	10.584293	9.871442	2999
0.250000	0.110780	0.787337	0.435600	0.477120	10.000000	10.537275	9.823169	2999
0.250000	0.141480	0.752227	0.433143	0.475317	10.000000	10.469785	9.914544	2999
0.250000	0.081337	0.789503	0.432550	0.456113	10.000000	10.679265	9.622143	2999
0.250000	0.150680	0.720187	0.428920	0.458897	10.000000	10.453064	9.999397	2999
0.250000	0.110877	0.787570	0.435957	0.476693	10.000000	10.535514	9.847333	2999
0.250000	0.110070	0.788253	0.436430	0.475233	10.000000	10.547197	9.841685	2999
0.250000	0.139373	0.763247	0.436033	0.479633	10.000000	10.474203	9.862335	2999
0.250000	0.119730	0.784077	0.437183	0.480250	10.000000	10.524489	9.784097	2999
0.250000	0.123083	0.753773	0.430233	0.464863	10.000000	10.507678	9.977568	2999
0.250000	0.149957	0.735537	0.431863	0.468970	10.000000	10.454818	9.955144	2999
0.250000	0.133643	0.770707	0.436053	0.480827	10.000000	10.488976	9.834118	2999
0.250000	0.145180	0.753413	0.434880	0.477703	10.000000	10.465754	9.891049	2999
0.250000	0.102393	0.796490	0.438463	0.475090	10.000000	10.571469	9.796589	2999
0.250000	0.127937	0.758057	0.432060	0.469983	10.000000	10.500801	9.940434	2999
0.250000	0.087180	0.807000	0.439093	0.469727	10.000000	10.607446	9.768701	2999
0.250000	0.143843	0.697603	0.422377	0.441587	10.000000	10.465383	10.083945	2999
0.250000	0.100047	0.796517	0.436887	0.473377	10.000000	10.566960	9.825526	2999
0.250000	0.101770	0.795540	0.436440	0.474430	10.000000	10.561938	9.792946	2999
0.250000	0.076500	0.807767	0.437027	0.464203	10.000000	10.632818	9.707886	2999
0.250000	0.124757	0.684057	0.412967	0.422880	10.000000	10.505088	10.165600	2999
0.250000	0.141160	0.699833	0.420860	0.440027	10.000000	10.472070	10.084818	2999
0.250000	0.113437	0.785997	0.436700	0.477920	10.000000	10.531247	9.814830	2999
0.250000	0.121043	0.782610	0.436703	0.480203	10.000000	10.518420	9.806654	2999
0.250000	0.105243	0.783960	0.433697	0.470907	10.000000	10.547964	9.909226	2999
0.250000	0.118637	0.781857	0.436260	0.478250	10.000000	10.522628	9.717412	2999
0.250000	0.125900	0.779133	0.436497	0.481690	10.000000	10.504244	9.771863	2999
0.250000	0.115353	0.777217	0.434143	0.473873	10.000000	10.526996	9.897562	2999
0.250000	0.134473	0.742880	0.429363	0.464003	10.000000	10.484776	9.979923	2999
0.250000	0.110360	0.720110	0.418630	0.436237	10.000000	10.537876	10.122630	2999
0.250000	0.089363	0.779350	0.431620	0.457603	10.000000	10.602525	9.597106	2999
0.250000	0.077807	0.784003	0.430690	0.451127	10.000000	10.636597	9.595261	2999
0.250000	0.096973	0.796917	0.436630	0.472383	10.000000	10.574245	9.863642	2999
0.250000	0.142940	0.755207	0.435387	0.477337	10.000000	10.471167	9.891607	2999
0.250000	0.070777	0.808577	0.436837	0.460570	10.000000	10.650337	9.696112	2999
0.250000	0.138710	0.766037	0.435970	0.482063	10.000000	10.478679	9.845982	2999
0.250000	0.115567	0.726263	0.422023	0.442600	10.000000	10.526108	10.093559	2999
0.250000	0.123567	0.780730	0.436217	0.480960	10.000000	10.518535	9.784820	2999
0.250000	0.137677	0.770950	0.436637	0.483823	10.000000	10.481000	9.807077	2999
0.250000	0.104940	0.780323	0.433210	0.467397	10.000000	10.563313	9.636644	2999
0.250000	0.118787	0.779263	0.435003	0.476590	10.000000	10.535898	9.683409	2999
0.250000	0.136927	0.769443	0.437203	0.482533	10.000000	10.482585	9.707859	2999
0.250000	0.107357	0.790027	0.436717	0.474960	10.000000	10.551116	9.846313	2999
0.250000	0.117333	0.783503	0.436343	0.478653	10.000000	10.523581	9.769608	2999
0.250000	0.106107	0.762587	0.428867	0.456393	10.000000	10.546541	10.006706	2999
0.250000	0.150850	0.740427	0.434247	0.470963	10.000000	10.451581	9.923766	2999
0.250000	0.122223	0.780603	0.437240	0.480237	10.000000	10.510184	9.812247	2999
0.250000	0.089327	0.793653	0.434830	0.465433	10.000000	10.606873	9.673701	2999
0.250000	0.119897	0.778700	0.434260	0.477307	10.000000	10.515460	9.862477	2999
0.250000	0.115677	0.786187	0.437030	0.479117	10.000000	10.537381	9.781619	2999
0.250000	0.111277	0.718887	0.418907	0.434897	10.000000	10.533646	10.121850	2999
0.250000	0.136723	0.769930	0.437047	0.482327	10.000000	10.493190	9.810463	2999
0.250000	0.111750	0.782923	0.434307	0.473717	10.000000	10.535710	9.881107	2999
0.250000	0.120267	0.781587	0.436733	0.479447	10.000000	10.517084	9.826298	2999
0.250000	0.162450	0.736370	0.436570	0.475157	10.000000	10.436123	9.908602	2999
0.250000	0.061573	0.786870	0.428413	0.441080	10.000000	10.690663	9.579250	2999
0.250000	0.117420	0.779293	0.436107	0.475127	10.000000	10.525087	9.881123	2999
0.250000	0.140883	0.743213	0.432177	0.468110	10.000000	10.472276	9.946249	2999
0.250000	0.086400	0.807000	0.437820	0.470547	10.000000	10.605429	9.740546	2999
0.250000	0.113327	0.781817	0.435560	0.474447	10.000000	10.536963	9.682694	2999
0.250000	0.122703	0.780157	0.437027	0.478113	10.000000	10.514027	9.789099	2999
0.250000	0.125450	0.737113	0.426303	0.454337	10.000000	10.502882	10.024114	2999
0.250000	0.100843	0.790247	0.434377	0.470423	10.000000	10.562145	9.901052	2999
0.250000	0.115807	0.786450	0.436917	0.481257	10.000000	10.528000	9.759768	2999
0.250000	0.157910	0.742090	0.435857	0.476723	10.000000	10.440945	9.890702	2999
0.250000	0.090450	0.805373	0.437823	0.471593	10.000000	10.592992	9.818049	2999
0.250000	0.116983	0.784497	0.436660	0.479603	10.000000	10.525136	9.749059	2999
0.250000	0.114163	0.783770	0.435743	0.475053	10.000000	10.532142	9.847828	2999
0.250000	0.120180	0.783390	0.435810	0.479920	10.000000	10.516214	9.774720	2999
0.250000	0.147767	0.751017	0.434767	0.478180	10.000000	10.461773	9.890659	2999
0.250000	0.140573	0.756260	0.434550	0.475430	10.000000	10.471093	9.892280	2999
0.250000	0.126467	0.737750	0.427490	0.456023	10.000000	10.502821	10.017337	2999
0.250000	0.104253	0.766520	0.429183	0.458517	10.000000	10.555164	9.581216	2999
0.250000	0.114867	0.787897	0.437250	0.478857	10.000000	10.536299	9.779227	2999
0.250000	0.091863	0.777840	0.430130	0.458303	10.000000	10.585655	9.599873	2999
0.250000	0.124330	0.777627	0.436083	0.479177	10.000000	10.506084	9.707239	2999
0.250000	0.128423	0.725683	0.424037	0.449287	10.000000	10.499230	10.050392	2999
0.250000	0.084587	0.807170	0.437137	0.468827	10.000000	10.621420	9.736205	2999
0.250000	0.125023	0.779653	0.437187	0.480937	10.000000	10.512125	9.746987	2999
0.250000	0.130273	0.774567	0.436787	0.480063	10.000000	10.497568	9.819783	2999
0.250000	0.110880	0.787980	0.436120	0.477153	10.000000	10.535383	9.851015	2999
0.250000	0.127057	0.769637	0.433890	0.476000	10.000000	10.499490	9.879506	2999
0.250000	0.085723	0.774977	0.429300	0.450400	10.000000	10.615922	9.580266	2999
0.250000	0.116063	0.785490	0.436270	0.478417	10.000000	10.539731	9.730553	2999
0.250000	0.123930	0.780090	0.436600	0.480703	10.000000	10.504325	9.771426	2999
0.250000	0.086053	0.808527	0.438423	0.469857	10.000000	10.602346	9.795763	2999
0.250000	0.089870	0.799577	0.436553	0.469570	10.000000	10.594654	9.908805	2999
0.250000	0.126567	0.677873	0.412940	0.418977	10.000000	10.500222	10.171124	2999
0.250000	0.146340	0.676180	0.417493	0.429660	10.000000	10.460384	10.126878	2999
0.250000	0.106637	0.791537	0.437303	0.476273	10.000000	10.547981	9.776139	2999
0.250000	0.120887	0.780527	0.437127	0.477003	10.000000	10.524360	9.714547	2999
0.250000	0.100570	0.797610	0.438060	0.474017	10.000000	10.562756	9.819807	2999
0.250000	0.104867	0.788593	0.435760	0.472520	10.000000	10.556034	9.879709	2999
0.250000	0.107180	0.788277	0.436710	0.471907	10.000000	10.558265	9.867715	2999
0.250000	0.131417	0.762857	0.434030	0.474627	10.000000	10.491453	9.891987	2999
0.250000	0.106527	0.792357	0.437163	0.475950	10.000000	10.557958	9.786033	2999
0.250000	0.125497	0.779607	0.436577	0.480250	10.000000	10.506743	9.759164	2999
0.250000	0.123400	0.775257	0.435957	0.475117	10.000000	10.510628	9.858262	2999
0.250000	0.103940	0.792483	0.436497	0.474567	10.000000	10.558501	9.842274	2999
0.250000	0.110777	0.788987	0.436393	0.477987	10.000000	10.537388	9.784053	2999
0.250000	0.084890	0.797193	0.434213	0.464867	10.000000	10.617414	9.680225	2999
0.250000	0.107973	0.786910	0.436083	0.474877	10.000000	10.547422	9.856955	2999
0.250000	0.121227	0.783510	0.439237	0.478117	10.000000	10.548755	9.727706	2999
0.250000	0.153273	0.719697	0.428933	0.460263	10.000000	10.449075	9.996623	2999
0.250000	0.111160	0.785993	0.436170	0.475150	10.000000	10.535635	9.862708	2999
0.250000	0.138330	0.758487	0.434447	0.477180	10.000000	10.479809	9.886184	2999
0.250000	0.097527	0.789363	0.434827	0.467993	10.000000	10.568293	9.918940	2999
0.250000	0.132933	0.771600	0.435637	0.480037	10.000000	10.489303	9.830061	2999
0.250000	0.097510	0.798710	0.436600	0.473607	10.000000	10.580061	9.791566	2999
0.250000	0.114047	0.787523	0.437117	0.479693	10.000000	10.537427	9.766317	2999
0.250000	0.097533	0.799223	0.437113	0.474670	10.000000	10.581029	9.795796	2999
0.250000	0.127017	0.771743	0.434900	0.478497	10.000000	10.499587	9.864100	2999
0.250000	0.138067	0.731967	0.428727	0.460550	10.000000	10.476140	10.003636	2999
0.250000	0.144157	0.751317	0.434437	0.476520	10.000000	10.465544	9.901989	2999
0.250000	0.084717	0.789707	0.432403	0.460303	10.000000	10.606623	9.637633	2999
0.250000	0.075383	0.790597	0.431637	0.453300	10.000000	10.651903	9.618334	2999
0.250000	0.160017	0.736133	0.435440	0.474290	10.000000	10.439308	9.920936	2999
0.250000	0.121737	0.751127	0.429580	0.461920	10.000000	10.511848	9.990326	2999
0.250000	0.118337	0.784323	0.436840	0.479900	10.000000	10.528106	9.743052	2999
0.250000	0.125290	0.780167	0.438323	0.481037	10.000000	10.509296	9.741212	2999
0.250000	0.117953	0.784017	0.437013	0.478567	10.000000	10.524376	9.806491	2999
0.250000	0.125120	0.774177	0.436333	0.477490	10.000000	10.506642	9.858298	2999
0.250000	0.106480	0.792293	0.435977	0.476067	10.000000	10.546585	9.781706	2999
0.250000	0.073087	0.819373	0.440323	0.468173	10.000000	10.645199	9.822531	2999
0.250000	0.113680	0.776127	0.434190	0.471023	10.000000	10.533493	9.915513	2999
0.250000	0.120193	0.776707	0.435383	0.476153	10.000000	10.526230	9.670418	2999
0.250000	0.075910	0.810700	0.437180	0.464647	10.000000	10.638366	9.733735	2999
0.250000	0.165880	0.740787	0.437633	0.481143	10.000000	10.430495	9.876100	2999
0.250000	0.097523	0.799960	0.437267	0.474433	10.000000	10.575078	9.777922	2999
0.250000	0.121923	0.778450	0.437143	0.477503	10.000000	10.513570	9.843843	2999
0.250000	0.073653	0.812117	0.438623	0.464300	10.000000	10.650041	9.731150	2999
0.250000	0.129200	0.767077	0.434573	0.475617	10.000000	10.496304	9.888714	2999
0.250000	0.090690	0.781373	0.431983	0.459710	10.000000	10.597222	9.605908	2999
0.250000	0.111620	0.782730	0.436490	0.473703	10.000000	10.553812	9.675942	2999
0.250000	0.057783	0.782147	0.427097	0.435670	10.000000	10.712093	9.562158	2999
0.250000	0.158540	0.713237	0.430613	0.459837	10.000000	10.441973	10.002556	2999
0.250000	0.130470	0.759560	0.432837	0.471587	10.000000	10.493195	9.925538	2999
0.250000	0.121750	0.753560	0.429503	0.462410	10.000000	10.513787	9.987726	2999
0.250000	0.124637	0.779633	0.436890	0.479990	10.000000	10.507751	9.809197	2999
0.250000	0.133733	0.736317	0.428483	0.458090	10.000000	10.487433	10.002648	2999
0.250000	0.106527	0.792903	0.435833	0.476737	10.000000	10.546919	9.789881	2999
0.250000	0.104207	0.793940	0.436600	0.476087	10.000000	10.554024	9.830759	2999
0.250000	0.098850	0.789233	0.436243	0.469337	10.000000	10.584168	9.670885	2999
0.250000	0.106503	0.782307	0.434653	0.469680	10.000000	10.544610	9.912333	2999
0.250000	0.121410	0.780423	0.436137	0.479893	10.000000	10.523991	9.809176	2999
0.250000	0.132927	0.768273	0.435630	0.480243	10.000000	10.488429	9.656862	2999
0.250000	0.107003	0.788173	0.435560	0.474423	10.000000	10.546226	9.863946	2999
0.250000	0.101333	0.796830	0.437167	0.475117	10.000000	10.566496	9.764102	2999
0.250000	0.105393	0.792827	0.436663	0.476203	10.000000	10.553223	9.846812	2999
0.250000	0.141553	0.755113	0.435213	0.475573	10.000000	10.469630	9.897783	2999
0.250000	0.106927	0.785043	0.435023	0.474113	10.000000	10.547424	9.893417	2999
0.250000	0.133787	0.774610	0.437630	0.482617	10.000000	10.490942	9.786672	2999
0.250000	0.135633	0.729500	0.426783	0.456023	10.000000	10.483219	10.018253	2999
0.250000	0.121983	0.781293	0.437073	0.480297	10.000000	10.522467	9.767649	2999
0.250000	0.119717	0.783560	0.436667	0.480170	10.000000	10.520092	9.806112	2999
0.250000	0.125910	0.691983	0.416433	0.427397	10.000000	10.501722	10.144622	2999
0.250000	0.127393	0.764427	0.433710	0.474633	10.000000	10.504153	9.912838	2999
0.250000	0.129503	0.754767	0.431100	0.469460	10.000000	10.496272	9.947614	2999
0.250000	0.110050	0.781767	0.434837	0.471950	10.000000	10.538071	9.904055	2999
0.250000	0.129790	0.762687	0.433203	0.473323	10.000000	10.492575	9.906590	2999
0.250000	0.121627	0.760200	0.431987	0.468477	10.000000	10.517462	9.963534	2999
0.250000	0.059850	0.776997	0.426550	0.434660	10.000000	10.724884	9.543297	2999
0.250000	0.112257	0.778977	0.435407	0.471283	10.000000	10.541020	9.904703	2999
0.250000	0.149847	0.709203	0.425273	0.452607	10.000000	10.454563	10.029393	2999
0.250000	0.088003	0.799877	0.436220	0.468703	10.000000	10.602743	9.710098	2999
0.250000	0.134517	0.752837	0.432200	0.470370	10.000000	10.484242	9.936686	2999
0.250000	0.140437	0.745800	0.432880	0.470910	10.000000	10.474348	9.946574	2999
0.250000	0.090620	0.803287	0.437327	0.471713	10.000000	10.589534	9.848867	2999
0.250000	0.116157	0.782293	0.435850	0.476783	10.000000	10.526419	9.854412	2999
0.250000	0.145570	0.728557	0.429680	0.462567	10.000000	10.462536	9.986196	2999
0.250000	0.107893	0.773367	0.432563	0.465433	10.000000	10.546249	9.963043	2999
0.250000	0.076987	0.813503	0.438657	0.467100	10.000000	10.634889	9.779827	2999
0.250000	0.094447	0.792610	0.434340	0.468467	10.000000	10.586243	9.676824	2999
0.250000	0.086043	0.797577	0.435133	0.463770	10.000000	10.628786	9.685538	2999
0.250000	0.107440	0.792520	0.437317	0.476843	10.000000	10.553274	9.769178	2999
0.250000	0.141833	0.767397	0.438177	0.484293	10.000000	10.475001	9.784321	2999
0.250000	0.111333	0.788547	0.436423	0.476857	10.000000	10.538882	9.809405	2999
0.250000	0.126353	0.599257	0.392940	0.369713	10.000000	10.499363	10.324001	2999
0.250000	0.074460	0.779803	0.429227	0.445620	10.000000	10.645586	9.574570	2999
0.250000	0.124127	0.618473	0.396690	0.381503	10.000000	10.506394	10.296337	2999
0.250000	0.119903	0.764233	0.432397	0.467390	10.000000	10.513644	9.941023	2999
0.250000	0.079077	0.792423	0.433590	0.457110	10.000000	10.631381	9.631281	2999
0.250000	0.150903	0.724503	0.430187	0.462703	10.000000	10.453520	9.991465	2999
0.250000	0.130993	0.774207	0.436397	0.481847	10.000000	10.493725	9.812929	2999
0.250000	0.145537	0.635723	0.407610	0.402827	10.000000	10.461459	10.210855	2999
0.250000	0.113330	0.778803	0.434697	0.472640	10.000000	10.531675	9.892132	2999
0.250000	0.089783	0.793800	0.434777	0.465383	10.000000	10.597133	9.683018	2999
0.250000	0.116567	0.780377	0.435943	0.476433	10.000000	10.523778	9.869352	2999
0.250000	0.143280	0.762373	0.437117	0.483163	10.000000	10.470294	9.854358	2999
0.250000	0.114897	0.784280	0.436327	0.476580	10.000000	10.531486	9.842009	2999
0.250000	0.117727	0.780323	0.436303	0.477347	10.000000	10.527146	9.852711	2999
0.250000	0.103950	0.775840	0.432010	0.462557	10.000000	10.554866	9.977610	2999
0.250000	0.094097	0.801740	0.436747	0.473487	10.000000	10.578804	9.790926	2999
0.250000	0.112150	0.780030	0.433773	0.473457	10.000000	10.531551	9.895320	2999
0.250000	0.098767	0.795323	0.435780	0.473530	10.000000	10.569644	9.862339	2999
0.250000	0.135350	0.772653	0.437850	0.483200	10.000000	10.506011	9.774227	2999
0.250000	0.105043	0.794523	0.436647	0.476647	10.000000	10.558963	9.780131	2999
0.250000	0.163893	0.725837	0.434123	0.470873	10.000000	10.431209	9.941888	2999
0.250000	0.135180	0.751380	0.431823	0.469297	10.000000	10.482575	9.944475	2999
0.250000	0.127427	0.772373	0.436237	0.477433	10.000000	10.502184	9.851208	2999
0.250000	0.119160	0.774457	0.435050	0.473033	10.000000	10.530105	9.900057	2999
0.250000	0.085540	0.806450	0.437313	0.470067	10.000000	10.605863	9.744072	2999
0.250000	0.142963	0.737140	0.430293	0.467110	10.000000	10.465935	9.970098	2999
0.250000	0.121173	0.696557	0.415370	0.427400	10.000000	10.513142	10.146013	2999
0.250000	0.135943	0.767183	0.436107	0.481190	10.000000	10.485369	9.858671	2999
0.250000	0.116720	0.785430	0.437810	0.479630	10.000000	10.529721	9.758474	2999
0.250000	0.127290	0.778670	0.437637	0.482303	10.000000	10.511244	9.766547	2999
0.250000	0.069673	0.804327	0.435237	0.456683	10.000000	10.667304	9.662945	2999
0.250000	0.135100	0.731507	0.427530	0.457643	10.000000	10.481552	10.010970	2999
0.250000	0.104417	0.790857	0.435107	0.474057	10.000000	10.558871	9.719176	2999
0.250000	0.108737	0.734953	0.421997	0.444473	10.000000	10.540756	10.088146	2999
0.250000	0.114533	0.786117	0.436647	0.478850	10.000000	10.532338	9.765630	2999
0.250000	0.136777	0.760807	0.435647	0.475897	10.000000	10.484379	9.896673	2999
0.250000	0.129890	0.770653	0.435733	0.477400	10.000000	10.497662	9.662691	2999
0.250000	0.105873	0.762963	0.428273	0.459400	10.000000	10.547741	10.005873	2999
0.250000	0.126143	0.754010	0.430940	0.464523	10.000000	10.501351	9.957396	2999
0.250000	0.107213	0.791837	0.437203	0.477147	10.000000	10.558568	9.745359	2999
0.250000	0.125833	0.769093	0.434290	0.475350	10.000000	10.503697	9.895266	2999
0.250000	0.146307	0.761063	0.437050	0.482330	10.000000	10.467026	9.842805	2999
0.250000	0.110480	0.789310	0.436797	0.478037	10.000000	10.540809	9.773658	2999
0.250000	0.089653	0.799757	0.436160	0.468700	10.000000	10.594181	9.712819	2999
0.250000	0.129863	0.769053	0.435383	0.478357	10.000000	10.495689	9.862937	2999
0.250000	0.098810	0.798007	0.437370	0.472463	10.000000	10.569294	9.746340	2999
0.250000	0.106967	0.782010	0.434590	0.470930	10.000000	10.550318	9.924021	2999
0.250000	0.123567	0.779140	0.437127	0.479917	10.000000	10.517916	9.791545	2999
0.250000	0.127313	0.775140	0.436537	0.478880	10.000000	10.504358	9.837093	2999
0.250000	0.111203	0.788437	0.436453	0.476173	10.000000	10.541074	9.827771	2999
0.250000	0.075013	0.803413	0.435563	0.460743	10.000000	10.652486	9.672191	2999
0.250000	0.120003	0.783607	0.437480	0.479153	10.000000	10.521986	9.761295	2999
0.250000	0.109273	0.785813	0.435480	0.474457	10.000000	10.541720	9.694466	2999
0.250000	0.135707	0.762237	0.434623	0.476433	10.000000	10.482858	9.882797	2999
0.250000	0.109520	0.772187	0.432597	0.466047	10.000000	10.538181	9.948866	2999
0.250000	0.098207	0.797837	0.436933	0.473617	10.000000	10.576921	9.745658	2999
0.250000	0.085373	0.808980	0.438530	0.471043	10.000000	10.606227	9.802090	2999
0.250000	0.101377	0.796120	0.438083	0.475257	10.000000	10.568486	9.793178	2999
0.250000	0.166500	0.739603	0.438387	0.480757	10.000000	10.423262	9.872773	2999
0.250000	0.120333	0.767830	0.432050	0.469893	10.000000	10.515491	9.926794	2999
0.250000	0.118460	0.769523	0.433470	0.470497	10.000000	10.519040	9.927078	2999
0.250000	0.101287	0.795067	0.437237	0.474213	10.000000	10.559854	9.754672	2999
0.250000	0.136773	0.744980	0.430720	0.465870	10.000000	10.482331	9.958261	2999
0.250000	0.076960	0.801703	0.435193	0.461087	10.000000	10.630660	9.681714	2999
0.250000	0.137807	0.754763	0.433810	0.472763	10.000000	10.479015	9.909668	2999
0.250000	0.104120	0.786450	0.435250	0.470723	10.000000	10.566914	9.682343	2999
0.250000	0.121417	0.765170	0.432500	0.469950	10.000000	10.514326	9.932055	2999
0.250000	0.097637	0.798943	0.436507	0.474370	10.000000	10.570823	9.821931	2999
0.250000	0.142323	0.766540	0.437533	0.484137	10.000000	10.472177	9.808292	2999
0.250000	0.102827	0.795557	0.437730	0.475547	10.000000	10.562478	9.773286	2999
0.250000	0.106550	0.790200	0.435570	0.475563	10.000000	10.549357	9.858444	2999
0.250000	0.119710	0.757013	0.429963	0.463513	10.000000	10.515489	9.968173	2999
0.250000	0.117217	0.738103	0.424473	0.449277	10.000000	10.522348	10.051133	2999
0.250000	0.102490	0.788580	0.435350	0.471177	10.000000	10.562976	9.900856	2999
0.250000	0.085637	0.803823	0.436073	0.469050	10.000000	10.621478	9.733854	2999
0.250000	0.120540	0.780910	0.437050	0.478687	10.000000	10.517950	9.810395	2999
0.250000	0.108500	0.790953	0.436423	0.477287	10.000000	10.550026	9.827564	2999
0.250000	0.095503	0.799017	0.436447	0.473387	10.000000	10.581906	9.734199	2999
0.250000	0.124510	0.779917	0.437260	0.482723	10.000000	10.508596	9.776050	2999
0.250000	0.106377	0.794220	0.436993	0.476143	10.000000	10.549947	9.809169	2999
0.250000	0.100183	0.793593	0.436230	0.471873	10.000000	10.561750	9.724236	2999
0.250000	0.135817	0.753157	0.432293	0.471437	10.000000	10.479666	9.932733	2999
0.250000	0.126703	0.779000	0.438117	0.481373	10.000000	10.509958	9.754454	2999
0.250000	0.087290	0.800103	0.435997	0.467587	10.000000	10.598753	9.716883	2999
0.250000	0.085737	0.809357	0.438230	0.472017	10.000000	10.606191	9.792638	2999
0.250000	0.103337	0.794577	0.437033	0.475333	10.000000	10.564616	9.855547	2999
0.250000	0.086910	0.793103	0.433840	0.464020	10.000000	10.602798	9.661334	2999
0.250000	0.090250	0.755333	0.425357	0.443707	10.000000	10.610765	9.523171	2999
0.250000	0.122717	0.766317	0.433673	0.470140	10.000000	10.514418	9.923540	2999
0.250000	0.155790	0.666120	0.418010	0.427380	10.000000	10.441919	10.126147	2999
0.250000	0.111103	0.790067	0.437757	0.477167	10.000000	10.543494	9.773627	2999
0.250000	0.119033	0.779497	0.435780	0.477050	10.000000	10.518249	9.853496	2999
0.250000	0.132040	0.772830	0.436637	0.479833	10.000000	10.489888	9.808060	2999
0.250000	0.095907	0.798407	0.436033	0.471960	10.000000	10.582825	9.724422	2999
0.250000	0.111383	0.769487	0.431620	0.465697	10.000000	10.534308	9.961337	2999
0.250000	0.128537	0.776153	0.436790	0.481183	10.000000	10.499045	9.761441	2999
0.250000	0.141847	0.768477	0.438120	0.485123	10.000000	10.469805	9.756730	2999
0.250000	0.140793	0.769083	0.437263	0.485050	10.000000	10.475204	9.771930	2999
0.250000	0.127143	0.778563	0.437437	0.481627	10.000000	10.504427	9.781528	2999
0.250000	0.101030	0.796317	0.436760	0.475610	10.000000	10.572024	9.827392	2999
0.250000	0.110017	0.785457	0.437153	0.473770	10.000000	10.545256	9.703501	2999
0.250000	0.132880	0.771800	0.436743	0.480597	10.000000	10.489457	9.829298	2999
0.250000	0.107597	0.792370	0.436543	0.477580	10.000000	10.548415	9.809009	2999
0.250000	0.115847	0.786023	0.437777	0.477777	10.000000	10.528637	9.763747	2999
0.250000	0.139513	0.757620	0.434893	0.475563	10.000000	10.476110	9.893490	2999
0.250000	0.112433	0.784087	0.435210	0.475443	10.000000	10.541056	9.857649	2999
0.250000	0.115417	0.775563	0.434107	0.470673	10.000000	10.526233	9.904607	2999
0.250000	0.146627	0.704263	0.424923	0.446440	10.000000	10.460855	10.057779	2999
0.250000	0.078923	0.809927	0.438307	0.467197	10.000000	10.629987	9.734467	2999
0.250000	0.089880	0.805587	0.437217	0.472463	10.000000	10.598295	9.795510	2999
0.250000	0.143587	0.688280	0.420130	0.434430	10.000000	10.467545	10.105138	2999
0.250000	0.118947	0.765553	0.432470	0.469083	10.000000	10.518401	9.941757	2999
0.250000	0.111230	0.779660	0.434860	0.471290	10.000000	10.537678	9.914747	2999
0.250000	0.090983	0.798870	0.436213	0.469400	10.000000	10.592547	9.707327	2999
0.250000	0.121850	0.781950	0.436177	0.481013	10.000000	10.512371	9.788091	2999
0.250000	0.124433	0.774293	0.435507	0.476130	10.000000	10.513945	9.866166	2999
0.250000	0.098747	0.791350	0.434797	0.471910	10.000000	10.569138	9.683026	2999
0.250000	0.126917	0.777833	0.436343	0.481847	10.000000	10.504943	9.788778	2999
0.250000	0.126990	0.777290	0.436397	0.482093	10.000000	10.502738	9.815657	2999
0.250000	0.085693	0.787930	0.431593	0.459890	10.000000	10.604618	9.634260	2999
0.250000	0.132860	0.755347	0.432517	0.470683	10.000000	10.490398	9.933736	2999
0.250000	0.134037	0.756243	0.433380	0.472073	10.000000	10.483835	9.921980	2999
0.250000	0.126163	0.769687	0.434400	0.476197	10.000000	10.503361	9.885899	2999
0.250000	0.135680	0.741773	0.430550	0.463757	10.000000	10.481564	9.977570	2999
0.250000	0.125837	0.778570	0.436037	0.481267	10.000000	10.524155	9.728028	2999
0.250000	0.108177	0.791280	0.437553	0.477660	10.000000	10.545230	9.804429	2999
0.250000	0.134010	0.764990	0.434593	0.478493	10.000000	10.486189	9.863762	2999
0.250000	0.109300	0.789443	0.436270	0.476863	10.000000	10.543978	9.757860	2999
0.250000	0.133250	0.773297	0.437643	0.482700	10.000000	10.492357	9.819557	2999
0.250000	0.057983	0.780673	0.427277	0.434787	10.000000	10.709706	9.554177	2999
0.250000	0.099727	0.745940	0.422930	0.443563	10.000000	10.563253	10.086293	2999
0.250000	0.092740	0.794017	0.434870	0.467553	10.000000	10.607671	9.678736	2999
0.250000	0.114283	0.767930	0.432330	0.465803	10.000000	10.548655	9.596894	2999
0.250000	0.124093	0.779897	0.437043	0.480603	10.000000	10.526299	9.744342	2999
0.250000	0.144327	0.758250	0.436020	0.478187	10.000000	10.466566	9.865352	2999
0.250000	0.133807	0.763627	0.434997	0.476667	10.000000	10.487545	9.870848	2999
0.250000	0.105760	0.792773	0.436087	0.477100	10.000000	10.549298	9.796147	2999
0.250000	0.123233	0.778163	0.435290	0.479350	10.000000	10.507633	9.821305	2999
0.250000	0.126873	0.776913	0.436333	0.480990	10.000000	10.504927	9.804939	2999
0.250000	0.128790	0.706863	0.420153	0.436133	10.000000	10.498899	10.105539	2999
0.250000	0.144603	0.759193	0.436347	0.481347	10.000000	10.468019	9.862273	2999
0.250000	0.087273	0.777203	0.430163	0.454290	10.000000	10.635220	9.587837	2999
0.250000	0.117563	0.785367	0.437053	0.480160	10.000000	10.523929	9.770772	2999
0.250000	0.134620	0.773557	0.437593	0.484650	10.000000	10.485805	9.787658	2999
0.250000	0.141077	0.747873	0.432693	0.470153	10.000000	10.471153	9.929475	2999
0.250000	0.096037	0.792693	0.434573	0.469003	10.000000	10.579077	9.687680	2999
0.250000	0.121267	0.781913	0.437287	0.479817	10.000000	10.517686	9.794874	2999
0.250000	0.132667	0.769050	0.436767	0.478347	10.000000	10.489698	9.852497	2999
0.250000	0.124983	0.764183	0.434243	0.470677	10.000000	10.505076	9.918585	2999
0.250000	0.092583	0.798473	0.436027	0.470423	10.000000	10.591448	9.719076	2999
0.250000	0.117260	0.780550	0.435800	0.476180	10.000000	10.528522	9.858995	2999
0.250000	0.153163	0.725460	0.431117	0.464927	10.000000	10.450178	9.973178	2999
0.250000	0.124540	0.778567	0.436243	0.480047	10.000000	10.513631	9.805329	2999
0.250000	0.105723	0.793023	0.436357	0.476510	10.000000	10.550052	9.784417	2999
0.250000	0.117077	0.779537	0.435627	0.475847	10.000000	10.526135	9.878820	2999
0.250000	0.110587	0.773427	0.432163	0.467383	10.000000	10.534934	9.939446	2999
0.250000	0.096500	0.799433	0.437347	0.473003	10.000000	10.574971	9.763284	2999
0.250000	0.125373	0.774880	0.435390	0.477533	10.000000	10.503864	9.864009	2999
0.250000	0.116790	0.766167	0.431690	0.467477	10.000000	10.523242	9.955158	2999
0.250000	0.112303	0.784643	0.435980	0.476980	10.000000	10.533954	9.864015	2999
0.250000	0.087567	0.774990	0.430220	0.453007	10.000000	10.638730	9.579997	2999
0.250000	0.132947	0.752490	0.431597	0.469160	10.000000	10.487410	9.940545	2999
0.250000	0.072680	0.793267	0.432440	0.454013	10.000000	10.652265	9.619017	2999
0.250000	0.094617	0.799237	0.436727	0.470990	10.000000	10.579742	9.861891	2999
0.250000	0.118063	0.732183	0.424353	0.448777	10.000000	10.518209	10.062783	2999
0.250000	0.110277	0.777737	0.434077	0.471100	10.000000	10.554359	9.643125	2999
0.250000	0.141903	0.757863	0.435270	0.478350	10.000000	10.472061	9.875035	2999
0.250000	0.126167	0.774193	0.435817	0.479157	10.000000	10.503462	9.853268	2999
0.250000	0.121407	0.780207	0.436227	0.479627	10.000000	10.513210	9.801666	2999
0.250000	0.130217	0.767327	0.434667	0.476567	10.000000	10.492413	9.877142	2999
0.250000	0.131153	0.754190	0.431963	0.469790	10.000000	10.491639	9.945383	2999
0.250000	0.102977	0.795413	0.436557	0.475487	10.000000	10.558232	9.806289	2999
0.250000	0.119937	0.775617	0.434487	0.475027	10.000000	10.514974	9.878092	2999
0.250000	0.123533	0.774217	0.434600	0.477410	10.000000	10.509007	9.862911	2999
0.250000	0.128633	0.774350	0.435423	0.479500	10.000000	10.503006	9.824784	2999
0.250000	0.109720	0.784250	0.436080	0.473287	10.000000	10.537381	9.877151	2999
0.250000	0.113863	0.776613	0.434240	0.470437	10.000000	10.529943	9.913404	2999
0.250000	0.157420	0.745417	0.435530	0.478993	10.000000	10.445036	9.885375	2999
0.250000	0.117493	0.771797	0.433720	0.469507	10.000000	10.523201	9.919983	2999
0.250000	0.140003	0.766150	0.436883	0.483037	10.000000	10.475876	9.824581	2999
0.250000	0.119253	0.765793	0.433373	0.469160	10.000000	10.517710	9.942460	2999
0.250000	0.139923	0.767053	0.437417	0.484087	10.000000	10.474632	9.801669	2999
0.250000	0.112603	0.785533	0.435487	0.477153	10.000000	10.539867	9.717864	2999
0.250000	0.099523	0.787463	0.434700	0.468070	10.000000	10.577819	9.659067	2999
0.250000	0.114623	0.785210	0.436120	0.476750	10.000000	10.531751	9.834315	2999
0.250000	0.140247	0.720393	0.425377	0.453437	10.000000	10.472196	10.032019	2999
0.250000	0.118160	0.734333	0.423323	0.448887	10.000000	10.518832	10.058362	2999
