mut_par_size	typ1_err	typ2_err	avg_size	avg_size_thr	avg_par_size	end_gen
0.250000	0.133097	0.637613	10.000000	10.155190	9.731459	2999
0.250000	0.058653	0.718097	10.000000	10.359384	9.556904	2999
0.250000	0.192763	0.554867	10.000000	10.084192	9.878115	2999
0.250000	0.124677	0.646827	10.000000	10.170387	9.740616	2999
0.250000	0.184807	0.546887	10.000000	10.109248	9.932340	2999
0.250000	0.034393	0.724630	10.000000	10.514184	9.466428	2999
0.250000	0.114847	0.662807	10.000000	10.183912	9.641096	2999
0.250000	0.165253	0.598203	10.000000	10.106730	9.790505	2999
0.250000	0.084347	0.686250	10.000000	10.279178	9.505833	2999
0.250000	0.146680	0.633033	10.000000	10.119264	9.643321	2999
0.250000	0.145483	0.624800	10.000000	10.131992	9.739256	2999
0.250000	0.100597	0.675653	10.000000	10.224238	9.553964	2999
0.250000	0.095703	0.681420	10.000000	10.233728	9.597011	2999
0.250000	0.177587	0.555307	10.000000	10.120134	9.932220	2999
0.250000	0.142117	0.623917	10.000000	10.140942	9.764521	2999
0.250000	0.128893	0.644947	10.000000	10.160660	9.709032	2999
0.250000	0.124590	0.655043	10.000000	10.165301	9.595879	2999
0.250000	0.113493	0.657137	10.000000	10.197199	9.751451	2999
0.250000	0.097480	0.678670	10.000000	10.227931	9.700450	2999
0.250000	0.165933	0.605767	10.000000	10.095673	9.734522	2999
0.250000	0.117753	0.658773	10.000000	10.181860	9.660572	2999
0.250000	0.111620	0.667333	10.000000	10.192128	9.624669	2999
0.250000	0.088723	0.687643	10.000000	10.253627	9.555136	2999
0.250000	0.099863	0.678467	10.000000	10.220954	9.663801	2999
0.250000	0.115930	0.649650	10.000000	10.196507	9.781059	2999
0.250000	0.131967	0.646883	10.000000	10.147213	9.623508	2999
0.250000	0.139893	0.627493	10.000000	10.144102	9.755635	2999
0.250000	0.159013	0.585130	10.000000	10.137300	9.885361	2999
0.250000	0.089110	0.688447	10.000000	10.251088	9.591237	2999
0.250000	0.118370	0.658300	10.000000	10.177587	9.652272	2999
0.250000	0.107003	0.665473	10.000000	10.209438	9.724489	2999
0.250000	0.057587	0.717387	10.000000	10.366604	9.541180	2999
0.250000	0.075293	0.704287	10.000000	10.294649	9.608272	2999
0.250000	0.138587	0.637283	10.000000	10.138361	9.683525	2999
0.250000	0.135897	0.635560	10.000000	10.148615	9.730432	2999
0.250000	0.087263	0.691860	10.000000	10.255021	9.625928	2999
0.250000	0.136543	0.637900	10.000000	10.144381	9.685218	2999
0.250000	0.135923	0.637490	10.000000	10.144512	9.706809	2999
0.250000	0.116350	0.659887	10.000000	10.184326	9.684460	2999
0.250000	0.159970	0.604883	10.000000	10.114996	9.780595	2999
0.250000	0.152617	0.621687	10.000000	10.114272	9.699549	2999
0.250000	0.071950	0.698657	10.000000	10.318409	9.519420	2999
0.250000	0.069330	0.707853	10.000000	10.315527	9.574793	2999
0.250000	0.051637	0.713573	10.000000	10.403600	9.489037	2999
0.250000	0.120447	0.658060	10.000000	10.171941	9.630360	2999
0.250000	0.086543	0.682970	10.000000	10.267802	9.506286	2999
0.250000	0.016320	0.725497	10.000000	10.704070	9.423639	2999
0.250000	0.121747	0.650100	10.000000	10.175998	9.730288	2999
0.250000	0.078020	0.694720	10.000000	10.291232	9.526948	2999
0.250000	0.133953	0.642413	10.000000	10.147085	9.671202	2999
0.250000	0.060937	0.704903	10.000000	10.361844	9.497111	2999
0.250000	0.138640	0.639737	10.000000	10.137379	9.653234	2999
0.250000	0.115450	0.655343	10.000000	10.192414	9.741235	2999
0.250000	0.106467	0.672380	10.000000	10.203831	9.616463	2999
0.250000	0.096943	0.680890	10.000000	10.230131	9.636177	2999
0.250000	0.121753	0.651647	10.000000	10.174297	9.704441	2999
0.250000	0.120227	0.658383	10.000000	10.172661	9.615916	2999
0.250000	0.092270	0.684897	10.000000	10.243344	9.580328	2999
0.250000	0.135030	0.620607	10.000000	10.168203	9.834705	2999
0.250000	0.109453	0.665270	10.000000	10.201416	9.693954	2999
0.250000	0.123087	0.650770	10.000000	10.170854	9.681058	2999
0.250000	0.107333	0.667453	10.000000	10.207276	9.539563	2999
0.250000	0.108190	0.667753	10.000000	10.203458	9.684155	2999
0.250000	0.192120	0.543077	10.000000	10.095096	9.926894	2999
0.250000	0.081247	0.696493	10.000000	10.275434	9.600302	2999
0.250000	0.011327	0.725110	10.000000	10.795107	9.408134	2999
0.250000	0.125597	0.645957	10.000000	10.168283	9.719686	2999
0.250000	0.147627	0.615593	10.000000	10.136913	9.787714	2999
0.250000	0.003903	0.642907	10.000000	12.111159	9.252590	2999
0.250000	0.087837	0.684047	10.000000	10.267427	9.516680	2999
0.250000	0.097080	0.679853	10.000000	10.231286	9.684051	2999
0.250000	0.083407	0.697037	10.000000	10.265379	9.640331	2999
0.250000	0.082350	0.691463	10.000000	10.275058	9.537428	2999
0.250000	0.106847	0.670950	10.000000	10.204663	9.642249	2999
0.250000	0.129187	0.639220	10.000000	10.164114	9.753480	2999
0.250000	0.068320	0.707780	10.000000	10.322102	9.552433	2999
0.250000	0.150230	0.626850	10.000000	10.115952	9.682284	2999
0.250000	0.095363	0.682967	10.000000	10.232594	9.610365	2999
0.250000	0.112147	0.667237	10.000000	10.194153	9.651209	2999
0.250000	0.003010	0.741957	10.000000	12.486555	9.420146	2999
0.250000	0.105290	0.670777	10.000000	10.210184	9.698139	2999
0.250000	0.142450	0.582203	10.000000	10.185019	9.969667	2999
0.250000	0.080877	0.692713	10.000000	10.280279	9.539885	2999
0.250000	0.075903	0.703133	10.000000	10.291519	9.597357	2999
0.250000	0.132787	0.643910	10.000000	10.149000	9.660262	2999
0.250000	0.078000	0.697430	10.000000	10.288778	9.546404	2999
0.250000	0.076303	0.704897	10.000000	10.287126	9.656662	2999
0.250000	0.167647	0.606017	10.000000	10.090668	9.722227	2999
0.250000	0.107680	0.669783	10.000000	10.209885	9.563005	2999
0.250000	0.122293	0.655607	10.000000	10.169598	9.622871	2999
0.250000	0.125283	0.648810	10.000000	10.166030	9.705766	2999
0.250000	0.124560	0.652353	10.000000	10.165715	9.662015	2999
0.250000	0.082597	0.693177	10.000000	10.275138	9.566643	2999
0.250000	0.127450	0.650630	10.000000	10.156548	9.620501	2999
0.250000	0.108743	0.667857	10.000000	10.203241	9.550727	2999
0.250000	0.150557	0.618730	10.000000	10.124087	9.746361	2999
0.250000	0.117863	0.650020	10.000000	10.189469	9.763821	2999
0.250000	0.149180	0.630227	10.000000	10.113679	9.654189	2999
0.250000	0.007730	0.700433	10.000000	11.205954	9.352768	2999
0.250000	0.003633	0.733780	10.000000	11.614865	9.407782	2999
0.250000	0.145227	0.624327	10.000000	10.133187	9.749074	2999
0.250000	0.138560	0.636467	10.000000	10.141665	9.703611	2999
0.250000	0.118957	0.659093	10.000000	10.176038	9.641974	2999
0.250000	0.096877	0.681997	10.000000	10.228343	9.618479	2999
0.250000	0.113673	0.662963	10.000000	10.187662	9.662795	2999
0.250000	0.147970	0.623367	10.000000	10.126952	9.730262	2999
0.250000	0.091207	0.686707	10.000000	10.243375	9.586780	2999
0.250000	0.132770	0.642657	10.000000	10.150553	9.680928	2999
0.250000	0.089237	0.682150	10.000000	10.258948	9.527882	2999
0.250000	0.122517	0.644807	10.000000	10.177347	9.755350	2999
0.250000	0.099650	0.676993	10.000000	10.223333	9.692849	2999
0.250000	0.165603	0.603003	10.000000	10.099936	9.757363	2999
0.250000	0.094790	0.683353	10.000000	10.234790	9.621116	2999
0.250000	0.074220	0.699977	10.000000	10.308901	9.533918	2999
0.250000	0.156583	0.616320	10.000000	10.108758	9.718083	2999
0.250000	0.105393	0.671560	10.000000	10.209295	9.660722	2999
0.250000	0.141140	0.614407	10.000000	10.156627	9.829834	2999
0.250000	0.094010	0.684853	10.000000	10.234755	9.640850	2999
0.250000	0.128057	0.644913	10.000000	10.162371	9.720703	2999
0.250000	0.118947	0.658823	10.000000	10.175271	9.639519	2999
0.250000	0.131143	0.646573	10.000000	10.151663	9.651861	2999
0.250000	0.077753	0.697293	10.000000	10.287039	9.554091	2999
0.250000	0.134773	0.630150	10.000000	10.156869	9.776883	2999
0.250000	0.140197	0.630577	10.000000	10.140717	9.731996	2999
0.250000	0.087797	0.690020	10.000000	10.252642	9.588228	2999
0.250000	0.134607	0.641493	10.000000	10.147365	9.685670	2999
0.250000	0.147703	0.627247	10.000000	10.121578	9.694587	2999
0.250000	0.111137	0.665450	10.000000	10.195067	9.632574	2999
0.250000	0.148737	0.607787	10.000000	10.141471	9.830216	2999
0.250000	0.087943	0.689377	10.000000	10.253467	9.582207	2999
0.250000	0.029560	0.730393	10.000000	10.551525	9.469456	2999
0.250000	0.145113	0.614790	10.000000	10.144454	9.811130	2999
0.250000	0.140277	0.625460	10.000000	10.145960	9.773917	2999
0.250000	0.107700	0.670603	10.000000	10.201403	9.613183	2999
0.250000	0.022667	0.735830	10.000000	10.615300	9.465082	2999
0.250000	0.037923	0.730803	10.000000	10.477663	9.507434	2999
0.250000	0.059250	0.714867	10.000000	10.359534	9.530840	2999
0.250000	0.086207	0.690537	10.000000	10.261592	9.575180	2999
0.250000	0.105537	0.669997	10.000000	10.210705	9.546450	2999
0.250000	0.097003	0.681890	10.000000	10.230246	9.622482	2999
0.250000	0.004347	0.717947	10.000000	11.320235	9.380123	2999
0.250000	0.126077	0.651160	10.000000	10.162723	9.647575	2999
0.250000	0.127423	0.650823	10.000000	10.157364	9.595184	2999
0.250000	0.171573	0.564693	10.000000	10.124329	9.917967	2999
0.250000	0.078647	0.701733	10.000000	10.280992	9.629248	2999
0.250000	0.105337	0.672507	10.000000	10.208454	9.579862	2999
0.250000	0.174457	0.579213	10.000000	10.103357	9.847200	2999
0.250000	0.074243	0.694283	10.000000	10.312928	9.503891	2999
0.250000	0.117703	0.659843	10.000000	10.179578	9.634417	2999
0.250000	0.096823	0.682497	10.000000	10.227643	9.623801	2999
0.250000	0.093660	0.685070	10.000000	10.236095	9.615695	2999
0.250000	0.048120	0.721593	10.000000	10.417423	9.507181	2999
0.250000	0.102220	0.674457	10.000000	10.216045	9.698085	2999
0.250000	0.134890	0.630430	10.000000	10.156253	9.770728	2999
0.250000	0.125577	0.649667	10.000000	10.165294	9.670690	2999
0.250000	0.093680	0.683707	10.000000	10.239549	9.588100	2999
0.250000	0.134347	0.625140	10.000000	10.163038	9.817214	2999
0.250000	0.114040	0.664197	10.000000	10.187091	9.633373	2999
0.250000	0.103853	0.672600	10.000000	10.211700	9.557930	2999
0.250000	0.103930	0.673733	10.000000	10.210780	9.638693	2999
0.250000	0.113550	0.659653	10.000000	10.192951	9.708650	2999
0.250000	0.101243	0.676243	10.000000	10.216848	9.642231	2999
0.250000	0.102370	0.675970	10.000000	10.214235	9.590981	2999
0.250000	0.153043	0.622587	10.000000	10.113680	9.695322	2999
0.250000	0.128370	0.648797	10.000000	10.156461	9.649537	2999
0.250000	0.113363	0.661440	10.000000	10.191413	9.689597	2999
0.250000	0.085610	0.682847	10.000000	10.270798	9.495672	2999
0.250000	0.123490	0.648107	10.000000	10.171109	9.737528	2999
0.250000	0.144590	0.632330	10.000000	10.127070	9.672562	2999
0.250000	0.003347	0.702747	10.000000	12.613201	9.350643	2999
0.250000	0.056763	0.716243	10.000000	10.370007	9.523382	2999
0.250000	0.141293	0.635037	10.000000	10.133925	9.679669	2999
0.250000	0.116977	0.659970	10.000000	10.180177	9.665629	2999
0.250000	0.011490	0.730793	10.000000	10.873738	9.418434	2999
0.250000	0.090313	0.685600	10.000000	10.251061	9.553859	2999
0.250000	0.135783	0.642703	10.000000	10.141304	9.628014	2999
0.250000	0.098497	0.676330	10.000000	10.228162	9.546041	2999
0.250000	0.074683	0.695620	10.000000	10.312688	9.502078	2999
0.250000	0.139380	0.635943	10.000000	10.138340	9.684179	2999
0.250000	0.113970	0.662653	10.000000	10.189050	9.666365	2999
0.250000	0.135490	0.626087	10.000000	10.159873	9.800611	2999
0.250000	0.122303	0.648460	10.000000	10.177260	9.734927	2999
0.250000	0.134070	0.637997	10.000000	10.150660	9.721617	2999
0.250000	0.125453	0.653103	10.000000	10.163909	9.627254	2999
0.250000	0.092100	0.686613	10.000000	10.240518	9.635983	2999
0.250000	0.129683	0.624910	10.000000	10.178594	9.838475	2999
0.250000	0.106943	0.671253	10.000000	10.203098	9.612842	2999
0.250000	0.167557	0.556823	10.000000	10.143786	9.966078	2999
0.250000	0.092020	0.681807	10.000000	10.248698	9.537001	2999
0.250000	0.109980	0.668110	10.000000	10.198531	9.587834	2999
0.250000	0.128067	0.639763	10.000000	10.167365	9.755089	2999
0.250000	0.110330	0.663233	10.000000	10.201947	9.724803	2999
0.250000	0.102930	0.672960	10.000000	10.217025	9.575446	2999
0.250000	0.115273	0.663617	10.000000	10.185399	9.595018	2999
0.250000	0.148720	0.624087	10.000000	10.123005	9.722940	2999
0.250000	0.104557	0.672563	10.000000	10.209663	9.657298	2999
0.250000	0.152893	0.613043	10.000000	10.122937	9.766666	2999
0.250000	0.083153	0.695627	10.000000	10.269489	9.596976	2999
0.250000	0.003157	0.727423	10.000000	12.258818	9.393223	2999
0.250000	0.087897	0.691367	10.000000	10.255346	9.636374	2999
0.250000	0.116597	0.651503	10.000000	10.192368	9.755270	2999
0.250000	0.091507	0.682263	10.000000	10.249702	9.527541	2999
0.250000	0.081880	0.690377	10.000000	10.280672	9.533082	2999
0.250000	0.036973	0.736003	10.000000	10.481222	9.514084	2999
0.250000	0.115033	0.660843	10.000000	10.186565	9.687963	2999
0.250000	0.104650	0.672840	10.000000	10.209769	9.657456	2999
0.250000	0.119753	0.657537	10.000000	10.180392	9.533356	2999
0.250000	0.124310	0.645353	10.000000	10.174859	9.748810	2999
0.250000	0.059090	0.715650	10.000000	10.360342	9.532485	2999
0.250000	0.123190	0.651840	10.000000	10.170944	9.685304	2999
0.250000	0.014423	0.727803	10.000000	10.762350	9.419466	2999
0.250000	0.116080	0.662340	10.000000	10.183484	9.618124	2999
0.250000	0.136393	0.642770	10.000000	10.139147	9.601221	2999
0.250000	0.132083	0.634660	10.000000	10.159768	9.758672	2999
0.250000	0.048953	0.721357	10.000000	10.408927	9.513409	2999
0.250000	0.123243	0.648943	10.000000	10.171795	9.714224	2999
0.250000	0.068727	0.695210	10.000000	10.335289	9.483473	2999
0.250000	0.110637	0.666010	10.000000	10.194356	9.575617	2999
0.250000	0.109587	0.668033	10.000000	10.196873	9.595051	2999
0.250000	0.112580	0.665407	10.000000	10.190312	9.642440	2999
0.250000	0.157337	0.621990	10.000000	10.101686	9.652118	2999
0.250000	0.092650	0.685297	10.000000	10.241982	9.594441	2999
0.250000	0.090227	0.687620	10.000000	10.247901	9.600081	2999
0.250000	0.153600	0.607780	10.000000	10.127826	9.796510	2999
0.250000	0.126277	0.644413	10.000000	10.168941	9.739469	2999
0.250000	0.163777	0.596010	10.000000	10.112375	9.805117	2999
0.250000	0.118157	0.653793	10.000000	10.185943	9.724492	2999
0.250000	0.112113	0.666423	10.000000	10.194348	9.611791	2999
0.250000	0.066867	0.710747	10.000000	10.326647	9.565613	2999
0.250000	0.135067	0.639597	10.000000	10.146172	9.694856	2999
0.250000	0.014503	0.704780	10.000000	10.814567	9.370638	2999
0.250000	0.124597	0.651710	10.000000	10.168541	9.679633	2999
0.250000	0.096070	0.682987	10.000000	10.230416	9.620405	2999
0.250000	0.133057	0.637417	10.000000	10.154206	9.729934	2999
0.250000	0.102700	0.671697	10.000000	10.223603	9.531042	2999
0.250000	0.108907	0.669167	10.000000	10.199503	9.588678	2999
0.250000	0.079270	0.693127	10.000000	10.288193	9.535604	2999
0.250000	0.077083	0.694390	10.000000	10.295243	9.522904	2999
0.250000	0.156177	0.599777	10.000000	10.128936	9.828459	2999
0.250000	0.071510	0.702090	10.000000	10.315560	9.534840	2999
0.250000	0.115063	0.653933	10.000000	10.195167	9.762686	2999
0.250000	0.089763	0.686857	10.000000	10.251147	9.575181	2999
0.250000	0.117867	0.660573	10.000000	10.177333	9.632162	2999
0.250000	0.080697	0.690100	10.000000	10.287280	9.514681	2999
0.250000	0.137070	0.635477	10.000000	10.144905	9.712531	2999
0.250000	0.104520	0.671830	10.000000	10.212040	9.687520	2999
0.250000	0.108647	0.669010	10.000000	10.199992	9.601876	2999
0.250000	0.156033	0.623407	10.000000	10.103683	9.674905	2999
0.250000	0.075527	0.700400	10.000000	10.294400	9.557382	2999
0.250000	0.100287	0.677907	10.000000	10.222083	9.679981	2999
0.250000	0.096317	0.678720	10.000000	10.233210	9.559320	2999
0.250000	0.106340	0.667687	10.000000	10.209094	9.724012	2999
0.250000	0.148713	0.613770	10.000000	10.136350	9.789489	2999
0.250000	0.083570	0.688623	10.000000	10.276583	9.515582	2999
0.250000	0.155880	0.553923	10.000000	10.172178	10.017167	2999
0.250000	0.120443	0.654240	10.000000	10.176630	9.698103	2999
0.250000	0.063910	0.700667	10.000000	10.354350	9.477744	2999
0.250000	0.002987	0.735560	10.000000	12.266936	9.407984	2999
0.250000	0.074880	0.698247	10.000000	10.301308	9.532379	2999
0.250000	0.124863	0.652197	10.000000	10.164841	9.672210	2999
0.250000	0.091650	0.678390	10.000000	10.257848	9.501923	2999
0.250000	0.106230	0.670880	10.000000	10.206523	9.597124	2999
0.250000	0.111437	0.667000	10.000000	10.192565	9.653644	2999
0.250000	0.141763	0.634553	10.000000	10.132489	9.674671	2999
0.250000	0.109883	0.666660	10.000000	10.198529	9.683665	2999
0.250000	0.121230	0.654750	10.000000	10.174198	9.695001	2999
0.250000	0.127433	0.642650	10.000000	10.166400	9.744383	2999
0.250000	0.114027	0.663523	10.000000	10.187723	9.560663	2999
0.250000	0.100200	0.676087	10.000000	10.223027	9.568101	2999
0.250000	0.035587	0.717330	10.000000	10.505355	9.449158	2999
0.250000	0.122397	0.648180	10.000000	10.177814	9.744306	2999
0.250000	0.153250	0.608980	10.000000	10.126243	9.792053	2999
0.250000	0.104697	0.673453	10.000000	10.210030	9.591758	2999
0.250000	0.129847	0.636920	10.000000	10.164597	9.757858	2999
0.250000	0.119897	0.648913	10.000000	10.184755	9.748971	2999
0.250000	0.122850	0.652707	10.000000	10.171243	9.678125	2999
0.250000	0.106307	0.670420	10.000000	10.206739	9.669231	2999
0.250000	0.105337	0.670253	10.000000	10.210430	9.700140	2999
0.250000	0.098770	0.678993	10.000000	10.223452	9.606553	2999
0.250000	0.114790	0.664040	10.000000	10.184844	9.614072	2999
0.250000	0.122503	0.654893	10.000000	10.169454	9.588393	2999
0.250000	0.133060	0.637067	10.000000	10.155748	9.736674	2999
0.250000	0.128677	0.630790	10.000000	10.176251	9.813093	2999
0.250000	0.103900	0.674723	10.000000	10.209055	9.625919	2999
0.250000	0.129233	0.628340	10.000000	10.175863	9.824058	2999
0.250000	0.065350	0.711397	10.000000	10.330723	9.559218	2999
0.250000	0.064417	0.709587	10.000000	10.341271	9.538357	2999
0.250000	0.096293	0.681043	10.000000	10.232604	9.666963	2999
0.250000	0.119363	0.660293	10.000000	10.177508	9.590429	2999
0.250000	0.136823	0.640260	10.000000	10.138732	9.678152	2999
0.250000	0.123743	0.640227	10.000000	10.182240	9.786330	2999
0.250000	0.119887	0.655223	10.000000	10.178361	9.688359	2999
0.250000	0.116743	0.656463	10.000000	10.186418	9.716792	2999
0.250000	0.061650	0.699007	10.000000	10.361632	9.472678	2999
0.250000	0.139937	0.636813	10.000000	10.134037	9.667720	2999
0.250000	0.157590	0.607263	10.000000	10.117771	9.777201	2999
0.250000	0.138713	0.630543	10.000000	10.145489	9.746795	2999
0.250000	0.153987	0.598210	10.000000	10.135026	9.845810	2999
0.250000	0.129950	0.646930	10.000000	10.153753	9.668076	2999
0.250000	0.064263	0.710587	10.000000	10.337728	9.537963	2999
0.250000	0.143923	0.631407	10.000000	10.129546	9.697839	2999
0.250000	0.132040	0.640773	10.000000	10.154117	9.712963	2999
0.250000	0.146200	0.617993	10.000000	10.136649	9.782809	2999
0.250000	0.100100	0.677910	10.000000	10.220891	9.610677	2999
0.250000	0.093563	0.684713	10.000000	10.237143	9.639136	2999
0.250000	0.083410	0.692313	10.000000	10.270353	9.561687	2999
0.250000	0.071500	0.694947	10.000000	10.319435	9.492351	2999
0.250000	0.123600	0.650247	10.000000	10.170993	9.694407	2999
0.250000	0.071463	0.709020	10.000000	10.304531	9.604460	2999
0.250000	0.122337	0.650190	10.000000	10.175152	9.714590	2999
0.250000	0.125197	0.625807	10.000000	10.193180	9.864499	2999
0.250000	0.080583	0.693933	10.000000	10.280805	9.552755	2999
0.250000	0.164380	0.598460	10.000000	10.106997	9.787304	2999
0.250000	0.111813	0.666187	10.000000	10.191747	9.598692	2999
0.250000	0.013657	0.732147	10.000000	10.793945	9.423243	2999
0.250000	0.160780	0.605417	10.000000	10.113078	9.782650	2999
0.250000	0.103320	0.673367	10.000000	10.214783	9.554948	2999
0.250000	0.095100	0.682663	10.000000	10.232901	9.617926	2999
0.250000	0.074647	0.700333	10.000000	10.300807	9.563391	2999
0.250000	0.081440	0.696117	10.000000	10.276907	9.565730	2999
0.250000	0.148167	0.610400	10.000000	10.140423	9.812036	2999
0.250000	0.090407	0.687180	10.000000	10.244862	9.636170	2999
0.250000	0.185093	0.569213	10.000000	10.086093	9.845892	2999
0.250000	0.125033	0.653953	10.000000	10.163145	9.628483	2999
0.250000	0.144863	0.629570	10.000000	10.127523	9.691581	2999
0.250000	0.156167	0.616257	10.000000	10.110630	9.722605	2999
0.250000	0.090953	0.687830	10.000000	10.242993	9.661855	2999
0.250000	0.133770	0.639640	10.000000	10.149090	9.689764	2999
0.250000	0.081613	0.683877	10.000000	10.290681	9.479186	2999
0.250000	0.058397	0.710273	10.000000	10.370181	9.508371	2999
0.250000	0.111253	0.658370	10.000000	10.200799	9.748094	2999
0.250000	0.113283	0.663117	10.000000	10.189825	9.682551	2999
0.250000	0.105930	0.669633	10.000000	10.213211	9.548023	2999
0.250000	0.116070	0.660727	10.000000	10.184052	9.650683	2999
0.250000	0.047763	0.719887	10.000000	10.425279	9.497115	2999
0.250000	0.140017	0.632493	10.000000	10.137373	9.709444	2999
0.250000	0.142320	0.634427	10.000000	10.131271	9.667599	2999
0.250000	0.085897	0.693097	10.000000	10.260448	9.589344	2999
0.250000	0.106903	0.671523	10.000000	10.204589	9.616409	2999
0.250000	0.096367	0.681327	10.000000	10.231495	9.607910	2999
0.250000	0.003807	0.714370	10.000000	11.476785	9.369729	2999
0.250000	0.092053	0.687017	10.000000	10.239440	9.650657	2999
0.250000	0.113403	0.663320	10.000000	10.190944	9.664490	2999
0.250000	0.139697	0.639167	10.000000	10.133046	9.630683	2999
0.250000	0.135253	0.636540	10.000000	10.150577	9.728492	2999
0.250000	0.109017	0.668887	10.000000	10.199386	9.591395	2999
0.250000	0.096620	0.681720	10.000000	10.229880	9.608918	2999
0.250000	0.148827	0.627263	10.000000	10.119490	9.689455	2999
0.250000	0.141707	0.626127	10.000000	10.141565	9.752197	2999
0.250000	0.046473	0.722647	10.000000	10.434231	9.502341	2999
0.250000	0.144557	0.633820	10.000000	10.123670	9.658933	2999
0.250000	0.123943	0.652333	10.000000	10.167386	9.661639	2999
0.250000	0.083873	0.694583	10.000000	10.266254	9.609795	2999
0.250000	0.102653	0.670943	10.000000	10.220491	9.521374	2999
0.250000	0.126930	0.644287	10.000000	10.168058	9.735349	2999
0.250000	0.087713	0.692010	10.000000	10.250954	9.636387	2999
0.250000	0.109257	0.666813	10.000000	10.198685	9.664752	2999
0.250000	0.120303	0.647270	10.000000	10.184323	9.758489	2999
0.250000	0.106220	0.669800	10.000000	10.205719	9.580175	2999
0.250000	0.136517	0.638810	10.000000	10.144187	9.697071	2999
0.250000	0.121303	0.650953	10.000000	10.180330	9.740431	2999
0.250000	0.127473	0.650147	10.000000	10.157486	9.651652	2999
0.250000	0.096683	0.682023	10.000000	10.230870	9.657039	2999
0.250000	0.018040	0.720600	10.000000	10.700066	9.415841	2999
0.250000	0.141560	0.636057	10.000000	10.132527	9.664403	2999
0.250000	0.086307	0.686187	10.000000	10.267413	9.525461	2999
0.250000	0.181193	0.582667	10.000000	10.081756	9.790087	2999
0.250000	0.154940	0.614757	10.000000	10.116989	9.753287	2999
0.250000	0.127053	0.643640	10.000000	10.166316	9.730855	2999
0.250000	0.011717	0.725570	10.000000	10.799971	9.409210	2999
0.250000	0.085703	0.681757	10.000000	10.275329	9.495879	2999
0.250000	0.110820	0.663767	10.000000	10.195534	9.683061	2999
0.250000	0.087707	0.691087	10.000000	10.252763	9.680421	2999
0.250000	0.135643	0.634580	10.000000	10.149250	9.728562	2999
0.250000	0.097760	0.680580	10.000000	10.227076	9.653134	2999
0.250000	0.121557	0.656100	10.000000	10.172031	9.541870	2999
0.250000	0.075600	0.701530	10.000000	10.293525	9.576274	2999
0.250000	0.117970	0.658567	10.000000	10.179814	9.663751	2999
0.250000	0.096433	0.680477	10.000000	10.228774	9.637547	2999
0.250000	0.089937	0.687990	10.000000	10.250722	9.596178	2999
0.250000	0.087230	0.691367	10.000000	10.253692	9.646962	2999
0.250000	0.124467	0.651597	10.000000	10.167144	9.664958	2999
0.250000	0.121433	0.656403	10.000000	10.170363	9.629214	2999
0.250000	0.091243	0.685747	10.000000	10.244866	9.572299	2999
0.250000	0.093277	0.685253	10.000000	10.238478	9.649012	2999
0.250000	0.102887	0.674903	10.000000	10.215934	9.576342	2999
0.250000	0.125190	0.653927	10.000000	10.162773	9.620392	2999
0.250000	0.101060	0.674057	10.000000	10.221183	9.695703	2999
0.250000	0.132003	0.633750	10.000000	10.163681	9.776833	2999
0.250000	0.092470	0.685107	10.000000	10.240528	9.644925	2999
0.250000	0.112707	0.656673	10.000000	10.197777	9.748842	2999
0.250000	0.122920	0.627260	10.000000	10.197449	9.867413	2999
0.250000	0.136723	0.621620	10.000000	10.162320	9.819210	2999
0.250000	0.130320	0.634173	10.000000	10.166659	9.782486	2999
0.250000	0.127343	0.640167	10.000000	10.168548	9.755923	2999
0.250000	0.134397	0.643777	10.000000	10.142469	9.635953	2999
0.250000	0.152907	0.625817	10.000000	10.109697	9.662668	2999
0.250000	0.152340	0.590617	10.000000	10.148569	9.887888	2999
0.250000	0.127730	0.649613	10.000000	10.158052	9.654936	2999
0.250000	0.148933	0.623577	10.000000	10.123795	9.719709	2999
0.250000	0.130040	0.564270	10.000000	10.235686	10.076406	2999
0.250000	0.130633	0.646623	10.000000	10.155530	9.669850	2999
0.250000	0.127633	0.639527	10.000000	10.169130	9.758205	2999
0.250000	0.106007	0.670987	10.000000	10.206678	9.599441	2999
0.250000	0.151093	0.610373	10.000000	10.132077	9.794692	2999
0.250000	0.134553	0.623380	10.000000	10.165514	9.817181	2999
0.250000	0.086980	0.685967	10.000000	10.267465	9.529010	2999
0.250000	0.079303	0.699690	10.000000	10.280161	9.590047	2999
0.250000	0.083180	0.690750	10.000000	10.274039	9.543293	2999
0.250000	0.139283	0.639123	10.000000	10.134279	9.635069	2999
0.250000	0.174630	0.519050	10.000000	10.159590	10.067962	2999
0.250000	0.080297	0.697010	10.000000	10.276698	9.584206	2999
0.250000	0.102887	0.673287	10.000000	10.214293	9.684917	2999
0.250000	0.115690	0.661817	10.000000	10.183546	9.647154	2999
0.250000	0.134767	0.641750	10.000000	10.145437	9.681251	2999
0.250000	0.090033	0.685143	10.000000	10.256134	9.551744	2999
0.250000	0.139887	0.617553	10.000000	10.155708	9.818583	2999
0.250000	0.146497	0.634827	10.000000	10.119169	9.610897	2999
0.250000	0.144017	0.631337	10.000000	10.128572	9.684807	2999
0.250000	0.104567	0.672877	10.000000	10.211522	9.571693	2999
0.250000	0.146357	0.632347	10.000000	10.121485	9.664593	2999
0.250000	0.085143	0.693103	10.000000	10.261260	9.595364	2999
0.250000	0.113907	0.662417	10.000000	10.188644	9.661340	2999
0.250000	0.103547	0.675577	10.000000	10.213425	9.641745	2999
0.250000	0.106293	0.671640	10.000000	10.205513	9.609571	2999
0.250000	0.125403	0.649143	10.000000	10.165787	9.692177	2999
0.250000	0.145910	0.617677	10.000000	10.139672	9.787355	2999
0.250000	0.108390	0.669170	10.000000	10.200445	9.589649	2999
0.250000	0.118880	0.656910	10.000000	10.176317	9.673583	2999
0.250000	0.123863	0.651357	10.000000	10.165126	9.656482	2999
0.250000	0.159390	0.605660	10.000000	10.115587	9.784288	2999
0.250000	0.159943	0.604343	10.000000	10.113835	9.780138	2999
0.250000	0.171040	0.574590	10.000000	10.116398	9.881617	2999
0.250000	0.111790	0.665943	10.000000	10.192225	9.607698	2999
0.250000	0.077023	0.698247	10.000000	10.291345	9.550426	2999
0.250000	0.037033	0.724387	10.000000	10.487052	9.478236	2999
0.250000	0.158020	0.597507	10.000000	10.126947	9.829447	2999
0.250000	0.094173	0.683157	10.000000	10.238375	9.586201	2999
0.250000	0.049560	0.720717	10.000000	10.408454	9.509079	2999
0.250000	0.124427	0.652303	10.000000	10.163356	9.614289	2999
0.250000	0.091357	0.684420	10.000000	10.248851	9.560946	2999
0.250000	0.091613	0.684457	10.000000	10.249280	9.557691	2999
0.250000	0.135143	0.638370	10.000000	10.146667	9.705437	2999
0.250000	0.105750	0.672740	10.000000	10.207764	9.632813	2999
0.250000	0.094730	0.683213	10.000000	10.235724	9.628990	2999
0.250000	0.156693	0.615263	10.000000	10.111250	9.727924	2999
0.250000	0.133810	0.631773	10.000000	10.157995	9.767339	2999
0.250000	0.101120	0.676043	10.000000	10.219321	9.672179	2999
0.250000	0.102347	0.673347	10.000000	10.217444	9.554937	2999
0.250000	0.138737	0.624653	10.000000	10.152668	9.787097	2999
0.250000	0.121960	0.649310	10.000000	10.175919	9.721542	2999
0.250000	0.166670	0.578747	10.000000	10.122978	9.878777	2999
0.250000	0.087963	0.688687	10.000000	10.259180	9.570112	2999
0.250000	0.119520	0.659050	10.000000	10.175550	9.597068	2999
0.250000	0.162003	0.594627	10.000000	10.118192	9.821796	2999
0.250000	0.128093	0.637943	10.000000	10.168845	9.766110	2999
0.250000	0.147860	0.612123	10.000000	10.139201	9.809911	2999
0.250000	0.061540	0.710280	10.000000	10.351439	9.525654	2999
0.250000	0.108200	0.669363	10.000000	10.200461	9.579090	2999
0.250000	0.003833	0.690247	10.000000	11.694772	9.331065	2999
0.250000	0.116340	0.660990	10.000000	10.181726	9.567737	2999
0.250000	0.143367	0.632527	10.000000	10.129952	9.680465	2999
0.250000	0.140770	0.635950	10.000000	10.132013	9.656976	2999
0.250000	0.133867	0.639613	10.000000	10.151510	9.721073	2999
0.250000	0.129247	0.649947	10.000000	10.152450	9.635120	2999
0.250000	0.110827	0.665973	10.000000	10.196714	9.669396	2999
0.250000	0.102443	0.675223	10.000000	10.214267	9.640161	2999
0.250000	0.129277	0.635607	10.000000	10.167854	9.766955	2999
0.250000	0.029390	0.724377	10.000000	10.562867	9.450848	2999
0.250000	0.144517	0.627383	10.000000	10.133413	9.728586	2999
0.250000	0.104360	0.671280	10.000000	10.212009	9.690327	2999
0.250000	0.073173	0.697773	10.000000	10.311174	9.521059	2999
0.250000	0.120763	0.653670	10.000000	10.176055	9.700288	2999
0.250000	0.088990	0.689730	10.000000	10.250714	9.631054	2999
0.250000	0.092010	0.686683	10.000000	10.243367	9.617665	2999
0.250000	0.108947	0.669717	10.000000	10.203113	9.646331	2999
0.250000	0.095100	0.684280	10.000000	10.233289	9.643975	2999
0.250000	0.113533	0.664247	10.000000	10.187255	9.640088	2999
0.250000	0.117520	0.658603	10.000000	10.180682	9.667443	2999
0.250000	0.056050	0.710793	10.000000	10.381434	9.496785	2999
0.250000	0.103890	0.673143	10.000000	10.210445	9.616019	2999
0.250000	0.111460	0.663430	10.000000	10.195565	9.694233	2999
0.250000	0.087853	0.689860	10.000000	10.256082	9.601215	2999
0.250000	0.091473	0.686360	10.000000	10.242471	9.651711	2999
0.250000	0.091020	0.688317	10.000000	10.245394	9.610177	2999
0.250000	0.129990	0.642557	10.000000	10.158058	9.708962	2999
0.250000	0.094280	0.681887	10.000000	10.239948	9.560277	2999
0.250000	0.157137	0.619190	10.000000	10.107477	9.699378	2999
0.250000	0.047747	0.716533	10.000000	10.423417	9.487408	2999
0.250000	0.100447	0.678090	10.000000	10.219731	9.623415	2999
0.250000	0.076913	0.697807	10.000000	10.293429	9.548197	2999
0.250000	0.076127	0.699577	10.000000	10.294969	9.556984	2999
0.250000	0.083690	0.687740	10.000000	10.278357	9.514632	2999
0.250000	0.094420	0.680703	10.000000	10.241698	9.551195	2999
0.250000	0.090087	0.686710	10.000000	10.251839	9.577923	2999
0.250000	0.104240	0.673500	10.000000	10.209907	9.612104	2999
0.250000	0.126283	0.651527	10.000000	10.159645	9.613499	2999
0.250000	0.111003	0.668193	10.000000	10.193616	9.599134	2999
0.250000	0.099097	0.679283	10.000000	10.227457	9.609206	2999
0.250000	0.112450	0.665620	10.000000	10.189298	9.606037	2999
