mut_par_patt	typ1_err	typ2_err	rej_rate	acp_rate	avg_patt	avg_patt_thr	avg_par_patt	end_gen
0.250000	0.011267	0.946880	0.251077	0.713107	10.000000	11.861981	10.045320	2999
0.250000	0.011133	0.930180	0.249497	0.700447	10.000000	11.835127	9.943755	2999
0.250000	0.022043	0.869947	0.249767	0.658013	10.000000	11.019793	10.207356	2999
0.250000	0.012640	0.934943	0.249573	0.704243	10.000000	11.312274	10.112457	2999
0.250000	0.013747	0.914173	0.249487	0.687710	10.000000	11.196568	10.224397	2999
0.250000	0.010970	0.924037	0.247967	0.696103	10.000000	12.223806	9.903494	2999
0.250000	0.012207	0.935320	0.251620	0.705517	10.000000	11.482126	10.063549	2999
0.250000	0.011233	0.911113	0.247083	0.685643	10.000000	11.427234	9.861985	2999
0.250000	0.011403	0.949473	0.251430	0.714750	10.000000	12.312748	10.139457	2999
0.250000	0.014883	0.909493	0.248880	0.686533	10.000000	11.151118	10.217689	2999
0.250000	0.014253	0.919947	0.250653	0.694783	10.000000	11.177465	10.145351	2999
0.250000	0.013337	0.926347	0.249923	0.698743	10.000000	11.260874	10.131309	2999
0.250000	0.013523	0.921820	0.250127	0.693233	10.000000	11.191519	10.189529	2999
0.250000	0.015123	0.877870	0.246860	0.661983	10.000000	11.125659	10.365177	2999
0.250000	0.015017	0.912817	0.250227	0.689817	10.000000	11.197084	10.181318	2999
0.250000	0.011167	0.938390	0.250030	0.707513	10.000000	12.172375	9.979240	2999
0.250000	0.017107	0.898930	0.250157	0.678867	10.000000	11.511684	10.207774	2999
0.250000	0.016010	0.899540	0.249273	0.679283	10.000000	11.093561	10.208713	2999
0.250000	0.022913	0.776977	0.241137	0.588413	10.000000	10.974484	10.472089	2999
0.250000	0.014713	0.918437	0.250393	0.693343	10.000000	11.184628	10.153662	2999
0.250000	0.013887	0.911430	0.248333	0.687323	10.000000	11.273971	10.303845	2999
0.250000	0.016437	0.902837	0.250323	0.682503	10.000000	11.182254	10.258415	2999
0.250000	0.012547	0.915117	0.248857	0.689730	10.000000	11.279783	9.912267	2999
0.250000	0.011897	0.939217	0.251130	0.706770	10.000000	11.511253	10.080335	2999
0.250000	0.020480	0.885790	0.251120	0.668500	10.000000	11.029379	10.160484	2999
0.250000	0.018210	0.900463	0.250843	0.679427	10.000000	11.084243	10.125112	2999
0.250000	0.010323	0.945040	0.250213	0.711343	10.000000	12.207615	9.996471	2999
0.250000	0.013610	0.917770	0.250897	0.691067	10.000000	11.201423	10.219043	2999
0.250000	0.017360	0.893443	0.249570	0.674737	10.000000	11.056244	10.195490	2999
0.250000	0.012333	0.925160	0.249117	0.697907	10.000000	11.487712	9.959895	2999
0.250000	0.013270	0.932057	0.251380	0.702123	10.000000	11.448108	10.067639	2999
0.250000	0.014890	0.914560	0.250333	0.689983	10.000000	11.154938	10.090486	2999
0.250000	0.012013	0.937337	0.251410	0.706973	10.000000	11.498223	10.012549	2999
0.250000	0.010987	0.928080	0.248477	0.698770	10.000000	11.595468	9.938658	2999
0.250000	0.010577	0.930163	0.249433	0.700413	10.000000	11.729938	9.931257	2999
0.250000	0.014033	0.937430	0.252107	0.706427	10.000000	12.146437	10.139852	2999
0.250000	0.016737	0.900447	0.250190	0.679203	10.000000	11.119181	10.222023	2999
0.250000	0.012917	0.928733	0.250480	0.699040	10.000000	11.230478	10.108059	2999
0.250000	0.016027	0.911177	0.250317	0.687733	10.000000	11.133315	10.069143	2999
0.250000	0.012657	0.938133	0.251547	0.707940	10.000000	12.152362	10.047303	2999
0.250000	0.010787	0.900903	0.245800	0.679263	10.000000	12.336553	9.805875	2999
0.250000	0.012690	0.935607	0.250300	0.703433	10.000000	12.061690	10.204460	2999
0.250000	0.015003	0.907187	0.249760	0.683067	10.000000	11.128505	10.208528	2999
0.250000	0.010397	0.933350	0.249463	0.703293	10.000000	12.691613	9.938468	2999
0.250000	0.012717	0.917180	0.248737	0.690803	10.000000	11.260899	9.937600	2999
0.250000	0.016063	0.907083	0.250467	0.684273	10.000000	11.094346	10.151149	2999
0.250000	0.014747	0.919693	0.250387	0.692423	10.000000	11.279640	10.229329	2999
0.250000	0.010520	0.889993	0.244607	0.669870	10.000000	12.040433	9.766556	2999
0.250000	0.014090	0.918133	0.249717	0.693820	10.000000	11.281099	10.195628	2999
0.250000	0.011773	0.949993	0.251837	0.715823	10.000000	12.077645	10.141575	2999
0.250000	0.018313	0.875490	0.248827	0.660607	10.000000	11.100056	10.272617	2999
0.250000	0.015827	0.903677	0.249270	0.682343	10.000000	11.081972	10.194172	2999
0.250000	0.012743	0.930640	0.250233	0.701080	10.000000	11.280468	10.057668	2999
0.250000	0.012877	0.932387	0.250040	0.702957	10.000000	11.421026	10.083369	2999
0.250000	0.021693	0.851297	0.248240	0.643900	10.000000	11.004566	10.308188	2999
0.250000	0.012487	0.934760	0.250337	0.704793	10.000000	11.526960	10.054156	2999
0.250000	0.013767	0.924637	0.250463	0.698370	10.000000	11.298657	10.025527	2999
0.250000	0.011050	0.932353	0.249210	0.701080	10.000000	11.530984	9.965834	2999
0.250000	0.012147	0.935473	0.249847	0.704980	10.000000	11.273549	10.192084	2999
0.250000	0.010967	0.941053	0.250510	0.708720	10.000000	11.918152	9.986728	2999
0.250000	0.017680	0.906393	0.251600	0.683593	10.000000	11.204573	10.135896	2999
0.250000	0.011267	0.936727	0.249897	0.706027	10.000000	11.559369	9.983483	2999
0.250000	0.014520	0.917470	0.249593	0.692673	10.000000	11.131229	10.120169	2999
0.250000	0.010207	0.930327	0.249140	0.700203	10.000000	14.091074	9.914586	2999
0.250000	0.027047	0.801963	0.246717	0.607190	10.000000	10.944669	10.363669	2999
0.250000	0.011467	0.940483	0.251087	0.707673	10.000000	11.550393	10.027814	2999
0.250000	0.011257	0.953180	0.252077	0.716640	10.000000	11.855638	10.209328	2999
0.250000	0.010340	0.949490	0.250190	0.714130	10.000000	12.627202	10.018448	2999
0.250000	0.013270	0.929983	0.251100	0.701810	10.000000	11.312564	10.125593	2999
0.250000	0.012610	0.930473	0.250497	0.701513	10.000000	11.300595	10.085140	2999
0.250000	0.011677	0.941543	0.250783	0.707953	10.000000	11.682336	10.060390	2999
0.250000	0.011867	0.937043	0.250693	0.706487	10.000000	11.286997	10.137945	2999
0.250000	0.010763	0.921477	0.248677	0.693753	10.000000	11.695766	9.895307	2999
0.250000	0.012480	0.937517	0.250643	0.706617	10.000000	11.411308	10.079858	2999
0.250000	0.011317	0.953110	0.252550	0.717927	10.000000	11.582701	10.114470	2999
0.250000	0.019010	0.892220	0.250103	0.674410	10.000000	11.107691	10.178125	2999
0.250000	0.013447	0.930330	0.250643	0.701697	10.000000	12.675488	9.984738	2999
0.250000	0.011373	0.921637	0.249513	0.693683	10.000000	11.878002	9.894370	2999
0.250000	0.010320	0.965767	0.252303	0.727533	10.000000	12.829656	10.154955	2999
0.250000	0.010587	0.963190	0.252647	0.725610	10.000000	11.977343	10.135205	2999
0.250000	0.012863	0.931780	0.251227	0.703103	10.000000	11.386379	10.173272	2999
0.250000	0.013387	0.925657	0.250070	0.698130	10.000000	11.311504	10.156515	2999
0.250000	0.012640	0.934953	0.250783	0.703713	10.000000	11.503265	10.076897	2999
0.250000	0.010640	0.933897	0.248497	0.703693	10.000000	12.239141	9.948997	2999
0.250000	0.011533	0.947577	0.251237	0.712877	10.000000	11.482974	10.142159	2999
0.250000	0.018400	0.879020	0.249067	0.662840	10.000000	11.062242	10.268148	2999
0.250000	0.011170	0.926647	0.249887	0.696813	10.000000	11.880201	9.915679	2999
0.250000	0.012650	0.930553	0.249853	0.700950	10.000000	11.235697	10.094823	2999
0.250000	0.024593	0.817157	0.246020	0.619013	10.000000	10.973999	10.359553	2999
0.250000	0.011180	0.945850	0.250470	0.712913	10.000000	11.791217	10.035847	2999
0.250000	0.013923	0.916030	0.250390	0.689677	10.000000	11.158026	9.963023	2999
0.250000	0.013133	0.929047	0.250767	0.701280	10.000000	11.273551	10.190420	2999
0.250000	0.011340	0.903757	0.247377	0.679960	10.000000	11.990465	9.826377	2999
0.250000	0.011917	0.933787	0.249233	0.703353	10.000000	11.425912	10.017129	2999
0.250000	0.010480	0.956250	0.252183	0.721467	10.000000	12.849732	10.059922	2999
0.250000	0.013887	0.925490	0.249967	0.697463	10.000000	11.230317	10.180042	2999
0.250000	0.010237	0.936123	0.250107	0.704977	10.000000	13.081137	9.948134	2999
0.250000	0.010287	0.936160	0.250193	0.703677	10.000000	12.568125	9.945266	2999
0.250000	0.017323	0.840433	0.244473	0.633143	10.000000	11.053934	10.417413	2999
0.250000	0.012033	0.937290	0.251637	0.706037	10.000000	11.336410	10.146280	2999
0.250000	0.011023	0.930073	0.250037	0.700357	10.000000	11.674469	9.935108	2999
0.250000	0.012043	0.941850	0.250960	0.710923	10.000000	11.401099	10.140565	2999
0.250000	0.014013	0.927173	0.250720	0.698597	10.000000	11.577523	10.045885	2999
0.250000	0.013057	0.932973	0.250557	0.701770	10.000000	11.331680	10.085085	2999
0.250000	0.010600	0.947260	0.250537	0.713560	10.000000	12.358501	10.003351	2999
0.250000	0.022737	0.799537	0.243467	0.605580	10.000000	10.998399	10.441122	2999
0.250000	0.011553	0.942577	0.250817	0.709700	10.000000	11.719836	10.028213	2999
0.250000	0.013200	0.930267	0.250917	0.700800	10.000000	11.394242	10.174775	2999
0.250000	0.011393	0.945853	0.251540	0.712660	10.000000	11.931071	10.068873	2999
0.250000	0.011447	0.941523	0.251027	0.708970	10.000000	11.352980	10.120954	2999
0.250000	0.010410	0.940613	0.249973	0.708040	10.000000	13.497367	9.964283	2999
0.250000	0.010407	0.960410	0.251913	0.721610	10.000000	13.497221	10.081684	2999
0.250000	0.010320	0.924170	0.248103	0.695837	10.000000	12.687622	9.889108	2999
0.250000	0.018117	0.890677	0.249193	0.672413	10.000000	11.125449	10.243832	2999
0.250000	0.014360	0.917290	0.250653	0.692040	10.000000	11.260281	10.215754	2999
0.250000	0.012890	0.927343	0.249627	0.698397	10.000000	11.225126	10.205372	2999
0.250000	0.011287	0.915113	0.248053	0.688943	10.000000	11.813901	9.882297	2999
0.250000	0.016937	0.904900	0.250140	0.681920	10.000000	11.080859	10.129157	2999
0.250000	0.016343	0.904370	0.250477	0.684240	10.000000	11.075405	10.136623	2999
0.250000	0.012973	0.921387	0.250603	0.694843	10.000000	11.228851	10.253594	2999
0.250000	0.012293	0.925660	0.249877	0.697920	10.000000	11.300214	9.985448	2999
0.250000	0.013303	0.923477	0.249967	0.695950	10.000000	11.243662	10.221252	2999
0.250000	0.017630	0.896437	0.248720	0.676660	10.000000	11.091883	10.207674	2999
0.250000	0.013853	0.924997	0.250087	0.696753	10.000000	11.341899	10.039684	2999
0.250000	0.018103	0.903510	0.250137	0.682550	10.000000	11.130366	10.132746	2999
0.250000	0.010543	0.959560	0.251717	0.724010	10.000000	12.989147	10.083639	2999
0.250000	0.011393	0.941747	0.251053	0.708373	10.000000	12.231868	10.048652	2999
0.250000	0.012430	0.934480	0.250987	0.706447	10.000000	11.326756	10.110307	2999
0.250000	0.012850	0.930430	0.250257	0.702967	10.000000	11.315220	10.079107	2999
0.250000	0.011243	0.950090	0.251173	0.716253	10.000000	11.461271	10.173821	2999
0.250000	0.014513	0.910243	0.248903	0.686510	10.000000	11.129587	10.215927	2999
0.250000	0.010370	0.933017	0.249070	0.702720	10.000000	13.139050	9.934436	2999
0.250000	0.012097	0.938763	0.251237	0.707490	10.000000	11.349239	10.113865	2999
0.250000	0.010320	0.960123	0.251607	0.723860	10.000000	12.315421	10.087400	2999
0.250000	0.010857	0.866200	0.243323	0.652137	10.000000	12.373096	9.699930	2999
0.250000	0.014730	0.910227	0.249953	0.687013	10.000000	11.114589	10.192887	2999
0.250000	0.010790	0.948727	0.251203	0.714330	10.000000	11.898366	10.021206	2999
0.250000	0.019057	0.871260	0.248550	0.657587	10.000000	11.019583	10.270524	2999
0.250000	0.013230	0.931960	0.250503	0.703150	10.000000	11.368345	10.140328	2999
0.250000	0.010643	0.944507	0.250260	0.711220	10.000000	11.685006	10.005703	2999
0.250000	0.010823	0.917983	0.248927	0.691573	10.000000	12.192074	9.866594	2999
0.250000	0.011930	0.937017	0.250417	0.704107	10.000000	11.285925	10.117603	2999
0.250000	0.010237	0.921970	0.248000	0.694387	10.000000	13.086954	9.883231	2999
0.250000	0.013050	0.932907	0.250637	0.704110	10.000000	11.483300	10.129517	2999
0.250000	0.016583	0.893030	0.248893	0.673960	10.000000	11.104404	10.245060	2999
0.250000	0.014617	0.916923	0.250040	0.691907	10.000000	11.451312	10.217748	2999
0.250000	0.011413	0.953667	0.251900	0.717903	10.000000	12.856768	10.182234	2999
0.250000	0.014980	0.913703	0.249127	0.689797	10.000000	11.173767	10.116757	2999
0.250000	0.011860	0.942740	0.250843	0.710197	10.000000	11.581393	10.053998	2999
0.250000	0.012903	0.931883	0.249760	0.703250	10.000000	11.300542	10.074488	2999
0.250000	0.021727	0.893863	0.252040	0.675250	10.000000	11.384007	10.207935	2999
0.250000	0.018140	0.893177	0.249860	0.674517	10.000000	11.026735	10.153352	2999
0.250000	0.010847	0.953543	0.252517	0.718713	10.000000	11.672884	10.122928	2999
0.250000	0.011737	0.946757	0.251370	0.713430	10.000000	11.494431	10.084916	2999
0.250000	0.018177	0.905950	0.251227	0.683510	10.000000	11.378845	10.163082	2999
0.250000	0.018763	0.878640	0.248777	0.662730	10.000000	11.066901	10.258322	2999
0.250000	0.016717	0.902967	0.250417	0.682237	10.000000	11.143469	10.184273	2999
0.250000	0.012137	0.934997	0.250163	0.705350	10.000000	11.326544	10.060295	2999
0.250000	0.019540	0.881747	0.249057	0.666110	10.000000	11.054182	10.211714	2999
0.250000	0.016023	0.914850	0.250320	0.689437	10.000000	11.255958	10.072701	2999
0.250000	0.011253	0.943573	0.250493	0.710880	10.000000	11.398499	10.116375	2999
0.250000	0.016953	0.866327	0.246543	0.655170	10.000000	11.156684	10.373817	2999
0.250000	0.010253	0.890597	0.244620	0.670193	10.000000	12.961120	9.768646	2999
0.250000	0.012360	0.928400	0.249970	0.698990	10.000000	11.240295	10.031345	2999
0.250000	0.014170	0.922433	0.249777	0.695857	10.000000	11.342238	10.017279	2999
0.250000	0.013307	0.929140	0.250537	0.699073	10.000000	11.282685	10.078793	2999
0.250000	0.011427	0.938287	0.250347	0.707643	10.000000	11.994028	10.028832	2999
0.250000	0.011577	0.946060	0.251570	0.712813	10.000000	11.582553	10.142499	2999
0.250000	0.012217	0.936383	0.251133	0.705780	10.000000	11.333454	10.126987	2999
0.250000	0.022763	0.871383	0.249947	0.658270	10.000000	10.998685	10.183611	2999
0.250000	0.010497	0.938363	0.250287	0.706580	10.000000	12.731843	9.955544	2999
0.250000	0.017803	0.893790	0.249013	0.674297	10.000000	11.056020	10.187542	2999
0.250000	0.010427	0.892780	0.245353	0.672767	10.000000	12.651054	9.777550	2999
0.250000	0.012003	0.937087	0.250177	0.706447	10.000000	11.304641	10.109697	2999
0.250000	0.010637	0.927257	0.249407	0.697437	10.000000	11.738822	9.915276	2999
0.250000	0.014413	0.914590	0.249570	0.689367	10.000000	11.168365	10.173913	2999
0.250000	0.012610	0.935883	0.250607	0.705810	10.000000	11.547667	10.148657	2999
0.250000	0.010337	0.932673	0.249710	0.701413	10.000000	13.758248	9.928539	2999
0.250000	0.015707	0.897237	0.248917	0.676870	10.000000	11.164448	10.274570	2999
0.250000	0.012327	0.905033	0.248243	0.682837	10.000000	11.292803	9.855476	2999
0.250000	0.011367	0.943017	0.251003	0.710663	10.000000	11.593775	10.055374	2999
0.250000	0.010417	0.955477	0.251630	0.719340	10.000000	12.802949	10.053288	2999
0.250000	0.013590	0.925337	0.251277	0.698803	10.000000	11.215312	10.109228	2999
0.250000	0.011627	0.939457	0.250520	0.708620	10.000000	11.428184	10.032258	2999
0.250000	0.011493	0.930490	0.249737	0.701300	10.000000	11.408280	9.968055	2999
0.250000	0.010937	0.926000	0.249380	0.695930	10.000000	12.090333	9.908374	2999
0.250000	0.013403	0.925210	0.250180	0.696467	10.000000	11.263453	10.178486	2999
0.250000	0.010493	0.917463	0.247837	0.690970	10.000000	12.324429	9.864136	2999
0.250000	0.012183	0.938400	0.251020	0.707777	10.000000	11.926579	10.061474	2999
0.250000	0.012763	0.933660	0.250467	0.703937	10.000000	11.334474	10.090301	2999
0.250000	0.010247	0.924290	0.248757	0.694530	10.000000	13.413647	9.895011	2999
0.250000	0.010187	0.949337	0.249650	0.714157	10.000000	13.508476	10.019499	2999
0.250000	0.013123	0.924043	0.249333	0.695453	10.000000	11.179533	10.100138	2999
0.250000	0.010510	0.959647	0.252643	0.721743	10.000000	12.510555	10.090121	2999
0.250000	0.018257	0.891133	0.250000	0.673673	10.000000	11.047869	10.186970	2999
0.250000	0.010327	0.932977	0.249617	0.702303	10.000000	13.005938	9.927292	2999
0.250000	0.016860	0.907277	0.250617	0.685167	10.000000	11.103982	10.007714	2999
0.250000	0.010240	0.939163	0.250017	0.708063	10.000000	13.290318	9.962956	2999
0.250000	0.010187	0.941467	0.250113	0.709677	10.000000	18.267314	9.972423	2999
0.250000	0.021643	0.872757	0.249160	0.658017	10.000000	11.008361	10.219011	2999
0.250000	0.012127	0.934663	0.251023	0.703680	10.000000	11.388997	10.016290	2999
0.250000	0.010383	0.948640	0.250613	0.713677	10.000000	13.642708	10.009997	2999
0.250000	0.012073	0.936130	0.250313	0.705703	10.000000	11.320628	10.098789	2999
0.250000	0.016240	0.917687	0.251090	0.693487	10.000000	11.193108	10.120553	2999
0.250000	0.010887	0.934663	0.249703	0.705857	10.000000	11.655195	9.957431	2999
0.250000	0.012127	0.922297	0.248547	0.693693	10.000000	11.261393	9.957448	2999
0.250000	0.016440	0.917197	0.251913	0.692980	10.000000	11.434919	10.134348	2999
0.250000	0.016013	0.913150	0.250870	0.689980	10.000000	11.226578	10.188861	2999
0.250000	0.023467	0.666347	0.231320	0.504037	10.000000	10.937969	10.670715	2999
0.250000	0.014913	0.924767	0.251687	0.695880	10.000000	11.308598	10.143748	2999
0.250000	0.012033	0.868587	0.244290	0.654190	10.000000	11.291955	9.715277	2999
0.250000	0.018710	0.870437	0.248447	0.656723	10.000000	11.020637	10.269384	2999
0.250000	0.016023	0.905350	0.250420	0.683923	10.000000	11.128513	10.177844	2999
0.250000	0.020120	0.897723	0.251500	0.678330	10.000000	11.080960	10.031878	2999
0.250000	0.012407	0.935130	0.250710	0.704537	10.000000	11.290775	10.150024	2999
0.250000	0.011133	0.961287	0.252410	0.724527	10.000000	12.029204	10.163719	2999
0.250000	0.014900	0.914517	0.249427	0.688660	10.000000	11.176685	10.127793	2999
0.250000	0.015147	0.917463	0.250127	0.692157	10.000000	11.144647	10.113570	2999
0.250000	0.017497	0.903600	0.250500	0.682563	10.000000	11.132556	10.134397	2999
0.250000	0.018503	0.856387	0.246393	0.647517	10.000000	11.067238	10.358443	2999
0.250000	0.013103	0.930753	0.250800	0.701793	10.000000	11.302395	10.110664	2999
0.250000	0.012610	0.933290	0.250360	0.703070	10.000000	11.250074	10.177393	2999
0.250000	0.012287	0.936853	0.250550	0.706713	10.000000	11.456640	10.095288	2999
0.250000	0.013723	0.917343	0.249940	0.691170	10.000000	11.198718	10.204837	2999
0.250000	0.010610	0.949733	0.250430	0.715743	10.000000	12.636315	10.031687	2999
0.250000	0.011577	0.945207	0.251290	0.713307	10.000000	11.550350	10.046748	2999
0.250000	0.011077	0.937227	0.249587	0.706727	10.000000	11.935012	9.985774	2999
0.250000	0.011430	0.941030	0.250317	0.708417	10.000000	11.638549	10.040109	2999
0.250000	0.017870	0.903800	0.251533	0.681080	10.000000	11.081257	10.110537	2999
0.250000	0.010203	0.917577	0.247273	0.692450	10.000000	15.017085	9.868632	2999
0.250000	0.022233	0.834847	0.246967	0.633240	10.000000	10.976342	10.341607	2999
0.250000	0.017810	0.852810	0.245597	0.643713	10.000000	11.038110	10.368484	2999
0.250000	0.014090	0.923067	0.250943	0.696157	10.000000	11.195776	10.099716	2999
0.250000	0.016820	0.908650	0.250497	0.686873	10.000000	11.215255	10.074810	2999
0.250000	0.010573	0.924560	0.248547	0.697093	10.000000	12.023536	9.901659	2999
0.250000	0.010333	0.953493	0.251973	0.718547	10.000000	12.412813	10.045634	2999
0.250000	0.013980	0.923467	0.250247	0.695857	10.000000	11.233537	10.110999	2999
0.250000	0.011667	0.951837	0.251887	0.716197	10.000000	11.929615	10.090012	2999
0.250000	0.014383	0.918027	0.249910	0.692720	10.000000	11.164842	10.160623	2999
0.250000	0.011033	0.940550	0.249703	0.708033	10.000000	11.727848	9.998243	2999
0.250000	0.012140	0.941897	0.251173	0.708817	10.000000	11.623688	10.192374	2999
0.250000	0.010823	0.948543	0.251947	0.714817	10.000000	12.031807	10.025186	2999
0.250000	0.015560	0.914800	0.251043	0.690930	10.000000	11.158272	10.015180	2999
0.250000	0.010650	0.923350	0.248367	0.695257	10.000000	11.802030	9.893232	2999
0.250000	0.010487	0.959127	0.252160	0.721793	10.000000	12.343240	10.083122	2999
0.250000	0.010603	0.969800	0.253033	0.730237	10.000000	11.981117	10.206570	2999
0.250000	0.020187	0.873167	0.249617	0.661160	10.000000	10.984105	10.223607	2999
0.250000	0.014273	0.902183	0.248890	0.680353	10.000000	11.601387	9.863675	2999
0.250000	0.014967	0.912657	0.251023	0.689003	10.000000	11.196319	10.189245	2999
0.250000	0.010200	0.950750	0.250867	0.715840	10.000000	13.396570	10.025797	2999
0.250000	0.030510	0.784533	0.247077	0.595670	10.000000	10.871821	10.360831	2999
0.250000	0.014870	0.921263	0.251477	0.694187	10.000000	11.432793	10.154534	2999
0.250000	0.012903	0.930480	0.250627	0.701660	10.000000	11.296876	10.075264	2999
0.250000	0.015103	0.907270	0.249670	0.684777	10.000000	11.127029	10.217926	2999
0.250000	0.011087	0.944513	0.251587	0.711397	10.000000	11.538512	10.060495	2999
0.250000	0.019420	0.881783	0.250990	0.667167	10.000000	11.010998	10.213215	2999
0.250000	0.017667	0.895053	0.249590	0.675703	10.000000	11.102655	10.175740	2999
0.250000	0.012337	0.929683	0.250670	0.700933	10.000000	11.256472	10.036838	2999
0.250000	0.010650	0.933227	0.249317	0.702487	10.000000	12.281976	9.941587	2999
0.250000	0.011630	0.943083	0.250760	0.710777	10.000000	11.367108	10.220193	2999
0.250000	0.021700	0.866257	0.249983	0.654723	10.000000	10.970267	10.227238	2999
0.250000	0.018393	0.882667	0.249117	0.666360	10.000000	11.048304	10.228315	2999
0.250000	0.014070	0.918460	0.250630	0.692813	10.000000	11.265188	10.209437	2999
0.250000	0.011660	0.903130	0.246903	0.681147	10.000000	11.340385	9.840290	2999
0.250000	0.015160	0.913100	0.249687	0.686993	10.000000	11.251214	10.216027	2999
0.250000	0.012987	0.928887	0.250517	0.699890	10.000000	11.281747	10.132494	2999
0.250000	0.013440	0.922883	0.250597	0.694707	10.000000	11.384276	10.255360	2999
0.250000	0.015370	0.913277	0.251717	0.688860	10.000000	11.218201	10.167881	2999
0.250000	0.011157	0.934053	0.249477	0.703150	10.000000	11.866615	9.957806	2999
0.250000	0.020060	0.852797	0.247493	0.644743	10.000000	11.006354	10.309834	2999
0.250000	0.012950	0.931297	0.250713	0.702207	10.000000	11.291953	10.154523	2999
0.250000	0.010567	0.957993	0.252443	0.721740	10.000000	12.078162	10.090773	2999
0.250000	0.011507	0.940573	0.250533	0.708267	10.000000	11.509621	10.040986	2999
0.250000	0.010603	0.937260	0.250680	0.705433	10.000000	14.605246	9.949955	2999
0.250000	0.013523	0.930343	0.250683	0.701447	10.000000	11.713187	10.054270	2999
0.250000	0.019300	0.885237	0.248603	0.669823	10.000000	11.089253	10.206411	2999
0.250000	0.016937	0.907217	0.250723	0.685190	10.000000	11.217776	10.178050	2999
0.250000	0.010217	0.914393	0.247073	0.689417	10.000000	13.343972	9.848690	2999
0.250000	0.015623	0.897710	0.248873	0.678220	10.000000	11.128467	10.255292	2999
0.250000	0.014307	0.922917	0.251187	0.695787	10.000000	11.254917	10.029677	2999
0.250000	0.010433	0.919897	0.247970	0.691787	10.000000	12.805444	9.871950	2999
0.250000	0.011043	0.942083	0.250723	0.710197	10.000000	12.703063	10.042921	2999
0.250000	0.018057	0.869377	0.247320	0.657550	10.000000	11.064298	10.308334	2999
0.250000	0.011017	0.947170	0.250787	0.713087	10.000000	11.597433	10.038310	2999
0.250000	0.013193	0.913753	0.248937	0.689487	10.000000	11.345600	9.918594	2999
0.250000	0.013060	0.924217	0.249567	0.697313	10.000000	11.267254	10.041509	2999
0.250000	0.013393	0.910987	0.249387	0.686687	10.000000	11.608263	9.887008	2999
0.250000	0.014313	0.911313	0.250017	0.687077	10.000000	11.193688	10.228556	2999
0.250000	0.013723	0.916427	0.249377	0.691677	10.000000	11.351201	9.947630	2999
0.250000	0.010703	0.955770	0.251467	0.719197	10.000000	11.938483	10.066666	2999
0.250000	0.013290	0.926547	0.250280	0.699483	10.000000	11.253414	10.081977	2999
0.250000	0.016247	0.910203	0.250503	0.687100	10.000000	11.144581	10.094125	2999
0.250000	0.020237	0.825633	0.245267	0.624267	10.000000	11.020376	10.402122	2999
0.250000	0.014267	0.908657	0.249327	0.686347	10.000000	11.296936	10.262913	2999
0.250000	0.010330	0.953723	0.251217	0.719733	10.000000	14.673057	10.051051	2999
0.250000	0.011197	0.920630	0.248983	0.693183	10.000000	11.492470	9.911367	2999
0.250000	0.011640	0.938033	0.250790	0.706970	10.000000	11.735840	10.032366	2999
0.250000	0.012930	0.932607	0.250780	0.702250	10.000000	11.626742	10.067081	2999
0.250000	0.013587	0.919177	0.249767	0.693977	10.000000	11.267655	9.972116	2999
0.250000	0.011077	0.932897	0.249137	0.702657	10.000000	11.970602	9.975904	2999
0.250000	0.016123	0.909073	0.250563	0.686257	10.000000	11.119650	10.134077	2999
0.250000	0.011130	0.945473	0.250977	0.711307	10.000000	11.480238	10.055944	2999
0.250000	0.010860	0.964550	0.253020	0.726013	10.000000	12.686286	10.147199	2999
0.250000	0.014580	0.903427	0.248320	0.681080	10.000000	11.138783	10.255387	2999
0.250000	0.010647	0.935380	0.250303	0.705077	10.000000	11.751307	9.966412	2999
0.250000	0.011597	0.945993	0.250270	0.713130	10.000000	11.651970	10.132299	2999
0.250000	0.017430	0.864090	0.246507	0.653880	10.000000	11.039776	10.330383	2999
0.250000	0.014247	0.921023	0.251060	0.695577	10.000000	11.206799	10.060778	2999
0.250000	0.018210	0.881657	0.249217	0.666240	10.000000	11.090958	10.286493	2999
0.250000	0.015087	0.911383	0.249923	0.686990	10.000000	11.239913	10.194348	2999
0.250000	0.014107	0.918010	0.249647	0.691943	10.000000	11.172298	10.022022	2999
0.250000	0.014650	0.920523	0.250180	0.694370	10.000000	11.718375	9.997614	2999
0.250000	0.011117	0.952843	0.251897	0.717210	10.000000	12.206853	10.092585	2999
0.250000	0.013533	0.935560	0.251887	0.705873	10.000000	11.496539	10.087049	2999
0.250000	0.012277	0.928733	0.250127	0.699120	10.000000	11.496176	9.989600	2999
0.250000	0.012703	0.928580	0.250290	0.700300	10.000000	11.529649	10.001223	2999
0.250000	0.015710	0.910053	0.250080	0.685730	10.000000	11.093365	10.101470	2999
0.250000	0.015463	0.913843	0.250660	0.689323	10.000000	11.239270	10.113843	2999
0.250000	0.016500	0.911953	0.250887	0.689000	10.000000	11.176956	10.096855	2999
0.250000	0.016853	0.902607	0.250230	0.682543	10.000000	11.063608	10.139631	2999
0.250000	0.010627	0.940913	0.249543	0.707093	10.000000	11.876047	9.980117	2999
0.250000	0.012510	0.931787	0.250163	0.702827	10.000000	11.426737	10.224364	2999
0.250000	0.013830	0.930117	0.250943	0.701933	10.000000	11.464691	10.078018	2999
0.250000	0.013573	0.928773	0.250480	0.698103	10.000000	11.264253	10.100266	2999
0.250000	0.010320	0.943303	0.250373	0.710483	10.000000	14.743865	9.982451	2999
0.250000	0.013117	0.936833	0.251770	0.705503	10.000000	12.033480	10.075204	2999
0.250000	0.011637	0.930713	0.250153	0.700370	10.000000	12.711863	9.946161	2999
0.250000	0.010617	0.900213	0.245593	0.677247	10.000000	12.157892	9.806161	2999
0.250000	0.016560	0.905530	0.250510	0.683097	10.000000	11.109766	10.129434	2999
0.250000	0.010240	0.953547	0.251310	0.718097	10.000000	14.005601	10.041670	2999
0.250000	0.010770	0.926020	0.248557	0.697487	10.000000	11.717460	9.911898	2999
0.250000	0.010900	0.948650	0.250957	0.714533	10.000000	11.771825	10.065083	2999
0.250000	0.013880	0.919633	0.250800	0.693147	10.000000	11.330363	9.997963	2999
0.250000	0.026697	0.823463	0.248497	0.624457	10.000000	10.938762	10.309965	2999
0.250000	0.011290	0.933233	0.249760	0.702257	10.000000	11.477389	9.976995	2999
0.250000	0.010147	0.917373	0.247440	0.690853	10.000000	13.320539	9.864071	2999
0.250000	0.016443	0.913253	0.250780	0.689407	10.000000	11.185038	10.148286	2999
0.250000	0.011983	0.928817	0.249570	0.699963	10.000000	11.798125	9.972476	2999
0.250000	0.015917	0.912767	0.250480	0.690640	10.000000	11.135730	10.065450	2999
0.250000	0.014727	0.922867	0.251037	0.694867	10.000000	11.327706	10.071682	2999
0.250000	0.010820	0.953737	0.252230	0.718327	10.000000	11.984443	10.140184	2999
0.250000	0.010440	0.883067	0.243970	0.665697	10.000000	12.721373	9.746897	2999
0.250000	0.021700	0.833413	0.247053	0.630250	10.000000	10.970526	10.344079	2999
0.250000	0.017110	0.896570	0.250230	0.677410	10.000000	11.114752	10.207074	2999
0.250000	0.010553	0.951467	0.251363	0.716250	10.000000	12.749895	10.027563	2999
0.250000	0.022743	0.838447	0.247737	0.634990	10.000000	10.981150	10.309155	2999
0.250000	0.021087	0.869187	0.249680	0.657147	10.000000	11.014926	10.237127	2999
0.250000	0.010397	0.919450	0.248113	0.692313	10.000000	11.997868	9.871030	2999
0.250000	0.010990	0.918097	0.248257	0.691980	10.000000	11.893913	9.876863	2999
0.250000	0.015943	0.910770	0.250180	0.686677	10.000000	11.154430	10.145572	2999
0.250000	0.010360	0.958340	0.251497	0.721747	10.000000	11.867673	10.094157	2999
0.250000	0.014537	0.917233	0.250527	0.691253	10.000000	11.432579	10.215433	2999
0.250000	0.013447	0.918727	0.250147	0.692267	10.000000	11.196905	9.984166	2999
0.250000	0.011283	0.944603	0.251443	0.711633	10.000000	11.405495	10.138235	2999
0.250000	0.013717	0.924630	0.249860	0.696763	10.000000	11.228046	10.149937	2999
0.250000	0.011103	0.935637	0.250450	0.704267	10.000000	11.553207	9.998306	2999
0.250000	0.012590	0.926853	0.250130	0.697963	10.000000	11.930329	9.950889	2999
0.250000	0.010303	0.933417	0.248743	0.702633	10.000000	14.122964	9.932549	2999
0.250000	0.012423	0.921877	0.248897	0.694197	10.000000	11.610722	9.933991	2999
0.250000	0.015457	0.912853	0.250040	0.688983	10.000000	11.099802	10.043096	2999
0.250000	0.010617	0.915873	0.248120	0.689810	10.000000	12.273360	9.867853	2999
0.250000	0.021123	0.842973	0.246687	0.637103	10.000000	11.004931	10.335004	2999
0.250000	0.014147	0.925007	0.251090	0.697980	10.000000	11.262969	10.045588	2999
0.250000	0.010980	0.917077	0.247780	0.690423	10.000000	11.939054	9.868839	2999
0.250000	0.012420	0.907710	0.248057	0.683083	10.000000	11.484014	9.870287	2999
0.250000	0.013413	0.925237	0.249120	0.696890	10.000000	11.259941	10.170804	2999
0.250000	0.010617	0.967387	0.252067	0.727787	10.000000	12.467209	10.157675	2999
0.250000	0.010940	0.937983	0.250807	0.707423	10.000000	11.723736	9.974005	2999
0.250000	0.013320	0.923937	0.251097	0.696880	10.000000	11.266848	10.173946	2999
0.250000	0.017840	0.887373	0.248817	0.670340	10.000000	11.074916	10.236702	2999
0.250000	0.014407	0.923290	0.250847	0.696017	10.000000	11.935275	10.063657	2999
0.250000	0.014107	0.922193	0.250127	0.694843	10.000000	11.274984	10.186823	2999
0.250000	0.010323	0.927813	0.249043	0.699130	10.000000	12.939506	9.908287	2999
0.250000	0.011050	0.928227	0.249090	0.699273	10.000000	11.811765	9.936639	2999
0.250000	0.013743	0.924413	0.250527	0.697323	10.000000	11.219784	10.068848	2999
0.250000	0.012903	0.930563	0.250180	0.701153	10.000000	11.289635	10.169345	2999
0.250000	0.015093	0.914240	0.250217	0.689303	10.000000	11.160202	10.146204	2999
0.250000	0.014230	0.903577	0.249287	0.681513	10.000000	11.161178	10.291711	2999
0.250000	0.011100	0.943040	0.250123	0.710553	10.000000	11.875117	10.017221	2999
0.250000	0.015223	0.913287	0.250147	0.688867	10.000000	11.189873	10.212611	2999
0.250000	0.011390	0.946953	0.251590	0.713523	10.000000	11.610725	10.063834	2999
0.250000	0.010643	0.929677	0.249170	0.699670	10.000000	12.589231	9.917503	2999
0.250000	0.018330	0.875667	0.248727	0.661213	10.000000	11.185829	10.311955	2999
0.250000	0.013373	0.928587	0.251717	0.699053	10.000000	11.664820	10.080025	2999
0.250000	0.011027	0.937137	0.249883	0.705200	10.000000	12.182979	9.974071	2999
0.250000	0.012880	0.929160	0.249457	0.700527	10.000000	11.240336	10.111856	2999
0.250000	0.011660	0.933510	0.249527	0.703123	10.000000	11.647755	10.008597	2999
0.250000	0.013510	0.917797	0.249937	0.691143	10.000000	11.216991	10.214303	2999
0.250000	0.010820	0.950597	0.251270	0.716980	10.000000	11.734607	10.037959	2999
0.250000	0.011247	0.946857	0.251007	0.711420	10.000000	11.606302	10.084965	2999
0.250000	0.014350	0.920997	0.250623	0.694680	10.000000	11.222940	10.107881	2999
0.250000	0.018947	0.900227	0.251083	0.680130	10.000000	11.035076	10.075273	2999
0.250000	0.018817	0.892940	0.250323	0.674687	10.000000	11.173677	10.201059	2999
0.250000	0.021963	0.882787	0.251377	0.667950	10.000000	11.036098	10.172610	2999
0.250000	0.015413	0.916130	0.250533	0.691230	10.000000	11.209516	10.176434	2999
0.250000	0.014167	0.920983	0.249953	0.693903	10.000000	11.239472	10.004053	2999
0.250000	0.014630	0.925607	0.251683	0.697687	10.000000	11.604089	10.131907	2999
0.250000	0.011970	0.930847	0.250583	0.701147	10.000000	11.498761	9.983535	2999
0.250000	0.017750	0.881090	0.248853	0.665270	10.000000	11.029516	10.237303	2999
0.250000	0.012710	0.927547	0.249917	0.698547	10.000000	11.269555	10.250096	2999
0.250000	0.011447	0.938770	0.250517	0.707243	10.000000	11.597179	10.019593	2999
0.250000	0.027407	0.764817	0.244097	0.579547	10.000000	10.921937	10.447036	2999
0.250000	0.017037	0.905503	0.250400	0.683493	10.000000	11.157777	10.120392	2999
0.250000	0.014780	0.913860	0.250023	0.689750	10.000000	11.123388	10.152729	2999
0.250000	0.018740	0.901527	0.251853	0.680057	10.000000	11.123323	10.089793	2999
0.250000	0.011600	0.913017	0.248280	0.689103	10.000000	11.510580	9.886294	2999
0.250000	0.010793	0.944783	0.251617	0.712230	10.000000	11.752730	10.022936	2999
0.250000	0.014843	0.913680	0.249843	0.688723	10.000000	11.212113	10.187876	2999
0.250000	0.012997	0.921240	0.249247	0.694230	10.000000	11.239240	9.966854	2999
0.250000	0.011970	0.950143	0.251303	0.715727	10.000000	11.492548	10.188861	2999
0.250000	0.010497	0.936063	0.249347	0.705207	10.000000	12.264132	9.955773	2999
0.250000	0.016703	0.891440	0.248680	0.672420	10.000000	11.133583	10.292910	2999
0.250000	0.020453	0.883707	0.250297	0.668177	10.000000	11.035413	10.170050	2999
0.250000	0.010297	0.921330	0.247807	0.692737	10.000000	13.852008	9.881722	2999
0.250000	0.015130	0.909780	0.250447	0.685087	10.000000	11.145281	10.194091	2999
0.250000	0.012907	0.935837	0.250003	0.706447	10.000000	11.795794	10.031497	2999
0.250000	0.010807	0.915887	0.247580	0.689907	10.000000	11.576256	9.872692	2999
0.250000	0.012433	0.933793	0.250523	0.703057	10.000000	11.581214	10.036866	2999
0.250000	0.011107	0.921443	0.248393	0.692663	10.000000	11.735814	9.904411	2999
0.250000	0.014550	0.916753	0.250740	0.692887	10.000000	11.154183	10.000734	2999
0.250000	0.013783	0.935493	0.251573	0.705553	10.000000	11.459392	10.108594	2999
0.250000	0.010927	0.949593	0.251513	0.715650	10.000000	12.158967	10.047462	2999
0.250000	0.010960	0.915217	0.248137	0.689003	10.000000	11.711411	9.868048	2999
0.250000	0.017237	0.904810	0.249953	0.681827	10.000000	11.056537	10.060167	2999
0.250000	0.016163	0.909560	0.249863	0.686127	10.000000	11.149118	9.974198	2999
0.250000	0.010840	0.960367	0.251380	0.722323	10.000000	12.454696	10.125997	2999
0.250000	0.010743	0.965347	0.252657	0.727140	10.000000	12.087989	10.172276	2999
0.250000	0.020273	0.876887	0.249567	0.662200	10.000000	11.019172	10.216107	2999
0.250000	0.013427	0.925130	0.250303	0.698180	10.000000	11.390512	10.008658	2999
0.250000	0.017243	0.903420	0.250477	0.681697	10.000000	11.078903	10.099708	2999
0.250000	0.012777	0.920433	0.248817	0.694187	10.000000	11.220521	10.275666	2999
0.250000	0.011390	0.941393	0.250237	0.707787	10.000000	11.730996	10.032927	2999
0.250000	0.010517	0.949513	0.250710	0.714673	10.000000	12.658929	10.026595	2999
0.250000	0.010363	0.947573	0.251150	0.714307	10.000000	13.381911	10.010636	2999
0.250000	0.011593	0.930520	0.249653	0.700417	10.000000	11.455409	9.979833	2999
0.250000	0.014977	0.917840	0.250917	0.692447	10.000000	11.257166	10.197588	2999
0.250000	0.011527	0.936113	0.250757	0.704980	10.000000	11.486022	10.012325	2999
0.250000	0.019820	0.826840	0.245247	0.625457	10.000000	11.010377	10.400813	2999
0.250000	0.014520	0.922260	0.251137	0.696650	10.000000	11.520900	10.194145	2999
0.250000	0.011953	0.942667	0.251390	0.710927	10.000000	11.460589	10.094623	2999
0.250000	0.017193	0.888897	0.248990	0.670947	10.000000	11.097856	10.254296	2999
0.250000	0.016770	0.908683	0.251240	0.687477	10.000000	11.101457	10.052687	2999
0.250000	0.011333	0.952090	0.251960	0.717373	10.000000	11.489025	10.146151	2999
0.250000	0.013423	0.923047	0.249367	0.695847	10.000000	11.305009	10.034926	2999
0.250000	0.010860	0.954147	0.251627	0.718953	10.000000	13.195405	10.045831	2999
0.250000	0.017277	0.909857	0.251367	0.686113	10.000000	11.114318	10.101798	2999
0.250000	0.013230	0.924983	0.249800	0.696533	10.000000	11.218700	10.061027	2999
0.250000	0.012637	0.934623	0.249810	0.705283	10.000000	11.306284	10.106222	2999
0.250000	0.011967	0.933590	0.250183	0.703370	10.000000	11.351865	10.037092	2999
0.250000	0.013037	0.938840	0.251617	0.708707	10.000000	11.530584	10.082397	2999
0.250000	0.015790	0.906223	0.250430	0.684040	10.000000	11.091483	10.159194	2999
0.250000	0.011267	0.920850	0.248567	0.693733	10.000000	12.042822	9.898092	2999
0.250000	0.011323	0.938347	0.250933	0.705953	10.000000	11.733809	9.998869	2999
0.250000	0.010593	0.959747	0.251630	0.722250	10.000000	11.884543	10.118527	2999
0.250000	0.013637	0.915727	0.249630	0.690850	10.000000	11.518363	9.930050	2999
0.250000	0.011590	0.944473	0.251577	0.710760	10.000000	11.677313	10.065527	2999
0.250000	0.012117	0.933567	0.250377	0.703750	10.000000	11.266495	10.104335	2999
0.250000	0.010390	0.930533	0.249080	0.699317	10.000000	13.810642	9.920806	2999
0.250000	0.011777	0.939577	0.251277	0.708417	10.000000	11.752829	10.020564	2999
0.250000	0.013110	0.927683	0.250320	0.700953	10.000000	11.376665	10.080729	2999
0.250000	0.016237	0.874777	0.247093	0.660007	10.000000	11.105032	10.342961	2999
0.250000	0.012820	0.933077	0.251107	0.702310	10.000000	11.287376	10.190123	2999
0.250000	0.013987	0.921117	0.250017	0.694260	10.000000	11.248657	10.002943	2999
0.250000	0.011900	0.940617	0.250950	0.709107	10.000000	11.437024	10.132545	2999
0.250000	0.013013	0.926687	0.250293	0.698693	10.000000	11.359254	10.231056	2999
0.250000	0.010603	0.940190	0.250177	0.708383	10.000000	12.332168	9.968583	2999
0.250000	0.023407	0.859217	0.249600	0.651150	10.000000	10.976777	10.222543	2999
0.250000	0.012153	0.897150	0.247267	0.675190	10.000000	11.945978	9.811906	2999
0.250000	0.012640	0.911127	0.248803	0.686943	10.000000	11.214031	9.896982	2999
0.250000	0.013883	0.938173	0.251663	0.707740	10.000000	11.377935	10.209011	2999
0.250000	0.013243	0.917793	0.248830	0.691927	10.000000	11.254818	9.946855	2999
0.250000	0.014740	0.925687	0.251787	0.697087	10.000000	11.765022	10.198282	2999
0.250000	0.013543	0.916537	0.249297	0.691570	10.000000	11.196800	10.257771	2999
0.250000	0.013960	0.921913	0.250237	0.694380	10.000000	11.257269	10.008612	2999
0.250000	0.010967	0.942157	0.250490	0.708960	10.000000	12.164752	10.016642	2999
0.250000	0.011117	0.921857	0.249407	0.693047	10.000000	11.518265	9.910902	2999
0.250000	0.010733	0.923643	0.248810	0.696410	10.000000	11.791308	9.908350	2999
0.250000	0.011997	0.944700	0.252087	0.711653	10.000000	11.687922	10.068168	2999
0.250000	0.021787	0.827957	0.245390	0.626013	10.000000	10.976379	10.354676	2999
0.250000	0.015253	0.915033	0.250260	0.690093	10.000000	11.192678	10.157337	2999
0.250000	0.016163	0.909530	0.250047	0.685990	10.000000	11.094636	10.092329	2999
0.250000	0.012477	0.938850	0.251760	0.708367	10.000000	11.407782	10.129796	2999
0.250000	0.012977	0.930837	0.249363	0.700440	10.000000	11.610347	10.078889	2999
0.250000	0.016743	0.897800	0.249710	0.676890	10.000000	11.065539	10.196008	2999
0.250000	0.013763	0.919650	0.250807	0.692203	10.000000	11.602518	10.200875	2999
0.250000	0.014473	0.915640	0.249507	0.690703	10.000000	11.203050	10.222630	2999
0.250000	0.012113	0.928070	0.250417	0.698837	10.000000	11.398942	9.981293	2999
0.250000	0.012957	0.927740	0.250133	0.699573	10.000000	11.480560	10.038974	2999
0.250000	0.013723	0.924680	0.250417	0.696847	10.000000	11.394991	10.209143	2999
0.250000	0.011207	0.954337	0.252660	0.720690	10.000000	12.769539	10.115064	2999
0.250000	0.010693	0.948607	0.250810	0.715777	10.000000	12.005908	10.055887	2999
0.250000	0.011747	0.934917	0.250800	0.705523	10.000000	11.493043	10.017835	2999
0.250000	0.015073	0.910633	0.249423	0.687030	10.000000	11.277412	9.938641	2999
0.250000	0.018713	0.896353	0.251103	0.677813	10.000000	11.087682	10.150364	2999
0.250000	0.012390	0.934690	0.251150	0.704860	10.000000	11.298765	10.170838	2999
0.250000	0.012943	0.928870	0.249990	0.700020	10.000000	11.301654	10.196224	2999
0.250000	0.013287	0.924607	0.250847	0.697367	10.000000	12.721107	9.977881	2999
0.250000	0.010380	0.949973	0.251027	0.715997	10.000000	13.027480	10.015155	2999
0.250000	0.021510	0.860983	0.248857	0.652310	10.000000	10.971386	10.252795	2999
0.250000	0.017607	0.897047	0.250297	0.677633	10.000000	11.131768	10.186819	2999
