mut_par_patt	typ1_err	typ2_err	rej_rate	acp_rate	avg_patt	avg_patt_thr	avg_par_patt	end_gen
0.250000	0.110367	0.761260	0.429577	0.459917	10.000000	10.540124	9.998940	2999
0.250000	0.136110	0.726200	0.426037	0.455273	10.000000	10.482105	10.027422	2999
0.250000	0.109140	0.788443	0.436043	0.476457	10.000000	10.545122	9.720820	2999
0.250000	0.118617	0.779730	0.435383	0.476280	10.000000	10.519955	9.845444	2999
0.250000	0.130330	0.773167	0.435450	0.480203	10.000000	10.491757	9.822674	2999
0.250000	0.119493	0.782283	0.436237	0.478663	10.000000	10.521759	9.826122	2999
0.250000	0.119510	0.767787	0.432460	0.471037	10.000000	10.518352	9.930566	2999
0.250000	0.070200	0.795083	0.433530	0.451843	10.000000	10.675155	9.624591	2999
0.250000	0.117603	0.784227	0.436293	0.477953	10.000000	10.522368	9.746767	2999
0.250000	0.088833	0.800050	0.435280	0.468390	10.000000	10.626921	9.704299	2999
0.250000	0.117807	0.785273	0.437980	0.478333	10.000000	10.530840	9.809131	2999
0.250000	0.126367	0.770080	0.434463	0.476823	10.000000	10.502956	9.887061	2999
0.250000	0.066177	0.806133	0.435160	0.455973	10.000000	10.683630	9.656024	2999
0.250000	0.119160	0.781350	0.435430	0.478163	10.000000	10.516189	9.840189	2999
0.250000	0.130507	0.765477	0.434220	0.475800	10.000000	10.495387	9.897254	2999
0.250000	0.172210	0.713457	0.432720	0.467873	10.000000	10.415817	9.959402	2999
0.250000	0.110060	0.767497	0.430193	0.463110	10.000000	10.537883	9.974842	2999
0.250000	0.051597	0.745867	0.416777	0.410720	10.000000	10.795095	9.460568	2999
0.250000	0.105527	0.779090	0.433253	0.467707	10.000000	10.552609	9.947786	2999
0.250000	0.123790	0.778590	0.435700	0.479807	10.000000	10.506854	9.823237	2999
0.250000	0.115123	0.777890	0.434767	0.473277	10.000000	10.528474	9.673028	2999
0.250000	0.100760	0.794017	0.436610	0.473750	10.000000	10.562636	9.867437	2999
0.250000	0.095073	0.799633	0.437550	0.471840	10.000000	10.577582	9.832718	2999
0.250000	0.086957	0.795413	0.434747	0.464397	10.000000	10.613339	9.667845	2999
0.250000	0.142483	0.745427	0.433387	0.469393	10.000000	10.470121	9.940299	2999
0.250000	0.078980	0.788293	0.430973	0.454230	10.000000	10.630107	9.615627	2999
0.250000	0.121320	0.766593	0.433370	0.470473	10.000000	10.520444	9.932921	2999
0.250000	0.123687	0.772973	0.434723	0.476097	10.000000	10.509044	9.873658	2999
0.250000	0.118807	0.777217	0.434847	0.476067	10.000000	10.518109	9.873955	2999
0.250000	0.131070	0.775970	0.436793	0.483197	10.000000	10.489809	9.785403	2999
0.250000	0.146057	0.742533	0.433297	0.470213	10.000000	10.467612	9.941514	2999
0.250000	0.127350	0.777967	0.437070	0.481907	10.000000	10.501796	9.749466	2999
0.250000	0.107617	0.788810	0.435843	0.474153	10.000000	10.554249	9.729174	2999
0.250000	0.108470	0.788257	0.434887	0.475297	10.000000	10.545339	9.717139	2999
0.250000	0.120160	0.783607	0.437217	0.479563	10.000000	10.530814	9.797158	2999
0.250000	0.122070	0.768427	0.432930	0.472477	10.000000	10.512105	9.915109	2999
0.250000	0.126910	0.673917	0.411333	0.417080	10.000000	10.499906	10.180752	2999
0.250000	0.116333	0.775443	0.434253	0.471943	10.000000	10.525719	9.894086	2999
0.250000	0.143930	0.760977	0.435583	0.482557	10.000000	10.466635	9.853875	2999
0.250000	0.088793	0.800853	0.436387	0.468807	10.000000	10.601313	9.712681	2999
0.250000	0.115720	0.785780	0.437263	0.478733	10.000000	10.526169	9.822392	2999
0.250000	0.146900	0.719023	0.427990	0.456137	10.000000	10.460790	10.017113	2999
0.250000	0.061947	0.787883	0.430440	0.441270	10.000000	10.721607	9.581000	2999
0.250000	0.116473	0.784207	0.435820	0.477830	10.000000	10.525087	9.820813	2999
0.250000	0.087013	0.788260	0.431613	0.460473	10.000000	10.613995	9.629272	2999
0.250000	0.096683	0.778927	0.431753	0.461220	10.000000	10.577659	9.613418	2999
0.250000	0.132760	0.772680	0.437400	0.481803	10.000000	10.495431	9.825078	2999
0.250000	0.125847	0.777880	0.436303	0.480920	10.000000	10.505973	9.793937	2999
0.250000	0.137233	0.771480	0.437663	0.484370	10.000000	10.487128	9.778612	2999
0.250000	0.095207	0.799200	0.437410	0.472920	10.000000	10.576254	9.838084	2999
0.250000	0.132943	0.737267	0.428013	0.459707	10.000000	10.490931	9.996931	2999
0.250000	0.095730	0.793757	0.435703	0.469280	10.000000	10.584916	9.693116	2999
0.250000	0.118817	0.764483	0.432827	0.466750	10.000000	10.517588	9.945534	2999
0.250000	0.111773	0.786320	0.436767	0.476233	10.000000	10.535489	9.735112	2999
0.250000	0.107530	0.791257	0.436517	0.475943	10.000000	10.552595	9.747183	2999
0.250000	0.066440	0.812293	0.437137	0.458277	10.000000	10.668480	9.696295	2999
0.250000	0.151163	0.754993	0.437307	0.481427	10.000000	10.458195	9.842722	2999
0.250000	0.152137	0.756173	0.438303	0.482840	10.000000	10.457659	9.818023	2999
0.250000	0.107133	0.786007	0.435417	0.473823	10.000000	10.554888	9.692056	2999
0.250000	0.112683	0.781603	0.434817	0.474643	10.000000	10.534679	9.687500	2999
0.250000	0.073903	0.808323	0.437197	0.462733	10.000000	10.644296	9.692479	2999
0.250000	0.064857	0.761607	0.423180	0.427693	10.000000	10.799679	9.506120	2999
0.250000	0.090947	0.804240	0.437987	0.472993	10.000000	10.586982	9.831145	2999
0.250000	0.095637	0.792317	0.435170	0.469337	10.000000	10.576640	9.920218	2999
0.250000	0.123290	0.758470	0.431623	0.465650	10.000000	10.511275	9.961357	2999
0.250000	0.113893	0.787577	0.436357	0.480227	10.000000	10.531805	9.738624	2999
0.250000	0.116577	0.778067	0.434887	0.475290	10.000000	10.525386	9.886410	2999
0.250000	0.102520	0.790560	0.435367	0.473923	10.000000	10.557488	9.709659	2999
0.250000	0.104427	0.790417	0.435820	0.474487	10.000000	10.551892	9.865471	2999
0.250000	0.128300	0.762133	0.433120	0.471497	10.000000	10.501604	9.921506	2999
0.250000	0.144593	0.747417	0.433760	0.472943	10.000000	10.463541	9.914603	2999
0.250000	0.139567	0.763033	0.436070	0.479397	10.000000	10.473380	9.851421	2999
0.250000	0.117593	0.783937	0.436240	0.477627	10.000000	10.525367	9.736487	2999
0.250000	0.135167	0.761170	0.434267	0.476907	10.000000	10.482940	9.892531	2999
0.250000	0.113153	0.782190	0.435147	0.474000	10.000000	10.532551	9.874614	2999
0.250000	0.098777	0.784310	0.433123	0.466987	10.000000	10.581613	9.650608	2999
0.250000	0.083633	0.806123	0.437773	0.467837	10.000000	10.606759	9.756739	2999
0.250000	0.084440	0.777783	0.429887	0.452773	10.000000	10.616857	9.582851	2999
0.250000	0.120023	0.771717	0.433277	0.473443	10.000000	10.514358	9.903483	2999
0.250000	0.133850	0.766033	0.434863	0.478147	10.000000	10.486785	9.872851	2999
0.250000	0.153260	0.762003	0.440003	0.486803	10.000000	10.461675	9.783430	2999
0.250000	0.111067	0.790403	0.436740	0.478510	10.000000	10.535787	9.801233	2999
0.250000	0.136027	0.753683	0.432517	0.471733	10.000000	10.481819	9.926120	2999
0.250000	0.121053	0.777510	0.435270	0.476063	10.000000	10.516216	9.676528	2999
0.250000	0.107597	0.792300	0.436587	0.476053	10.000000	10.548951	9.816033	2999
0.250000	0.144843	0.739317	0.431650	0.467967	10.000000	10.463943	9.953827	2999
0.250000	0.094663	0.796487	0.435857	0.470417	10.000000	10.585423	9.721896	2999
0.250000	0.118647	0.781180	0.435807	0.478163	10.000000	10.518941	9.830352	2999
0.250000	0.121953	0.770120	0.434720	0.474160	10.000000	10.512291	9.912443	2999
0.250000	0.134910	0.769287	0.436610	0.480327	10.000000	10.487035	9.842161	2999
0.250000	0.097983	0.799647	0.436433	0.476653	10.000000	10.566043	9.813455	2999
0.250000	0.100183	0.791477	0.434907	0.471070	10.000000	10.564227	9.897315	2999
0.250000	0.112823	0.750840	0.427157	0.455257	10.000000	10.532815	10.027941	2999
0.250000	0.130813	0.774260	0.437077	0.483403	10.000000	10.493761	9.787941	2999
0.250000	0.118800	0.782910	0.436153	0.479093	10.000000	10.516924	9.809950	2999
0.250000	0.082783	0.800807	0.435267	0.465017	10.000000	10.623215	9.682320	2999
0.250000	0.121230	0.774763	0.434197	0.476250	10.000000	10.515466	9.877470	2999
0.250000	0.104507	0.793607	0.435843	0.475950	10.000000	10.553655	9.758640	2999
0.250000	0.114187	0.784527	0.435907	0.477733	10.000000	10.530385	9.817272	2999
0.250000	0.147987	0.756730	0.436767	0.480287	10.000000	10.464364	9.861055	2999
0.250000	0.075930	0.800343	0.434163	0.459007	10.000000	10.659636	9.658242	2999
0.250000	0.082203	0.796433	0.434793	0.461287	10.000000	10.618430	9.662703	2999
0.250000	0.117310	0.783320	0.437387	0.479260	10.000000	10.531882	9.703785	2999
0.250000	0.110300	0.788917	0.436643	0.476953	10.000000	10.538036	9.838016	2999
0.250000	0.134527	0.764793	0.435057	0.478187	10.000000	10.489748	9.867898	2999
0.250000	0.106307	0.788523	0.436200	0.473373	10.000000	10.549567	9.710476	2999
0.250000	0.106917	0.769400	0.430153	0.462560	10.000000	10.545672	9.979860	2999
0.250000	0.146647	0.711350	0.425487	0.451970	10.000000	10.459399	10.041062	2999
0.250000	0.119097	0.783927	0.437850	0.478730	10.000000	10.525384	9.778999	2999
0.250000	0.149580	0.654810	0.414110	0.416540	10.000000	10.454415	10.166094	2999
0.250000	0.117233	0.782260	0.436597	0.476823	10.000000	10.524294	9.702621	2999
0.250000	0.105830	0.792977	0.437147	0.476610	10.000000	10.554748	9.768642	2999
0.250000	0.131890	0.747737	0.431187	0.464990	10.000000	10.491300	9.965410	2999
0.250000	0.117790	0.779060	0.435377	0.476437	10.000000	10.521888	9.874063	2999
0.250000	0.146130	0.760103	0.436783	0.483530	10.000000	10.462177	9.830441	2999
0.250000	0.111043	0.788640	0.436483	0.476307	10.000000	10.541303	9.821559	2999
0.250000	0.106440	0.773267	0.430490	0.464770	10.000000	10.547040	9.966402	2999
0.250000	0.114687	0.787050	0.438453	0.476677	10.000000	10.546943	9.786226	2999
0.250000	0.113450	0.783103	0.435853	0.476837	10.000000	10.530944	9.868834	2999
0.250000	0.123843	0.780787	0.436383	0.481437	10.000000	10.508598	9.773095	2999
0.250000	0.105977	0.791987	0.436480	0.476613	10.000000	10.551551	9.738385	2999
0.250000	0.089177	0.775310	0.429440	0.454330	10.000000	10.597508	9.585482	2999
0.250000	0.114083	0.777907	0.435900	0.472000	10.000000	10.533163	9.913552	2999
0.250000	0.100583	0.792463	0.435003	0.472107	10.000000	10.561356	9.875647	2999
0.250000	0.118950	0.783040	0.437040	0.478367	10.000000	10.521884	9.737514	2999
0.250000	0.121937	0.773737	0.434197	0.475097	10.000000	10.512235	9.883746	2999
0.250000	0.111690	0.785020	0.436620	0.476520	10.000000	10.538912	9.845086	2999
0.250000	0.130140	0.746530	0.430070	0.463730	10.000000	10.499952	9.980638	2999
0.250000	0.134507	0.766693	0.436507	0.477977	10.000000	10.487350	9.861418	2999
0.250000	0.111353	0.786493	0.436370	0.476323	10.000000	10.535846	9.728934	2999
0.250000	0.109367	0.787667	0.435803	0.475290	10.000000	10.541329	9.858822	2999
0.250000	0.097257	0.797610	0.437197	0.473497	10.000000	10.570119	9.848040	2999
0.250000	0.099027	0.796953	0.435927	0.474347	10.000000	10.582053	9.753980	2999
0.250000	0.127323	0.775063	0.436240	0.479910	10.000000	10.500247	9.846041	2999
0.250000	0.133073	0.761767	0.434613	0.475287	10.000000	10.490010	9.898842	2999
0.250000	0.114727	0.763137	0.430493	0.464093	10.000000	10.529007	9.970624	2999
0.250000	0.110987	0.788253	0.436360	0.476497	10.000000	10.549322	9.720827	2999
0.250000	0.103217	0.791557	0.436270	0.473283	10.000000	10.554686	9.709990	2999
0.250000	0.109447	0.782280	0.434183	0.473957	10.000000	10.545626	9.676155	2999
0.250000	0.088447	0.802373	0.436527	0.470637	10.000000	10.602375	9.729838	2999
0.250000	0.132327	0.772047	0.437603	0.480143	10.000000	10.492759	9.809781	2999
0.250000	0.142743	0.719483	0.426743	0.454223	10.000000	10.467520	10.025930	2999
0.250000	0.131047	0.754613	0.432183	0.469990	10.000000	10.493259	9.943979	2999
0.250000	0.078400	0.808860	0.436663	0.465617	10.000000	10.627778	9.728715	2999
0.250000	0.095480	0.800600	0.436560	0.472577	10.000000	10.576603	9.757077	2999
0.250000	0.122410	0.768383	0.433900	0.471513	10.000000	10.515146	9.914636	2999
0.250000	0.116223	0.687743	0.411967	0.419040	10.000000	10.521632	10.175067	2999
0.250000	0.125397	0.756857	0.431163	0.467483	10.000000	10.503991	9.958624	2999
0.250000	0.111413	0.732200	0.422340	0.443237	10.000000	10.533790	10.083048	2999
0.250000	0.119427	0.783953	0.436613	0.479450	10.000000	10.519510	9.816286	2999
0.250000	0.078393	0.778153	0.428563	0.447563	10.000000	10.645514	9.575268	2999
0.250000	0.123207	0.781323	0.436430	0.482000	10.000000	10.512812	9.794825	2999
0.250000	0.146733	0.721810	0.428807	0.458213	10.000000	10.459934	10.002657	2999
0.250000	0.145067	0.743333	0.432690	0.470870	10.000000	10.469285	9.936791	2999
0.250000	0.131863	0.758117	0.433487	0.470827	10.000000	10.493325	9.927558	2999
0.250000	0.118107	0.784437	0.437230	0.480083	10.000000	10.524533	9.776392	2999
0.250000	0.141870	0.748230	0.433157	0.472353	10.000000	10.469374	9.922601	2999
0.250000	0.089007	0.798990	0.435913	0.468443	10.000000	10.616172	9.696157	2999
0.250000	0.114370	0.755573	0.428673	0.459783	10.000000	10.532346	10.005800	2999
0.250000	0.115760	0.762343	0.431003	0.464490	10.000000	10.525547	9.971305	2999
0.250000	0.108707	0.790377	0.436347	0.476417	10.000000	10.543569	9.803339	2999
0.250000	0.132733	0.767960	0.435687	0.480430	10.000000	10.489354	9.864265	2999
0.250000	0.130117	0.733983	0.426760	0.456333	10.000000	10.496085	10.024994	2999
0.250000	0.113953	0.768820	0.432113	0.468053	10.000000	10.531030	9.952393	2999
0.250000	0.113223	0.784350	0.435470	0.475523	10.000000	10.533232	9.845204	2999
0.250000	0.069413	0.794967	0.432337	0.451850	10.000000	10.660387	9.624137	2999
0.250000	0.093487	0.801357	0.437617	0.472407	10.000000	10.585643	9.755981	2999
0.250000	0.108773	0.790317	0.436520	0.476213	10.000000	10.542625	9.746484	2999
0.250000	0.125263	0.762847	0.433003	0.471800	10.000000	10.505621	9.932708	2999
0.250000	0.111937	0.777753	0.433997	0.471310	10.000000	10.534173	9.914403	2999
0.250000	0.097873	0.794947	0.435510	0.471797	10.000000	10.568386	9.868797	2999
0.250000	0.135217	0.766923	0.435793	0.479430	10.000000	10.486449	9.851214	2999
0.250000	0.108283	0.790240	0.436957	0.475813	10.000000	10.550657	9.770274	2999
0.250000	0.094843	0.797813	0.436303	0.470903	10.000000	10.576009	9.737019	2999
0.250000	0.121633	0.781200	0.436890	0.477883	10.000000	10.513393	9.815781	2999
0.250000	0.147263	0.743367	0.433457	0.472447	10.000000	10.459497	9.925502	2999
0.250000	0.127977	0.777653	0.436743	0.480863	10.000000	10.504526	9.762565	2999
0.250000	0.108320	0.789443	0.436100	0.476777	10.000000	10.542792	9.838623	2999
0.250000	0.118737	0.782587	0.436713	0.478617	10.000000	10.518133	9.821595	2999
0.250000	0.105373	0.789207	0.435423	0.474423	10.000000	10.550542	9.710551	2999
0.250000	0.126290	0.772620	0.434930	0.476423	10.000000	10.501624	9.868041	2999
0.250000	0.132993	0.762117	0.434487	0.475770	10.000000	10.493850	9.904853	2999
0.250000	0.119983	0.781880	0.436100	0.480243	10.000000	10.516944	9.819594	2999
0.250000	0.105333	0.778740	0.433360	0.466903	10.000000	10.549503	9.937610	2999
0.250000	0.095087	0.798930	0.438617	0.472777	10.000000	10.586074	9.760206	2999
0.250000	0.088810	0.801510	0.436350	0.468760	10.000000	10.607876	9.720570	2999
0.250000	0.116240	0.765027	0.431583	0.465727	10.000000	10.623378	9.593470	2999
0.250000	0.100870	0.788217	0.434630	0.469310	10.000000	10.561530	9.904128	2999
0.250000	0.078390	0.785060	0.431543	0.452250	10.000000	10.641747	9.601966	2999
0.250000	0.107133	0.751313	0.426730	0.453493	10.000000	10.545339	10.045292	2999
0.250000	0.130700	0.750027	0.431063	0.468673	10.000000	10.493084	9.962046	2999
0.250000	0.117193	0.786247	0.437197	0.477910	10.000000	10.526067	9.794502	2999
0.250000	0.107907	0.792033	0.436450	0.476797	10.000000	10.544827	9.791253	2999
0.250000	0.124850	0.770847	0.434347	0.474773	10.000000	10.504708	9.880146	2999
0.250000	0.114303	0.782807	0.435827	0.476037	10.000000	10.526959	9.866172	2999
0.250000	0.133257	0.710647	0.422320	0.443537	10.000000	10.485727	10.076254	2999
0.250000	0.138310	0.767437	0.436830	0.482053	10.000000	10.479338	9.821716	2999
0.250000	0.080860	0.786333	0.430507	0.453053	10.000000	10.630894	9.616616	2999
0.250000	0.144467	0.726323	0.428833	0.459953	10.000000	10.464559	10.005464	2999
0.250000	0.107873	0.790033	0.436653	0.475263	10.000000	10.544565	9.842747	2999
0.250000	0.138373	0.750870	0.433317	0.471403	10.000000	10.479019	9.933101	2999
0.250000	0.105967	0.790700	0.436117	0.472923	10.000000	10.558827	9.723883	2999
0.250000	0.110907	0.789880	0.436583	0.478553	10.000000	10.538339	9.810422	2999
0.250000	0.116233	0.736907	0.425240	0.448127	10.000000	10.524297	10.052257	2999
0.250000	0.102713	0.792953	0.436603	0.473720	10.000000	10.561364	9.725328	2999
0.250000	0.124070	0.772440	0.434553	0.476927	10.000000	10.511330	9.874162	2999
0.250000	0.067707	0.801123	0.433723	0.453673	10.000000	10.679992	9.640722	2999
0.250000	0.095147	0.799347	0.436393	0.472990	10.000000	10.575445	9.754938	2999
0.250000	0.113330	0.787657	0.436347	0.477280	10.000000	10.530242	9.808314	2999
0.250000	0.100190	0.796113	0.436653	0.475873	10.000000	10.571503	9.859749	2999
0.250000	0.148300	0.743527	0.432757	0.473467	10.000000	10.457421	9.921511	2999
0.250000	0.074807	0.811567	0.437413	0.465643	10.000000	10.641450	9.720181	2999
0.250000	0.110667	0.790107	0.436590	0.477900	10.000000	10.539246	9.798930	2999
0.250000	0.130940	0.750753	0.431380	0.466933	10.000000	10.496397	9.956587	2999
0.250000	0.143020	0.762700	0.436887	0.482183	10.000000	10.474825	9.829206	2999
0.250000	0.121260	0.777320	0.435890	0.476067	10.000000	10.515402	9.853620	2999
0.250000	0.138127	0.742727	0.431173	0.465890	10.000000	10.481500	9.961933	2999
0.250000	0.125893	0.779127	0.437283	0.481593	10.000000	10.502374	9.756031	2999
0.250000	0.128253	0.777830	0.437570	0.482643	10.000000	10.504836	9.782274	2999
0.250000	0.121717	0.781110	0.436427	0.480033	10.000000	10.512395	9.817763	2999
0.250000	0.131760	0.775347	0.436980	0.482133	10.000000	10.495218	9.767872	2999
0.250000	0.096427	0.795670	0.435797	0.471333	10.000000	10.589131	9.708251	2999
0.250000	0.123727	0.779913	0.436793	0.479573	10.000000	10.516348	9.759664	2999
0.250000	0.124237	0.780443	0.436903	0.482210	10.000000	10.506335	9.780469	2999
0.250000	0.093303	0.800857	0.437033	0.472850	10.000000	10.582643	9.743838	2999
0.250000	0.116510	0.760660	0.429893	0.464203	10.000000	10.523645	9.978556	2999
0.250000	0.102813	0.795057	0.436347	0.474910	10.000000	10.559177	9.799544	2999
0.250000	0.121963	0.769743	0.433537	0.473607	10.000000	10.511025	9.912294	2999
0.250000	0.145547	0.651437	0.410590	0.412353	10.000000	10.462785	10.180982	2999
0.250000	0.144343	0.741917	0.432237	0.469363	10.000000	10.467203	9.951239	2999
0.250000	0.113570	0.787773	0.436437	0.478193	10.000000	10.532602	9.772005	2999
0.250000	0.068947	0.814453	0.438133	0.462320	10.000000	10.714679	9.718212	2999
0.250000	0.090470	0.778880	0.431117	0.457500	10.000000	10.609378	9.602660	2999
0.250000	0.105073	0.793233	0.437023	0.476010	10.000000	10.555941	9.740304	2999
0.250000	0.139297	0.766633	0.436730	0.482973	10.000000	10.477691	9.815537	2999
0.250000	0.124193	0.722167	0.422453	0.444693	10.000000	10.506788	10.076637	2999
0.250000	0.104357	0.794087	0.437323	0.476210	10.000000	10.554409	9.829001	2999
0.250000	0.041870	0.764447	0.420813	0.412863	10.000000	11.084921	9.493019	2999
0.250000	0.124367	0.778490	0.437037	0.481133	10.000000	10.511588	9.804847	2999
0.250000	0.143273	0.759863	0.436077	0.480523	10.000000	10.469529	9.865869	2999
0.250000	0.100783	0.791107	0.435167	0.471307	10.000000	10.563463	9.699269	2999
0.250000	0.115553	0.786907	0.437023	0.479367	10.000000	10.529015	9.781494	2999
0.250000	0.112887	0.785673	0.436600	0.476480	10.000000	10.532453	9.837130	2999
0.250000	0.096900	0.799920	0.437333	0.474517	10.000000	10.579032	9.792099	2999
0.250000	0.097087	0.799990	0.437133	0.475297	10.000000	10.571489	9.774667	2999
0.250000	0.086787	0.798843	0.435017	0.464893	10.000000	10.607431	9.688925	2999
0.250000	0.099330	0.790970	0.435163	0.470187	10.000000	10.574301	9.692953	2999
0.250000	0.114010	0.771433	0.433170	0.468887	10.000000	10.530391	9.939345	2999
0.250000	0.124727	0.753250	0.431037	0.464013	10.000000	10.506926	9.975086	2999
0.250000	0.144870	0.759597	0.436787	0.480903	10.000000	10.468692	9.852290	2999
0.250000	0.120730	0.783580	0.437553	0.481377	10.000000	10.517828	9.742688	2999
0.250000	0.106660	0.788927	0.435457	0.474657	10.000000	10.548201	9.853634	2999
0.250000	0.075963	0.813907	0.438337	0.468043	10.000000	10.640301	9.750028	2999
0.250000	0.088140	0.807553	0.437507	0.472483	10.000000	10.605235	9.813257	2999
0.250000	0.084613	0.807937	0.437390	0.469353	10.000000	10.610273	9.744296	2999
0.250000	0.133217	0.700073	0.420133	0.436583	10.000000	10.485734	10.106429	2999
0.250000	0.113327	0.784440	0.436217	0.475067	10.000000	10.532288	9.706145	2999
0.250000	0.108510	0.781400	0.433927	0.471927	10.000000	10.546197	9.918054	2999
0.250000	0.095697	0.791930	0.434420	0.468663	10.000000	10.582109	9.684800	2999
0.250000	0.095610	0.799190	0.437250	0.472640	10.000000	10.584100	9.860175	2999
0.250000	0.117223	0.783000	0.435883	0.477977	10.000000	10.529880	9.815626	2999
0.250000	0.083910	0.810150	0.438330	0.471410	10.000000	10.616087	9.780826	2999
0.250000	0.106597	0.789640	0.436300	0.475447	10.000000	10.546331	9.846547	2999
0.250000	0.084740	0.807587	0.437800	0.469787	10.000000	10.610684	9.753391	2999
0.250000	0.101997	0.794687	0.435657	0.474010	10.000000	10.562486	9.740045	2999
0.250000	0.104967	0.786343	0.436327	0.471467	10.000000	10.551979	9.894471	2999
0.250000	0.113113	0.766023	0.432020	0.464717	10.000000	10.531744	9.967074	2999
0.250000	0.144283	0.741983	0.433240	0.469510	10.000000	10.466978	9.940393	2999
0.250000	0.103600	0.794337	0.436783	0.476693	10.000000	10.561347	9.774389	2999
0.250000	0.104757	0.788200	0.435230	0.472307	10.000000	10.554075	9.896453	2999
0.250000	0.105107	0.775333	0.432057	0.465823	10.000000	10.557568	9.622590	2999
0.250000	0.126493	0.752767	0.430920	0.464583	10.000000	10.507293	9.971915	2999
0.250000	0.112630	0.787363	0.436670	0.478760	10.000000	10.538184	9.816606	2999
0.250000	0.098560	0.789410	0.434520	0.470490	10.000000	10.575364	9.683050	2999
0.250000	0.137157	0.758460	0.435153	0.474947	10.000000	10.483960	9.904315	2999
0.250000	0.120813	0.781123	0.436247	0.478617	10.000000	10.520933	9.817965	2999
0.250000	0.120230	0.783913	0.437390	0.480443	10.000000	10.529549	9.761647	2999
0.250000	0.141020	0.758633	0.434453	0.478350	10.000000	10.472367	9.886550	2999
0.250000	0.138110	0.750453	0.432020	0.470750	10.000000	10.475399	9.928894	2999
0.250000	0.133370	0.773987	0.437983	0.482970	10.000000	10.490756	9.702645	2999
0.250000	0.114170	0.630680	0.397343	0.382890	10.000000	10.527719	10.300891	2999
0.250000	0.108090	0.788170	0.436377	0.474833	10.000000	10.556858	9.867520	2999
0.250000	0.076113	0.810123	0.436957	0.464677	10.000000	10.636883	9.723885	2999
0.250000	0.110670	0.756020	0.428310	0.457530	10.000000	10.538333	10.016877	2999
0.250000	0.098420	0.787850	0.434130	0.469237	10.000000	10.572365	9.666528	2999
0.250000	0.135697	0.755713	0.433083	0.473287	10.000000	10.483282	9.920096	2999
0.250000	0.093630	0.802407	0.437153	0.473483	10.000000	10.579820	9.820649	2999
0.250000	0.068903	0.780127	0.427447	0.443153	10.000000	10.657890	9.571022	2999
0.250000	0.128917	0.733813	0.425943	0.456210	10.000000	10.495064	10.027730	2999
0.250000	0.132047	0.775370	0.436767	0.483233	10.000000	10.501785	9.724223	2999
0.250000	0.111097	0.786380	0.435923	0.475453	10.000000	10.541018	9.855284	2999
0.250000	0.110157	0.727753	0.420603	0.439733	10.000000	10.539481	10.105224	2999
0.250000	0.135280	0.752297	0.433170	0.470037	10.000000	10.484342	9.936420	2999
0.250000	0.111907	0.788263	0.436240	0.478420	10.000000	10.538912	9.758878	2999
0.250000	0.065813	0.769170	0.424363	0.433943	10.000000	10.671657	9.531784	2999
0.250000	0.102210	0.792253	0.436390	0.473110	10.000000	10.563404	9.721876	2999
0.250000	0.143160	0.701730	0.422060	0.442393	10.000000	10.468455	10.077404	2999
0.250000	0.119090	0.780933	0.437667	0.477550	10.000000	10.524085	9.847298	2999
0.250000	0.114903	0.778563	0.434827	0.473543	10.000000	10.528355	9.881558	2999
0.250000	0.102617	0.791093	0.435957	0.472050	10.000000	10.561043	9.697266	2999
0.250000	0.134630	0.772107	0.437003	0.482367	10.000000	10.488768	9.805651	2999
0.250000	0.112170	0.785477	0.436237	0.475623	10.000000	10.535876	9.717814	2999
0.250000	0.120187	0.763683	0.431970	0.467533	10.000000	10.516164	9.951104	2999
0.250000	0.140593	0.747863	0.432127	0.471237	10.000000	10.470762	9.936155	2999
0.250000	0.130987	0.775030	0.436850	0.481623	10.000000	10.496921	9.722843	2999
0.250000	0.110750	0.790010	0.436747	0.477797	10.000000	10.535988	9.803096	2999
0.250000	0.113760	0.783123	0.434873	0.476400	10.000000	10.533871	9.690214	2999
0.250000	0.127480	0.775103	0.436510	0.480170	10.000000	10.498740	9.823026	2999
0.250000	0.102530	0.779563	0.433427	0.464633	10.000000	10.570196	9.632217	2999
0.250000	0.087203	0.798290	0.435573	0.465393	10.000000	10.601931	9.683915	2999
0.250000	0.132363	0.774840	0.437650	0.482720	10.000000	10.490978	9.811522	2999
0.250000	0.127153	0.774090	0.435930	0.479590	10.000000	10.498622	9.849974	2999
0.250000	0.114793	0.785797	0.436853	0.478117	10.000000	10.527230	9.833105	2999
0.250000	0.124000	0.773953	0.434930	0.477050	10.000000	10.508858	9.878436	2999
0.250000	0.124500	0.602290	0.393190	0.371610	10.000000	10.506617	10.324106	2999
0.250000	0.096060	0.792637	0.434977	0.469300	10.000000	10.582265	9.687067	2999
0.250000	0.110363	0.789133	0.436403	0.476457	10.000000	10.540803	9.740923	2999
0.250000	0.105387	0.783973	0.434153	0.471280	10.000000	10.550648	9.916910	2999
0.250000	0.136353	0.768163	0.436577	0.481403	10.000000	10.483247	9.833640	2999
0.250000	0.101523	0.795983	0.437017	0.475017	10.000000	10.565289	9.768277	2999
0.250000	0.108810	0.790650	0.436800	0.477700	10.000000	10.540760	9.798112	2999
0.250000	0.120320	0.782080	0.436940	0.479263	10.000000	10.523488	9.745169	2999
0.250000	0.120117	0.732023	0.424047	0.449980	10.000000	10.514688	10.058371	2999
0.250000	0.145967	0.731760	0.430030	0.463243	10.000000	10.462882	9.978889	2999
0.250000	0.090267	0.784970	0.432193	0.459660	10.000000	10.604930	9.624643	2999
0.250000	0.109027	0.790657	0.437037	0.476437	10.000000	10.541470	9.815689	2999
0.250000	0.104953	0.792420	0.437053	0.475223	10.000000	10.549899	9.783371	2999
0.250000	0.115597	0.786930	0.435840	0.479020	10.000000	10.528606	9.767081	2999
0.250000	0.117193	0.744953	0.428013	0.452203	10.000000	10.529071	10.040073	2999
0.250000	0.133270	0.708273	0.422533	0.440583	10.000000	10.487184	10.084746	2999
0.250000	0.124450	0.741103	0.427117	0.456170	10.000000	10.505491	10.016972	2999
0.250000	0.122060	0.778893	0.436080	0.478913	10.000000	10.513357	9.836204	2999
0.250000	0.096763	0.796177	0.436900	0.471320	10.000000	10.576861	9.877136	2999
0.250000	0.157337	0.750210	0.437327	0.482680	10.000000	10.440624	9.851208	2999
0.250000	0.069593	0.792337	0.432483	0.449437	10.000000	10.666146	9.613382	2999
0.250000	0.113540	0.771637	0.432560	0.467780	10.000000	10.529310	9.939079	2999
0.250000	0.104833	0.791970	0.437177	0.473753	10.000000	10.566821	9.722115	2999
0.250000	0.101527	0.796643	0.437003	0.475937	10.000000	10.567163	9.765540	2999
0.250000	0.104870	0.792860	0.436803	0.477050	10.000000	10.555319	9.766455	2999
0.250000	0.119850	0.783070	0.436860	0.480293	10.000000	10.518737	9.783591	2999
0.250000	0.109690	0.788190	0.435927	0.476170	10.000000	10.542602	9.843838	2999
0.250000	0.100933	0.793793	0.436700	0.473743	10.000000	10.562176	9.750581	2999
0.250000	0.128367	0.756013	0.432523	0.469243	10.000000	10.499598	9.942679	2999
0.250000	0.108387	0.788827	0.435500	0.475740	10.000000	10.547700	9.842258	2999
0.250000	0.127197	0.755707	0.431043	0.467553	10.000000	10.497938	9.951103	2999
0.250000	0.116337	0.760397	0.430217	0.463693	10.000000	10.525007	9.975555	2999
0.250000	0.139223	0.741717	0.430300	0.466817	10.000000	10.478249	9.965519	2999
0.250000	0.122903	0.778257	0.435083	0.477460	10.000000	10.510559	9.829574	2999
0.250000	0.142643	0.766523	0.437297	0.483263	10.000000	10.469618	9.756109	2999
0.250000	0.141600	0.699900	0.422030	0.441397	10.000000	10.471136	10.085337	2999
0.250000	0.140483	0.735077	0.429283	0.464180	10.000000	10.471942	9.984290	2999
0.250000	0.123300	0.773713	0.435593	0.476660	10.000000	10.513166	9.869517	2999
0.250000	0.107403	0.788247	0.436343	0.474260	10.000000	10.562679	9.709392	2999
0.250000	0.103843	0.653913	0.399693	0.391393	10.000000	10.552969	10.283130	2999
0.250000	0.092457	0.795387	0.434957	0.468760	10.000000	10.583375	9.690486	2999
0.250000	0.116930	0.779380	0.435883	0.476217	10.000000	10.523657	9.867850	2999
0.250000	0.107270	0.790160	0.436153	0.475363	10.000000	10.550130	9.739804	2999
0.250000	0.118470	0.784263	0.437543	0.478860	10.000000	10.542291	9.735234	2999
0.250000	0.112860	0.788070	0.436577	0.476133	10.000000	10.531217	9.746765	2999
0.250000	0.082973	0.799950	0.436463	0.463003	10.000000	10.621440	9.679773	2999
0.250000	0.117260	0.755683	0.430227	0.461183	10.000000	10.524583	9.989822	2999
0.250000	0.134430	0.732203	0.427767	0.456677	10.000000	10.483532	10.013115	2999
0.250000	0.105167	0.782940	0.432110	0.470463	10.000000	10.547778	9.925262	2999
0.250000	0.122437	0.778403	0.436613	0.479040	10.000000	10.511018	9.846315	2999
0.250000	0.092180	0.801807	0.437577	0.471450	10.000000	10.584727	9.846142	2999
0.250000	0.071587	0.810593	0.437007	0.461020	10.000000	10.652491	9.703044	2999
0.250000	0.123777	0.751733	0.429747	0.463403	10.000000	10.512054	9.978992	2999
0.250000	0.070990	0.799323	0.433717	0.454140	10.000000	10.676173	9.644048	2999
0.250000	0.106177	0.781657	0.434423	0.468897	10.000000	10.577886	9.659628	2999
0.250000	0.127120	0.775787	0.435443	0.479097	10.000000	10.500883	9.834703	2999
0.250000	0.116453	0.783933	0.436893	0.478547	10.000000	10.533385	9.818607	2999
0.250000	0.104790	0.781937	0.433933	0.469247	10.000000	10.551934	9.928013	2999
0.250000	0.144950	0.748150	0.433387	0.473530	10.000000	10.465645	9.922058	2999
0.250000	0.107267	0.788300	0.435687	0.474633	10.000000	10.561463	9.705092	2999
0.250000	0.032993	0.756550	0.417423	0.403833	10.000000	11.073165	9.466973	2999
0.250000	0.133370	0.773493	0.436817	0.482057	10.000000	10.492284	9.750701	2999
0.250000	0.128367	0.740817	0.429110	0.459453	10.000000	10.497943	10.006279	2999
0.250000	0.118983	0.782787	0.436403	0.478883	10.000000	10.523152	9.721283	2999
0.250000	0.107550	0.791743	0.437203	0.477223	10.000000	10.548258	9.826505	2999
0.250000	0.124340	0.747697	0.429197	0.460980	10.000000	10.505464	9.995155	2999
0.250000	0.070227	0.808240	0.436477	0.460543	10.000000	10.662561	9.687688	2999
0.250000	0.133993	0.758900	0.434463	0.474123	10.000000	10.485138	9.906424	2999
0.250000	0.123460	0.780467	0.436620	0.480193	10.000000	10.509588	9.782050	2999
0.250000	0.111357	0.789093	0.437200	0.476860	10.000000	10.537881	9.815241	2999
0.250000	0.146307	0.758943	0.436420	0.481167	10.000000	10.461442	9.849018	2999
0.250000	0.117423	0.767677	0.432060	0.468613	10.000000	10.527937	9.941608	2999
0.250000	0.131897	0.753617	0.432270	0.469357	10.000000	10.489293	9.940569	2999
0.250000	0.119277	0.783237	0.437170	0.479317	10.000000	10.522429	9.735324	2999
0.250000	0.120197	0.783133	0.436710	0.480413	10.000000	10.513010	9.771046	2999
0.250000	0.115787	0.785490	0.436590	0.478403	10.000000	10.533137	9.730446	2999
0.250000	0.112210	0.757753	0.428657	0.460053	10.000000	10.533115	10.000071	2999
0.250000	0.105820	0.784737	0.435387	0.470567	10.000000	10.549128	9.907257	2999
0.250000	0.090220	0.804013	0.438327	0.473073	10.000000	10.607933	9.738276	2999
0.250000	0.140860	0.742500	0.432340	0.467233	10.000000	10.473221	9.956941	2999
0.250000	0.156440	0.700150	0.425790	0.449653	10.000000	10.443205	10.041993	2999
0.250000	0.127983	0.729987	0.425767	0.450990	10.000000	10.497442	10.036478	2999
0.250000	0.097107	0.800123	0.437347	0.473923	10.000000	10.577393	9.757632	2999
0.250000	0.098570	0.798150	0.436873	0.474040	10.000000	10.573483	9.768338	2999
0.250000	0.143610	0.754133	0.435100	0.476693	10.000000	10.465610	9.886059	2999
0.250000	0.112357	0.775070	0.432903	0.469540	10.000000	10.541564	9.925281	2999
0.250000	0.116077	0.770523	0.432460	0.470120	10.000000	10.526615	9.934298	2999
0.250000	0.119800	0.762070	0.431793	0.467400	10.000000	10.518398	9.956521	2999
0.250000	0.068227	0.788327	0.431463	0.446810	10.000000	10.688602	9.598614	2999
0.250000	0.080213	0.812227	0.438027	0.469143	10.000000	10.623165	9.805876	2999
0.250000	0.135143	0.771890	0.436603	0.483520	10.000000	10.483367	9.746001	2999
0.250000	0.100750	0.795317	0.435777	0.473793	10.000000	10.562701	9.839857	2999
0.250000	0.111650	0.785650	0.436143	0.475853	10.000000	10.544575	9.723087	2999
0.250000	0.095830	0.794603	0.435860	0.470703	10.000000	10.579341	9.705618	2999
0.250000	0.087187	0.789827	0.433680	0.461377	10.000000	10.608733	9.639968	2999
0.250000	0.128237	0.768207	0.434647	0.475973	10.000000	10.497976	9.878858	2999
0.250000	0.121950	0.781593	0.435920	0.480417	10.000000	10.513869	9.777815	2999
0.250000	0.123383	0.777403	0.435837	0.478390	10.000000	10.510583	9.843890	2999
0.250000	0.127167	0.693747	0.417173	0.428973	10.000000	10.500497	10.136691	2999
0.250000	0.097547	0.792700	0.435103	0.471040	10.000000	10.570721	9.908051	2999
0.250000	0.126920	0.770417	0.434937	0.476560	10.000000	10.499490	9.879801	2999
0.250000	0.145157	0.754193	0.435220	0.478553	10.000000	10.464551	9.880656	2999
0.250000	0.128250	0.747893	0.430977	0.461763	10.000000	10.507506	9.986115	2999
0.250000	0.134873	0.773323	0.437027	0.483510	10.000000	10.487487	9.812149	2999
0.250000	0.119707	0.782100	0.436873	0.479857	10.000000	10.516578	9.735752	2999
0.250000	0.102217	0.795210	0.436853	0.474787	10.000000	10.559260	9.841730	2999
0.250000	0.116543	0.782350	0.435290	0.477703	10.000000	10.525913	9.849463	2999
0.250000	0.100177	0.794753	0.437427	0.472730	10.000000	10.579770	9.724247	2999
0.250000	0.138583	0.761770	0.436090	0.477643	10.000000	10.482014	9.875027	2999
0.250000	0.123957	0.779650	0.438557	0.477680	10.000000	10.524575	9.724771	2999
0.250000	0.099870	0.769997	0.430087	0.458040	10.000000	10.565515	10.012939	2999
0.250000	0.121650	0.776633	0.435687	0.477870	10.000000	10.509567	9.839968	2999
0.250000	0.092493	0.796840	0.435820	0.468603	10.000000	10.583766	9.698276	2999
0.250000	0.138947	0.761357	0.436087	0.478470	10.000000	10.475351	9.864349	2999
0.250000	0.088997	0.802523	0.436543	0.468817	10.000000	10.598509	9.731774	2999
0.250000	0.117493	0.782607	0.436543	0.476680	10.000000	10.546671	9.714666	2999
0.250000	0.085033	0.808577	0.438990	0.469507	10.000000	10.619219	9.766790	2999
0.250000	0.107477	0.788087	0.436200	0.474607	10.000000	10.546573	9.707358	2999
0.250000	0.154040	0.756493	0.438210	0.486287	10.000000	10.446041	9.825395	2999
0.250000	0.099867	0.798293	0.437937	0.476287	10.000000	10.571526	9.765129	2999
0.250000	0.122743	0.781557	0.437423	0.478777	10.000000	10.512247	9.788342	2999
0.250000	0.124600	0.773587	0.435070	0.477690	10.000000	10.510698	9.660366	2999
0.250000	0.084533	0.800833	0.435370	0.464817	10.000000	10.612550	9.695305	2999
0.250000	0.124730	0.725943	0.423500	0.447403	10.000000	10.506242	10.065000	2999
0.250000	0.137633	0.753687	0.433793	0.471767	10.000000	10.479998	9.917628	2999
0.250000	0.099617	0.798553	0.438093	0.474580	10.000000	10.573108	9.832129	2999
0.250000	0.122340	0.767190	0.432893	0.471130	10.000000	10.511416	9.921463	2999
0.250000	0.140593	0.705090	0.422397	0.445113	10.000000	10.471495	10.068670	2999
0.250000	0.104690	0.790337	0.435660	0.474410	10.000000	10.554215	9.728755	2999
0.250000	0.147770	0.715737	0.426880	0.457090	10.000000	10.458391	10.023612	2999
0.250000	0.125807	0.771807	0.434343	0.476413	10.000000	10.502137	9.880303	2999
0.250000	0.126850	0.765240	0.434133	0.473253	10.000000	10.501052	9.902081	2999
0.250000	0.137697	0.761457	0.435123	0.478447	10.000000	10.479362	9.876232	2999
0.250000	0.134320	0.774063	0.437787	0.481530	10.000000	10.491487	9.778516	2999
0.250000	0.109807	0.786417	0.435220	0.473703	10.000000	10.550678	9.718875	2999
0.250000	0.126190	0.770047	0.434853	0.475750	10.000000	10.503325	9.880745	2999
0.250000	0.124917	0.773407	0.435980	0.476877	10.000000	10.504755	9.872599	2999
0.250000	0.096467	0.799307	0.436053	0.474273	10.000000	10.575504	9.765150	2999
0.250000	0.118173	0.785087	0.436933	0.480233	10.000000	10.522916	9.748653	2999
0.250000	0.121597	0.758880	0.430740	0.465580	10.000000	10.513878	9.967514	2999
0.250000	0.070797	0.814043	0.437610	0.463293	10.000000	10.657765	9.721449	2999
0.250000	0.114677	0.776700	0.434160	0.473090	10.000000	10.530300	9.897235	2999
0.250000	0.146337	0.759747	0.437360	0.481643	10.000000	10.463400	9.844970	2999
0.250000	0.130970	0.763257	0.433490	0.474740	10.000000	10.491719	9.898704	2999
0.250000	0.107240	0.793703	0.437440	0.478040	10.000000	10.550379	9.797037	2999
0.250000	0.126910	0.740633	0.428050	0.457223	10.000000	10.501518	10.011009	2999
0.250000	0.121890	0.782280	0.437160	0.479970	10.000000	10.513908	9.742391	2999
0.250000	0.137467	0.758363	0.434310	0.474870	10.000000	10.481880	9.893617	2999
0.250000	0.099867	0.783710	0.433957	0.467503	10.000000	10.603042	9.644825	2999
0.250000	0.097843	0.788457	0.434973	0.468597	10.000000	10.567386	9.926272	2999
0.250000	0.108380	0.787913	0.435797	0.474340	10.000000	10.553598	9.712712	2999
0.250000	0.131190	0.768270	0.434730	0.478230	10.000000	10.492137	9.862950	2999
0.250000	0.104973	0.793630	0.437293	0.475970	10.000000	10.553859	9.819400	2999
0.250000	0.133717	0.763937	0.434860	0.475100	10.000000	10.487612	9.888640	2999
0.250000	0.153707	0.745217	0.435543	0.477733	10.000000	10.451326	9.899140	2999
0.250000	0.093580	0.780197	0.430807	0.459573	10.000000	10.583131	9.615379	2999
0.250000	0.152433	0.751563	0.436063	0.481003	10.000000	10.449860	9.874241	2999
0.250000	0.118707	0.779473	0.435990	0.476150	10.000000	10.519812	9.872960	2999
0.250000	0.118310	0.781643	0.436207	0.477533	10.000000	10.519377	9.829752	2999
0.250000	0.100617	0.795783	0.436123	0.474343	10.000000	10.561469	9.836964	2999
0.250000	0.127383	0.779893	0.436373	0.482973	10.000000	10.501582	9.763853	2999
0.250000	0.104697	0.789557	0.435720	0.473043	10.000000	10.566435	9.869829	2999
0.250000	0.114497	0.780820	0.434997	0.474230	10.000000	10.527804	9.875948	2999
0.250000	0.037423	0.776987	0.424333	0.415757	10.000000	10.854040	9.520198	2999
0.250000	0.140447	0.698980	0.420863	0.439797	10.000000	10.472023	10.085329	2999
0.250000	0.109993	0.785310	0.435923	0.474613	10.000000	10.543965	9.880007	2999
0.250000	0.093510	0.800220	0.436103	0.472247	10.000000	10.582459	9.736040	2999
0.250000	0.140737	0.740440	0.431867	0.465027	10.000000	10.473037	9.967803	2999
0.250000	0.103833	0.793453	0.436230	0.474213	10.000000	10.553998	9.820512	2999
0.250000	0.109263	0.779187	0.434300	0.470633	10.000000	10.539920	9.921492	2999
0.250000	0.114757	0.772510	0.433267	0.470380	10.000000	10.530754	9.934237	2999
0.250000	0.122210	0.779183	0.436223	0.478287	10.000000	10.518261	9.836720	2999
0.250000	0.071120	0.804113	0.435120	0.457893	10.000000	10.651692	9.672297	2999
0.250000	0.104820	0.792587	0.435823	0.475353	10.000000	10.551289	9.740496	2999
0.250000	0.067600	0.775977	0.426960	0.440623	10.000000	10.714257	9.553934	2999
0.250000	0.127677	0.755580	0.431740	0.467140	10.000000	10.501117	9.945233	2999
0.250000	0.125403	0.774293	0.435533	0.476890	10.000000	10.504361	9.841156	2999
0.250000	0.108557	0.788723	0.436810	0.475563	10.000000	10.543372	9.836482	2999
0.250000	0.109700	0.790547	0.435777	0.477707	10.000000	10.541932	9.786538	2999
0.250000	0.109823	0.785927	0.435233	0.473810	10.000000	10.542225	9.867908	2999
0.250000	0.152083	0.723120	0.430760	0.462353	10.000000	10.452973	9.988096	2999
0.250000	0.119003	0.769027	0.433470	0.468953	10.000000	10.521022	9.926290	2999
0.250000	0.107277	0.789833	0.435557	0.475773	10.000000	10.549364	9.862011	2999
0.250000	0.151173	0.692173	0.421893	0.441723	10.000000	10.449636	10.077202	2999
0.250000	0.132570	0.765930	0.436177	0.476097	10.000000	10.497507	9.884735	2999
0.250000	0.137263	0.768550	0.436770	0.482420	10.000000	10.479589	9.837840	2999
