mut_par_size	mut_par_patt	typ1_err	typ2_err	            rej_rate	acp_rate	avg_size	avg_size_thr	avg_par_size	avg_patt	avg_patt_thr	avg_par_patt	end_gen
0.250000	0.250000	0.036117	0.032920	0.194157	0.010130	10.000000	12.408724	9.999855	10.000000	10.903738	11.999659	2999
0.250000	0.250000	0.033160	0.037667	0.196487	0.011310	10.000000	11.796739	9.999085	10.000000	10.946227	11.999739	2999
0.250000	0.250000	0.031350	0.038677	0.195203	0.011833	10.000000	14.733909	9.999554	10.000000	10.953535	11.999812	2999
0.250000	0.250000	0.032757	0.037740	0.195643	0.011490	10.000000	12.075140	10.000491	10.000000	10.944954	11.999437	2999
0.250000	0.250000	0.033323	0.036890	0.195580	0.011197	10.000000	11.913379	10.000300	10.000000	10.935539	11.999039	2999
0.250000	0.250000	0.034883	0.033643	0.193917	0.010553	10.000000	12.881202	9.999937	10.000000	10.913104	11.999637	2999
0.250000	0.250000	0.036740	0.031637	0.194817	0.009797	10.000000	12.437349	10.000048	10.000000	10.898008	11.999699	2999
0.250000	0.250000	0.037813	0.030790	0.195250	0.009767	10.000000	13.758062	10.000009	10.000000	10.886830	12.000140	2999
0.250000	0.250000	0.032877	0.036800	0.195143	0.011183	10.000000	13.008030	10.000209	10.000000	10.938521	11.999995	2999
0.250000	0.250000	0.034483	0.033860	0.194677	0.010577	10.000000	13.736673	9.999818	10.000000	10.918631	11.999491	2999
0.250000	0.250000	0.037933	0.030807	0.194867	0.009807	10.000000	11.483028	10.000499	10.000000	10.891435	11.999357	2999
0.250000	0.250000	0.033040	0.037327	0.195487	0.011410	10.000000	12.144579	10.000353	10.000000	10.941338	12.000015	2999
0.250000	0.250000	0.031660	0.037523	0.194607	0.011527	10.000000	12.136536	10.000399	10.000000	10.950142	11.999703	2999
0.250000	0.250000	0.034927	0.033957	0.194783	0.010427	10.000000	13.251791	9.999849	10.000000	10.912761	12.000217	2999
0.250000	0.250000	0.031980	0.038297	0.194500	0.011383	10.000000	12.875952	10.000232	10.000000	10.954637	12.000434	2999
0.250000	0.250000	0.044830	0.023600	0.196070	0.007713	10.000000	11.792689	10.000117	10.000000	10.822723	11.999788	2999
0.250000	0.250000	0.028940	0.047920	0.198557	0.014417	10.000000	12.283208	10.000427	10.000000	11.012127	12.000003	2999
0.250000	0.250000	0.039417	0.028937	0.194983	0.009427	10.000000	11.992495	9.999587	10.000000	10.872077	11.999877	2999
0.250000	0.250000	0.045067	0.024637	0.196660	0.008143	10.000000	12.952444	9.999161	10.000000	10.826446	12.000157	2999
0.250000	0.250000	0.030120	0.042503	0.195753	0.012727	10.000000	11.787783	10.000192	10.000000	10.980086	11.999591	2999
0.250000	0.250000	0.039823	0.027553	0.194960	0.008657	10.000000	13.966103	10.000153	10.000000	10.861377	11.999874	2999
0.250000	0.250000	0.033307	0.036933	0.195857	0.011267	10.000000	12.586716	9.999487	10.000000	10.936192	12.000583	2999
0.250000	0.250000	0.029327	0.043943	0.195957	0.013007	10.000000	14.175543	10.000508	10.000000	10.991301	11.999941	2999
0.250000	0.250000	0.028443	0.050777	0.199790	0.015230	10.000000	12.024192	10.000623	10.000000	11.025192	12.000259	2999
0.250000	0.250000	0.037223	0.031733	0.195137	0.009930	10.000000	12.203897	10.000171	10.000000	10.890406	11.999648	2999
0.250000	0.250000	0.033060	0.036683	0.194767	0.011117	10.000000	13.641223	10.000277	10.000000	10.937756	12.000547	2999
0.250000	0.250000	0.034453	0.034587	0.195207	0.010943	10.000000	13.391787	9.999816	10.000000	10.919671	12.000227	2999
0.250000	0.250000	0.032720	0.036317	0.194457	0.011017	10.000000	11.721894	10.000726	10.000000	10.938470	12.000552	2999
0.250000	0.250000	0.038323	0.028880	0.194830	0.009050	10.000000	13.072908	9.999972	10.000000	10.873837	12.000027	2999
0.250000	0.250000	0.031777	0.038667	0.195597	0.011940	10.000000	12.950701	10.000207	10.000000	10.949837	12.000319	2999
0.250000	0.250000	0.032563	0.038163	0.195427	0.011630	10.000000	11.600846	10.000334	10.000000	10.952920	12.000254	2999
0.250000	0.250000	0.031687	0.040153	0.196520	0.012233	10.000000	11.494767	9.999855	10.000000	10.968977	11.999546	2999
0.250000	0.250000	0.035203	0.034360	0.195993	0.010557	10.000000	12.145727	9.999536	10.000000	10.918200	11.999989	2999
0.250000	0.250000	0.031517	0.039387	0.195963	0.012100	10.000000	12.936277	10.000990	10.000000	10.959704	11.999682	2999
0.250000	0.250000	0.031867	0.039633	0.196400	0.012110	10.000000	11.585647	9.999949	10.000000	10.963444	12.000507	2999
0.250000	0.250000	0.037960	0.030260	0.194630	0.009627	10.000000	11.693521	10.000121	10.000000	10.883363	11.999801	2999
0.250000	0.250000	0.030620	0.044973	0.198027	0.013323	10.000000	11.620824	9.999901	10.000000	10.991759	12.000313	2999
0.250000	0.250000	0.030483	0.042167	0.196003	0.013070	10.000000	12.298955	9.999969	10.000000	10.978577	12.000215	2999
0.250000	0.250000	0.041343	0.027003	0.195537	0.008857	10.000000	13.845460	10.000225	10.000000	10.853515	12.000420	2999
0.250000	0.250000	0.034427	0.034173	0.194893	0.010647	10.000000	12.704820	10.000391	10.000000	10.917855	12.000174	2999
0.250000	0.250000	0.034727	0.033047	0.194557	0.010313	10.000000	12.514780	10.000868	10.000000	10.912132	11.999783	2999
0.250000	0.250000	0.036903	0.032000	0.195597	0.009773	10.000000	12.954802	10.000726	10.000000	10.898230	12.000397	2999
0.250000	0.250000	0.039200	0.028990	0.195310	0.009117	10.000000	11.645294	9.999879	10.000000	10.874583	12.000188	2999
0.250000	0.250000	0.042877	0.025457	0.195697	0.008213	10.000000	11.689930	9.999884	10.000000	10.838751	11.999634	2999
0.250000	0.250000	0.037213	0.031653	0.195307	0.009940	10.000000	13.357532	9.999916	10.000000	10.893356	12.000199	2999
0.250000	0.250000	0.031557	0.040643	0.196657	0.012277	10.000000	12.181110	9.999975	10.000000	10.961821	12.000495	2999
0.250000	0.250000	0.033043	0.037357	0.195120	0.011347	10.000000	11.746756	9.999831	10.000000	10.945942	12.000133	2999
0.250000	0.250000	0.039467	0.029317	0.195017	0.009193	10.000000	12.318617	9.999382	10.000000	10.874515	12.000530	2999
0.250000	0.250000	0.041063	0.027097	0.196490	0.008427	10.000000	14.968933	9.999771	10.000000	10.853741	11.999700	2999
0.250000	0.250000	0.036930	0.032373	0.194897	0.009930	10.000000	14.660356	10.000617	10.000000	10.900136	11.999720	2999
0.250000	0.250000	0.037480	0.029627	0.194123	0.009137	10.000000	13.119742	9.999656	10.000000	10.883782	12.000522	2999
0.250000	0.250000	0.035947	0.032557	0.195330	0.010063	10.000000	12.782316	9.999622	10.000000	10.902715	11.999323	2999
0.250000	0.250000	0.037970	0.030013	0.195087	0.009570	10.000000	12.459556	9.999954	10.000000	10.882053	11.999657	2999
0.250000	0.250000	0.031180	0.040250	0.195743	0.012223	10.000000	13.000531	10.000325	10.000000	10.961603	12.000648	2999
0.250000	0.250000	0.036443	0.034997	0.196670	0.011080	10.000000	11.790929	9.999981	10.000000	10.916067	12.000073	2999
0.250000	0.250000	0.031320	0.040073	0.196150	0.012437	10.000000	12.825911	10.000768	10.000000	10.961191	12.000190	2999
0.250000	0.250000	0.031497	0.039340	0.195533	0.012290	10.000000	13.316106	9.999887	10.000000	10.952542	12.000202	2999
0.250000	0.250000	0.034633	0.033860	0.194167	0.010463	10.000000	11.642128	9.999753	10.000000	10.920778	12.001341	2999
0.250000	0.250000	0.032823	0.037147	0.195230	0.011303	10.000000	11.946552	9.999430	10.000000	10.938948	12.000192	2999
0.250000	0.250000	0.037397	0.031580	0.195453	0.010063	10.000000	11.303086	9.999743	10.000000	10.904601	12.000355	2999
0.250000	0.250000	0.032513	0.037307	0.195407	0.011147	10.000000	13.003083	9.999864	10.000000	10.943113	12.000313	2999
0.250000	0.250000	0.038733	0.028723	0.195127	0.009333	10.000000	13.149110	10.000795	10.000000	10.870884	11.999522	2999
0.250000	0.250000	0.035480	0.032420	0.194370	0.010097	10.000000	14.033953	9.999914	10.000000	10.903963	11.999586	2999
0.250000	0.250000	0.035537	0.032923	0.194447	0.010447	10.000000	13.285294	9.999973	10.000000	10.911607	12.000695	2999
0.250000	0.250000	0.034040	0.035010	0.194513	0.010773	10.000000	13.173405	10.000839	10.000000	10.926811	12.000171	2999
0.250000	0.250000	0.035630	0.032500	0.194750	0.010037	10.000000	11.532315	10.000666	10.000000	10.906579	11.999410	2999
0.250000	0.250000	0.032300	0.038073	0.195860	0.011463	10.000000	13.601136	10.000359	10.000000	10.948260	12.000100	2999
0.250000	0.250000	0.048277	0.022017	0.197523	0.007273	10.000000	13.102916	10.000826	10.000000	10.799907	12.000281	2999
0.250000	0.250000	0.039470	0.028610	0.195390	0.009217	10.000000	12.413926	10.000096	10.000000	10.870764	11.999788	2999
0.250000	0.250000	0.038800	0.029000	0.194723	0.009130	10.000000	11.849295	10.000233	10.000000	10.874934	12.000090	2999
0.250000	0.250000	0.031943	0.041543	0.196930	0.012490	10.000000	11.749131	9.999933	10.000000	10.967702	11.999450	2999
0.250000	0.250000	0.042257	0.028987	0.197443	0.008853	10.000000	11.446949	10.001168	10.000000	10.866751	12.000441	2999
0.250000	0.250000	0.035737	0.036337	0.197187	0.011260	10.000000	11.946803	9.999344	10.000000	10.940938	12.000056	2999
0.250000	0.250000	0.034440	0.033843	0.194123	0.010337	10.000000	12.812949	9.999814	10.000000	10.918984	11.999997	2999
0.250000	0.250000	0.040297	0.027603	0.194860	0.008890	10.000000	11.751250	10.000308	10.000000	10.861404	12.000051	2999
0.250000	0.250000	0.031910	0.039803	0.195640	0.012077	10.000000	12.591904	9.999865	10.000000	10.960061	12.000071	2999
0.250000	0.250000	0.031267	0.039203	0.195203	0.012060	10.000000	13.699577	9.999701	10.000000	10.957752	12.000371	2999
0.250000	0.250000	0.042367	0.027707	0.196647	0.008913	10.000000	11.449843	9.999628	10.000000	10.864940	12.000098	2999
0.250000	0.250000	0.034077	0.034677	0.195353	0.010763	10.000000	12.061757	10.000155	10.000000	10.922136	11.999820	2999
0.250000	0.250000	0.036340	0.031587	0.194407	0.010080	10.000000	13.795590	10.000250	10.000000	10.893948	11.999558	2999
0.250000	0.250000	0.034597	0.034133	0.194267	0.010840	10.000000	13.646787	10.000344	10.000000	10.919169	12.000161	2999
0.250000	0.250000	0.030993	0.039637	0.195410	0.011757	10.000000	13.706239	9.999787	10.000000	10.960363	11.999473	2999
0.250000	0.250000	0.035667	0.032950	0.194183	0.010147	10.000000	11.519959	9.999282	10.000000	10.909917	12.000042	2999
0.250000	0.250000	0.031377	0.041113	0.195813	0.012403	10.000000	12.850015	9.999670	10.000000	10.962618	11.998774	2999
0.250000	0.250000	0.045007	0.024013	0.197517	0.007830	10.000000	14.548851	10.000238	10.000000	10.823025	11.999688	2999
0.250000	0.250000	0.037767	0.029907	0.194673	0.009087	10.000000	12.750093	9.999593	10.000000	10.882344	12.000155	2999
0.250000	0.250000	0.036910	0.031620	0.194800	0.009863	10.000000	11.789478	9.999947	10.000000	10.901980	12.000780	2999
0.250000	0.250000	0.035127	0.033073	0.194493	0.010307	10.000000	15.106950	9.999341	10.000000	10.908866	12.000031	2999
0.250000	0.250000	0.034190	0.035133	0.195163	0.010803	10.000000	12.445064	10.000549	10.000000	10.922868	11.999768	2999
0.250000	0.250000	0.039007	0.029357	0.194910	0.009303	10.000000	12.172717	10.000541	10.000000	10.872528	11.999897	2999
0.250000	0.250000	0.035883	0.032623	0.194613	0.010183	10.000000	11.512492	9.999245	10.000000	10.910255	11.999860	2999
0.250000	0.250000	0.031290	0.038657	0.195457	0.011540	10.000000	11.871275	10.000903	10.000000	10.956959	12.000072	2999
0.250000	0.250000	0.044543	0.025590	0.196913	0.008333	10.000000	11.769291	9.999787	10.000000	10.837545	12.000464	2999
0.250000	0.250000	0.038997	0.029143	0.194850	0.009320	10.000000	13.229196	9.999720	10.000000	10.872131	11.999879	2999
0.250000	0.250000	0.031863	0.038457	0.194970	0.011870	10.000000	11.660814	9.999997	10.000000	10.953263	12.000120	2999
0.250000	0.250000	0.036520	0.031417	0.194057	0.009890	10.000000	13.981387	10.000376	10.000000	10.894259	12.000515	2999
0.250000	0.250000	0.040227	0.028987	0.196543	0.008867	10.000000	13.535440	9.999577	10.000000	10.868660	11.999890	2999
0.250000	0.250000	0.033353	0.036517	0.195400	0.011120	10.000000	12.323878	9.999689	10.000000	10.938475	12.000481	2999
0.250000	0.250000	0.028693	0.046823	0.197593	0.013913	10.000000	12.667628	10.000082	10.000000	11.005845	12.000743	2999
0.250000	0.250000	0.038217	0.029747	0.195260	0.009093	10.000000	15.515098	9.999555	10.000000	10.879706	12.000094	2999
0.250000	0.250000	0.062697	0.087080	0.241977	0.030690	10.000000	11.051460	10.499698	10.000000	10.752858	11.500431	2999
0.250000	0.250000	0.061800	0.089170	0.241830	0.031270	10.000000	11.296189	10.499637	10.000000	10.740803	11.501205	2999
0.250000	0.250000	0.051350	0.103397	0.242490	0.034843	10.000000	11.202658	10.499050	10.000000	10.795411	11.500345	2999
0.250000	0.250000	0.069153	0.078817	0.241273	0.029033	10.000000	11.087173	10.500337	10.000000	10.715077	11.499015	2999
0.250000	0.250000	0.072157	0.076490	0.242563	0.028293	10.000000	11.198675	10.500915	10.000000	10.689423	11.499629	2999
0.250000	0.250000	0.055380	0.099013	0.242480	0.033807	10.000000	11.218856	10.500267	10.000000	10.777170	11.500490	2999
0.250000	0.250000	0.071383	0.076880	0.242063	0.028430	10.000000	11.026734	10.499825	10.000000	10.714466	11.499544	2999
0.250000	0.250000	0.068940	0.080247	0.241287	0.029363	10.000000	11.226262	10.499590	10.000000	10.714817	11.499465	2999
0.250000	0.250000	0.052880	0.101067	0.242043	0.034110	10.000000	11.129174	10.499990	10.000000	10.798584	11.499978	2999
0.250000	0.250000	0.051253	0.104460	0.243067	0.035523	10.000000	11.092016	10.500142	10.000000	10.815821	11.501109	2999
0.250000	0.250000	0.052053	0.104643	0.243603	0.035613	10.000000	11.106336	10.500506	10.000000	10.818083	11.500253	2999
0.250000	0.250000	0.068000	0.083400	0.242903	0.030320	10.000000	11.379285	10.500181	10.000000	10.714691	11.499259	2999
0.250000	0.250000	0.070693	0.079817	0.242610	0.029807	10.000000	11.297575	10.499623	10.000000	10.708174	11.499842	2999
0.250000	0.250000	0.068290	0.080280	0.241953	0.029100	10.000000	11.151964	10.499624	10.000000	10.714535	11.499893	2999
0.250000	0.250000	0.061863	0.088520	0.241600	0.031340	10.000000	11.048119	10.500259	10.000000	10.761872	11.499660	2999
0.250000	0.250000	0.066450	0.084520	0.242097	0.030240	10.000000	10.969753	10.499931	10.000000	10.763929	11.499843	2999
0.250000	0.250000	0.060783	0.091030	0.242677	0.031563	10.000000	11.233513	10.500139	10.000000	10.744436	11.500804	2999
0.250000	0.250000	0.065407	0.086007	0.241963	0.030710	10.000000	11.314382	10.500759	10.000000	10.716336	11.499474	2999
0.250000	0.250000	0.056690	0.095807	0.241807	0.033507	10.000000	11.250651	10.499374	10.000000	10.765924	11.500625	2999
0.250000	0.250000	0.048967	0.108807	0.244453	0.035713	10.000000	11.186894	10.499983	10.000000	10.815037	11.499385	2999
0.250000	0.250000	0.053853	0.100420	0.242787	0.033887	10.000000	11.041359	10.499592	10.000000	10.806379	11.500100	2999
0.250000	0.250000	0.056107	0.097130	0.242387	0.033060	10.000000	11.294385	10.499491	10.000000	10.765986	11.500406	2999
0.250000	0.250000	0.054303	0.099670	0.242503	0.034397	10.000000	11.170095	10.499979	10.000000	10.783971	11.499526	2999
0.250000	0.250000	0.070700	0.084677	0.244843	0.030797	10.000000	12.035229	10.499440	10.000000	10.683889	11.500644	2999
0.250000	0.250000	0.070283	0.077593	0.240757	0.028730	10.000000	11.247194	10.499726	10.000000	10.697721	11.500388	2999
0.250000	0.250000	0.058903	0.092727	0.242153	0.032540	10.000000	11.014777	10.500074	10.000000	10.781420	11.499171	2999
0.250000	0.250000	0.078253	0.073790	0.244710	0.027437	10.000000	11.611475	10.500253	10.000000	10.664556	11.500553	2999
0.250000	0.250000	0.067577	0.083537	0.242123	0.029863	10.000000	11.297702	10.500396	10.000000	10.702389	11.500253	2999
0.250000	0.250000	0.068283	0.081520	0.241890	0.029573	10.000000	11.084654	10.500581	10.000000	10.725538	11.499665	2999
0.250000	0.250000	0.063053	0.089953	0.242500	0.031753	10.000000	11.100086	10.500391	10.000000	10.772617	11.500417	2999
0.250000	0.250000	0.060380	0.090183	0.241513	0.031573	10.000000	11.158043	10.500004	10.000000	10.750809	11.500071	2999
0.250000	0.250000	0.055693	0.097183	0.242090	0.033600	10.000000	11.230504	10.500254	10.000000	10.768454	11.500609	2999
0.250000	0.250000	0.072203	0.077130	0.241943	0.028293	10.000000	11.048805	10.500270	10.000000	10.710251	11.500305	2999
0.250000	0.250000	0.069373	0.078743	0.241700	0.028603	10.000000	11.179141	10.500379	10.000000	10.702183	11.499852	2999
0.250000	0.250000	0.071547	0.076837	0.241530	0.028213	10.000000	11.047835	10.499902	10.000000	10.712209	11.500217	2999
0.250000	0.250000	0.071780	0.078773	0.243333	0.028727	10.000000	11.374796	10.500129	10.000000	10.686705	11.500307	2999
0.250000	0.250000	0.072217	0.076783	0.241770	0.028387	10.000000	11.160926	10.500006	10.000000	10.692847	11.499270	2999
0.250000	0.250000	0.065240	0.086247	0.242493	0.030930	10.000000	11.308568	10.499864	10.000000	10.719409	11.499986	2999
0.250000	0.250000	0.065140	0.085850	0.241833	0.030510	10.000000	11.210171	10.500452	10.000000	10.726138	11.499528	2999
0.250000	0.250000	0.062107	0.089000	0.241507	0.031397	10.000000	11.025993	10.500500	10.000000	10.761098	11.499708	2999
0.250000	0.250000	0.054497	0.101333	0.243350	0.034553	10.000000	11.049279	10.500601	10.000000	10.816420	11.500018	2999
0.250000	0.250000	0.056283	0.101957	0.244823	0.034643	10.000000	11.540759	10.499732	10.000000	10.754095	11.500325	2999
0.250000	0.250000	0.077667	0.072213	0.243907	0.027193	10.000000	11.420827	10.499553	10.000000	10.676230	11.499782	2999
0.250000	0.250000	0.062163	0.088390	0.241200	0.030913	10.000000	11.063046	10.499555	10.000000	10.760160	11.500094	2999
0.250000	0.250000	0.057653	0.095650	0.242517	0.033373	10.000000	11.466328	10.500049	10.000000	10.749993	11.500160	2999
0.250000	0.250000	0.069000	0.081613	0.243060	0.029410	10.000000	11.242925	10.500261	10.000000	10.703931	11.500390	2999
0.250000	0.250000	0.052917	0.103490	0.244020	0.034660	10.000000	11.014292	10.499242	10.000000	10.820691	11.499691	2999
0.250000	0.250000	0.054597	0.098780	0.242483	0.033707	10.000000	11.201278	10.500402	10.000000	10.777317	11.499052	2999
0.250000	0.250000	0.067010	0.082147	0.241447	0.029900	10.000000	11.129928	10.499806	10.000000	10.720374	11.499525	2999
0.250000	0.250000	0.066167	0.082637	0.241133	0.029560	10.000000	11.156047	10.499428	10.000000	10.727285	11.499719	2999
0.250000	0.250000	0.070627	0.081497	0.243463	0.029997	10.000000	11.355092	10.499923	10.000000	10.693620	11.499789	2999
0.250000	0.250000	0.078847	0.072783	0.244747	0.027547	10.000000	11.355056	10.500432	10.000000	10.657959	11.500096	2999
0.250000	0.250000	0.056010	0.097957	0.242543	0.033250	10.000000	11.124907	10.499378	10.000000	10.781071	11.499357	2999
0.250000	0.250000	0.074827	0.073567	0.242660	0.027673	10.000000	11.157945	10.500382	10.000000	10.684701	11.500766	2999
0.250000	0.250000	0.063640	0.085907	0.241520	0.030397	10.000000	11.169475	10.499694	10.000000	10.734902	11.500023	2999
0.250000	0.250000	0.057520	0.096270	0.243277	0.032800	10.000000	10.995689	10.499061	10.000000	10.806871	11.500106	2999
0.250000	0.250000	0.063110	0.086347	0.241080	0.030407	10.000000	11.012806	10.499546	10.000000	10.765083	11.500077	2999
0.250000	0.250000	0.065800	0.085070	0.242237	0.030837	10.000000	11.240082	10.500511	10.000000	10.727277	11.499891	2999
0.250000	0.250000	0.059947	0.089727	0.240423	0.031600	10.000000	11.088757	10.499733	10.000000	10.762145	11.499584	2999
0.250000	0.250000	0.058160	0.092730	0.241570	0.032387	10.000000	11.118863	10.500405	10.000000	10.766585	11.499833	2999
0.250000	0.250000	0.048887	0.108127	0.242933	0.036077	10.000000	11.077376	10.500450	10.000000	10.834696	11.499450	2999
0.250000	0.250000	0.059443	0.091230	0.241150	0.031453	10.000000	11.253042	10.498806	10.000000	10.742230	11.499917	2999
0.250000	0.250000	0.066083	0.081470	0.240127	0.028957	10.000000	11.054589	10.500447	10.000000	10.731921	11.500708	2999
0.250000	0.250000	0.056377	0.095613	0.241623	0.033290	10.000000	11.037851	10.500249	10.000000	10.792278	11.500341	2999
0.250000	0.250000	0.060423	0.094327	0.243667	0.033213	10.000000	10.979022	10.499927	10.000000	10.799753	11.500157	2999
0.250000	0.250000	0.064973	0.085933	0.242523	0.030960	10.000000	11.273447	10.499615	10.000000	10.720277	11.499658	2999
0.250000	0.250000	0.058757	0.097103	0.243693	0.033550	10.000000	10.928187	10.500240	10.000000	10.820105	11.500118	2999
0.250000	0.250000	0.056010	0.097767	0.242413	0.033740	10.000000	11.280175	10.501331	10.000000	10.764896	11.500089	2999
0.250000	0.250000	0.065150	0.085050	0.241670	0.030133	10.000000	11.160216	10.500316	10.000000	10.735050	11.499417	2999
0.250000	0.250000	0.059773	0.089573	0.240753	0.031413	10.000000	11.118935	10.499797	10.000000	10.753013	11.500855	2999
0.250000	0.250000	0.053593	0.105703	0.245007	0.036077	10.000000	10.996811	10.500166	10.000000	10.842280	11.499843	2999
0.250000	0.250000	0.053230	0.102800	0.244240	0.034183	10.000000	11.011986	10.500222	10.000000	10.825941	11.500586	2999
0.250000	0.250000	0.070417	0.079320	0.242340	0.029133	10.000000	10.968207	10.499940	10.000000	10.739193	11.500049	2999
0.250000	0.250000	0.070003	0.082827	0.243720	0.030457	10.000000	11.413687	10.499543	10.000000	10.692780	11.500322	2999
0.250000	0.250000	0.066213	0.085050	0.243427	0.030467	10.000000	11.282497	10.499535	10.000000	10.720152	11.499019	2999
0.250000	0.250000	0.056040	0.100333	0.243230	0.034280	10.000000	11.040893	10.500274	10.000000	10.816231	11.499211	2999
0.250000	0.250000	0.062097	0.089223	0.242253	0.031217	10.000000	11.094349	10.499864	10.000000	10.760590	11.500308	2999
0.250000	0.250000	0.066577	0.083990	0.241510	0.030647	10.000000	11.524841	10.498943	10.000000	10.715248	11.500486	2999
0.250000	0.250000	0.067907	0.084513	0.242990	0.030283	10.000000	11.533015	10.499746	10.000000	10.704517	11.499629	2999
0.250000	0.250000	0.057677	0.092803	0.240643	0.032203	10.000000	11.092860	10.499805	10.000000	10.771081	11.499716	2999
0.250000	0.250000	0.058207	0.092160	0.241080	0.031853	10.000000	11.183061	10.501078	10.000000	10.753882	11.499879	2999
0.250000	0.250000	0.078013	0.072150	0.244587	0.027110	10.000000	11.212286	10.499930	10.000000	10.664955	11.499830	2999
0.250000	0.250000	0.056290	0.099480	0.243407	0.034097	10.000000	11.005132	10.500201	10.000000	10.814775	11.500246	2999
0.250000	0.250000	0.059990	0.093980	0.242810	0.033163	10.000000	11.271900	10.500518	10.000000	10.755603	11.499740	2999
0.250000	0.250000	0.074447	0.075910	0.243283	0.028690	10.000000	11.361398	10.499816	10.000000	10.679465	11.500283	2999
0.250000	0.250000	0.054780	0.098290	0.241980	0.033790	10.000000	11.225369	10.499754	10.000000	10.772125	11.500309	2999
0.250000	0.250000	0.062530	0.087840	0.241120	0.030850	10.000000	11.216551	10.500224	10.000000	10.738033	11.500066	2999
0.250000	0.250000	0.051787	0.102763	0.242407	0.034637	10.000000	11.103761	10.499621	10.000000	10.807788	11.500428	2999
0.250000	0.250000	0.063330	0.090737	0.243717	0.032307	10.000000	11.592283	10.499292	10.000000	10.725260	11.500452	2999
0.250000	0.250000	0.056513	0.096673	0.242267	0.033030	10.000000	11.178820	10.499847	10.000000	10.769060	11.499880	2999
0.250000	0.250000	0.053760	0.100070	0.241700	0.034687	10.000000	11.141848	10.500124	10.000000	10.792417	11.499627	2999
0.250000	0.250000	0.071667	0.077943	0.242047	0.028677	10.000000	11.112486	10.499934	10.000000	10.710925	11.500049	2999
0.250000	0.250000	0.057577	0.094407	0.241357	0.032510	10.000000	11.258790	10.500035	10.000000	10.754649	11.500291	2999
0.250000	0.250000	0.060980	0.089963	0.240997	0.031817	10.000000	11.000241	10.500271	10.000000	10.775839	11.500172	2999
0.250000	0.250000	0.057570	0.097877	0.243433	0.033950	10.000000	11.035075	10.500521	10.000000	10.804744	11.499400	2999
0.250000	0.250000	0.055700	0.097923	0.242233	0.033373	10.000000	11.149389	10.500259	10.000000	10.777881	11.500017	2999
0.250000	0.250000	0.068940	0.082243	0.243693	0.029873	10.000000	11.221424	10.499718	10.000000	10.703050	11.499671	2999
0.250000	0.250000	0.045117	0.121020	0.248867	0.039250	10.000000	11.120899	10.499663	10.000000	10.859910	11.499843	2999
0.250000	0.250000	0.067467	0.081927	0.241350	0.029813	10.000000	11.296038	10.499688	10.000000	10.708056	11.500141	2999
0.250000	0.250000	0.055277	0.099293	0.242320	0.034080	10.000000	11.182338	10.500389	10.000000	10.779576	11.500823	2999
0.250000	0.250000	0.094513	0.113043	0.273883	0.045550	10.000000	10.804274	11.000216	10.000000	10.693745	11.000446	2999
0.250000	0.250000	0.087750	0.121877	0.273510	0.047477	10.000000	10.823687	10.999765	10.000000	10.716394	11.000504	2999
0.250000	0.250000	0.084380	0.125243	0.272500	0.048263	10.000000	10.720096	10.999427	10.000000	10.838545	10.999430	2999
0.250000	0.250000	0.084583	0.127030	0.274203	0.048993	10.000000	10.723970	10.999665	10.000000	10.836971	11.000790	2999
0.250000	0.250000	0.083697	0.130950	0.276020	0.050467	10.000000	10.694470	11.000217	10.000000	10.899518	10.999797	2999
0.250000	0.250000	0.099413	0.111943	0.275727	0.045910	10.000000	10.847049	11.000140	10.000000	10.653261	10.999832	2999
0.250000	0.250000	0.084187	0.124310	0.272100	0.048427	10.000000	10.765527	10.999120	10.000000	10.780478	11.000054	2999
0.250000	0.250000	0.082883	0.125640	0.272283	0.048380	10.000000	10.799383	10.999938	10.000000	10.756824	10.999616	2999
0.250000	0.250000	0.085583	0.121397	0.271253	0.047663	10.000000	10.752784	11.000057	10.000000	10.788716	11.000719	2999
0.250000	0.250000	0.082107	0.128593	0.272697	0.048943	10.000000	10.742887	11.000020	10.000000	10.825180	10.999653	2999
0.250000	0.250000	0.079653	0.133230	0.274070	0.050390	10.000000	10.763520	10.999618	10.000000	10.822735	10.999554	2999
0.250000	0.250000	0.096427	0.117847	0.277240	0.048160	10.000000	10.879880	11.000054	10.000000	10.651270	10.999985	2999
0.250000	0.250000	0.099327	0.118440	0.279007	0.048527	10.000000	10.630976	10.999966	10.000000	10.916378	11.000157	2999
0.250000	0.250000	0.096737	0.110310	0.273897	0.044530	10.000000	10.709358	10.999228	10.000000	10.775067	11.000869	2999
0.250000	0.250000	0.103433	0.105163	0.275630	0.043363	10.000000	10.677177	10.999806	10.000000	10.782332	11.000784	2999
0.250000	0.250000	0.067523	0.152303	0.276603	0.055127	10.000000	10.893252	11.000259	10.000000	10.778024	10.999933	2999
0.250000	0.250000	0.078187	0.132663	0.272483	0.050100	10.000000	10.811956	10.999820	10.000000	10.772646	11.000072	2999
0.250000	0.250000	0.073017	0.141560	0.274377	0.052877	10.000000	10.831687	10.999496	10.000000	10.789920	11.000226	2999
0.250000	0.250000	0.096467	0.110820	0.273570	0.044847	10.000000	10.750428	11.000832	10.000000	10.731851	10.999626	2999
0.250000	0.250000	0.087490	0.124537	0.275113	0.048387	10.000000	10.844761	11.000162	10.000000	10.706879	10.999989	2999
0.250000	0.250000	0.072393	0.142063	0.275040	0.052397	10.000000	10.796491	11.000294	10.000000	10.826799	11.000316	2999
0.250000	0.250000	0.083943	0.125177	0.273367	0.048400	10.000000	10.799501	10.999724	10.000000	10.753742	11.000082	2999
0.250000	0.250000	0.080960	0.128043	0.272090	0.049180	10.000000	10.741481	10.999792	10.000000	10.829574	10.999221	2999
0.250000	0.250000	0.090913	0.120920	0.274977	0.048283	10.000000	10.683014	11.000254	10.000000	10.856531	11.000148	2999
0.250000	0.250000	0.081877	0.132207	0.274417	0.050923	10.000000	10.714282	10.999736	10.000000	10.873255	10.999553	2999
0.250000	0.250000	0.081920	0.125987	0.271973	0.048480	10.000000	10.781438	10.999775	10.000000	10.773593	10.999353	2999
0.250000	0.250000	0.074027	0.138550	0.273523	0.051463	10.000000	10.855547	11.000287	10.000000	10.763795	11.000249	2999
0.250000	0.250000	0.088197	0.118370	0.272233	0.046860	10.000000	10.751869	11.000145	10.000000	10.768556	11.000340	2999
0.250000	0.250000	0.083277	0.126470	0.272847	0.049193	10.000000	10.803227	11.000631	10.000000	10.756052	11.000884	2999
0.250000	0.250000	0.095360	0.114147	0.274043	0.046130	10.000000	10.682547	11.000163	10.000000	10.825057	11.000327	2999
0.250000	0.250000	0.094373	0.112297	0.273110	0.045643	10.000000	10.763460	11.000529	10.000000	10.725901	11.000282	2999
0.250000	0.250000	0.091687	0.118053	0.274050	0.046753	10.000000	10.714281	10.999745	10.000000	10.802997	11.000050	2999
0.250000	0.250000	0.098280	0.110993	0.275043	0.044803	10.000000	10.788507	11.000105	10.000000	10.696422	10.999521	2999
0.250000	0.250000	0.091423	0.115667	0.272407	0.045913	10.000000	10.732462	10.999772	10.000000	10.777818	11.000639	2999
0.250000	0.250000	0.101440	0.107887	0.275687	0.044590	10.000000	10.823370	11.000043	10.000000	10.655491	11.000247	2999
0.250000	0.250000	0.074657	0.137740	0.273733	0.051620	10.000000	10.788247	10.999409	10.000000	10.819195	10.999691	2999
0.250000	0.250000	0.080147	0.130803	0.273527	0.049700	10.000000	10.796508	10.999856	10.000000	10.783943	10.999723	2999
0.250000	0.250000	0.092153	0.115457	0.272727	0.046680	10.000000	10.713293	11.000030	10.000000	10.793617	10.999786	2999
0.250000	0.250000	0.084820	0.126277	0.273213	0.048417	10.000000	10.820897	10.999790	10.000000	10.735122	11.000268	2999
0.250000	0.250000	0.083430	0.125860	0.272660	0.048393	10.000000	10.749572	10.999308	10.000000	10.806276	10.999760	2999
0.250000	0.250000	0.074130	0.139940	0.274460	0.051787	10.000000	10.755228	10.999612	10.000000	10.865596	10.999549	2999
0.250000	0.250000	0.086237	0.121533	0.272550	0.047223	10.000000	10.804954	10.999749	10.000000	10.735710	10.999676	2999
0.250000	0.250000	0.098117	0.114830	0.277813	0.046517	10.000000	10.762512	11.000317	10.000000	10.734907	10.999538	2999
0.250000	0.250000	0.075613	0.136087	0.273670	0.050437	10.000000	10.785267	10.998938	10.000000	10.820588	10.999920	2999
0.250000	0.250000	0.087713	0.119090	0.272333	0.047307	10.000000	10.811601	11.000418	10.000000	10.717517	10.999861	2999
0.250000	0.250000	0.077707	0.134283	0.273167	0.050980	10.000000	10.760900	11.000065	10.000000	10.828405	10.999393	2999
0.250000	0.250000	0.084843	0.125543	0.273747	0.049220	10.000000	10.832879	10.999682	10.000000	10.721492	11.000051	2999
0.250000	0.250000	0.078047	0.132277	0.272997	0.049840	10.000000	10.821422	10.999925	10.000000	10.765834	10.999991	2999
0.250000	0.250000	0.079813	0.133453	0.274073	0.050517	10.000000	10.866431	11.000331	10.000000	10.724881	11.000369	2999
0.250000	0.250000	0.089467	0.117583	0.272563	0.046483	10.000000	10.727967	10.999977	10.000000	10.787119	10.999349	2999
0.250000	0.250000	0.089943	0.119677	0.273853	0.047570	10.000000	10.717374	10.999872	10.000000	10.809689	11.000091	2999
0.250000	0.250000	0.097337	0.110803	0.274237	0.045267	10.000000	10.796770	10.999214	10.000000	10.686183	10.999497	2999
0.250000	0.250000	0.084687	0.123253	0.272200	0.047667	10.000000	10.790941	11.000487	10.000000	10.754138	10.999777	2999
0.250000	0.250000	0.088140	0.121820	0.273300	0.047677	10.000000	10.710149	11.000148	10.000000	10.829647	10.999716	2999
0.250000	0.250000	0.085770	0.121933	0.272047	0.047910	10.000000	10.773279	11.000424	10.000000	10.766392	11.000152	2999
0.250000	0.250000	0.086460	0.120550	0.271700	0.047753	10.000000	10.767068	11.000096	10.000000	10.764228	11.000017	2999
0.250000	0.250000	0.089650	0.119190	0.273693	0.046683	10.000000	10.819494	10.999775	10.000000	10.712278	10.999852	2999
0.250000	0.250000	0.076713	0.135660	0.272803	0.050903	10.000000	10.807973	10.999522	10.000000	10.788208	11.000443	2999
0.250000	0.250000	0.080447	0.130590	0.273587	0.050383	10.000000	10.752853	11.000050	10.000000	10.822005	11.000387	2999
0.250000	0.250000	0.077320	0.134047	0.273500	0.050253	10.000000	10.824282	11.000227	10.000000	10.770239	11.000521	2999
0.250000	0.250000	0.099363	0.109340	0.274217	0.045367	10.000000	10.659663	10.999873	10.000000	10.826661	10.999568	2999
0.250000	0.250000	0.082727	0.129607	0.273817	0.049863	10.000000	10.867046	11.000344	10.000000	10.710833	10.999459	2999
0.250000	0.250000	0.090630	0.118407	0.273487	0.047277	10.000000	10.707762	10.999896	10.000000	10.813634	10.999984	2999
0.250000	0.250000	0.102390	0.105230	0.274933	0.044027	10.000000	10.704758	11.000438	10.000000	10.750261	11.000156	2999
0.250000	0.250000	0.085770	0.123580	0.273533	0.048120	10.000000	10.721679	10.999307	10.000000	10.827998	11.000621	2999
0.250000	0.250000	0.107503	0.100523	0.276153	0.041837	10.000000	10.757293	10.999878	10.000000	10.674538	10.999629	2999
0.250000	0.250000	0.076037	0.135520	0.272510	0.050970	10.000000	10.824825	10.999943	10.000000	10.775674	11.000437	2999
0.250000	0.250000	0.083407	0.129230	0.274467	0.050067	10.000000	10.874237	10.999888	10.000000	10.707703	11.000496	2999
0.250000	0.250000	0.086460	0.123263	0.273807	0.048150	10.000000	10.802649	11.000004	10.000000	10.738849	10.999756	2999
0.250000	0.250000	0.074400	0.138953	0.273590	0.051780	10.000000	10.765958	10.999622	10.000000	10.847903	11.000568	2999
0.250000	0.250000	0.087930	0.119750	0.271687	0.046500	10.000000	10.731967	11.000554	10.000000	10.795013	11.000297	2999
0.250000	0.250000	0.068317	0.150493	0.276200	0.054160	10.000000	10.813272	10.999748	10.000000	10.843310	11.000338	2999
0.250000	0.250000	0.097983	0.107750	0.273763	0.043917	10.000000	10.728134	10.999947	10.000000	10.744637	11.000071	2999
0.250000	0.250000	0.090983	0.115933	0.272723	0.046107	10.000000	10.721413	10.999474	10.000000	10.786252	10.999772	2999
0.250000	0.250000	0.107073	0.101047	0.276373	0.042217	10.000000	10.681291	10.999908	10.000000	10.755674	11.000630	2999
0.250000	0.250000	0.074837	0.138097	0.273727	0.051250	10.000000	10.847794	11.000576	10.000000	10.761987	10.998926	2999
0.250000	0.250000	0.093620	0.114620	0.273613	0.045920	10.000000	10.792225	10.999080	10.000000	10.709328	10.999675	2999
0.250000	0.250000	0.081740	0.126670	0.272477	0.048447	10.000000	10.759510	10.999672	10.000000	10.799658	11.000118	2999
0.250000	0.250000	0.079320	0.130553	0.273230	0.049530	10.000000	10.773851	10.999947	10.000000	10.802428	10.999511	2999
0.250000	0.250000	0.106373	0.101687	0.275810	0.042347	10.000000	10.686918	11.000084	10.000000	10.753072	10.999968	2999
0.250000	0.250000	0.091707	0.120877	0.275557	0.047600	10.000000	10.677303	11.000081	10.000000	10.860335	10.999260	2999
0.250000	0.250000	0.076713	0.135043	0.272347	0.051537	10.000000	10.764528	11.000180	10.000000	10.834141	10.999756	2999
0.250000	0.250000	0.072080	0.142117	0.273497	0.052503	10.000000	10.803626	10.999835	10.000000	10.821425	10.999526	2999
0.250000	0.250000	0.092627	0.113283	0.272437	0.044940	10.000000	10.755737	11.000312	10.000000	10.744758	11.000203	2999
0.250000	0.250000	0.075020	0.139930	0.275297	0.051687	10.000000	10.838493	10.999619	10.000000	10.777496	10.999558	2999
0.250000	0.250000	0.087180	0.128287	0.275680	0.050417	10.000000	10.898009	10.999854	10.000000	10.681392	10.999888	2999
0.250000	0.250000	0.084020	0.124360	0.273000	0.048567	10.000000	10.759439	10.999494	10.000000	10.787856	11.000497	2999
0.250000	0.250000	0.086530	0.125640	0.274743	0.048933	10.000000	10.855516	11.000068	10.000000	10.702451	11.000062	2999
0.250000	0.250000	0.092923	0.115147	0.273320	0.045860	10.000000	10.813019	11.000334	10.000000	10.696934	11.000189	2999
0.250000	0.250000	0.098097	0.112363	0.275010	0.046060	10.000000	10.848591	11.000810	10.000000	10.658809	11.000549	2999
0.250000	0.250000	0.080937	0.131930	0.274527	0.049700	10.000000	10.814492	11.000237	10.000000	10.763657	10.999552	2999
0.250000	0.250000	0.093500	0.115587	0.274053	0.045817	10.000000	10.828773	11.000435	10.000000	10.686974	10.999435	2999
0.250000	0.250000	0.100150	0.106340	0.274280	0.043780	10.000000	10.721859	10.999840	10.000000	10.737253	10.999362	2999
0.250000	0.250000	0.090063	0.117580	0.273243	0.046360	10.000000	10.770706	11.000413	10.000000	10.748490	11.000153	2999
0.250000	0.250000	0.074310	0.138027	0.273290	0.051527	10.000000	10.811964	11.000419	10.000000	10.801531	10.999959	2999
0.250000	0.250000	0.093163	0.121290	0.277800	0.048750	10.000000	10.665325	11.000528	10.000000	10.885898	11.000550	2999
0.250000	0.250000	0.086907	0.120130	0.272513	0.047377	10.000000	10.748606	11.000272	10.000000	10.781114	10.999671	2999
0.250000	0.250000	0.104443	0.104483	0.276427	0.043780	10.000000	10.666960	10.999429	10.000000	10.791793	10.999928	2999
0.250000	0.250000	0.086683	0.122763	0.273817	0.048560	10.000000	10.805703	11.000031	10.000000	10.735302	10.999594	2999
0.250000	0.250000	0.097040	0.113973	0.275053	0.046387	10.000000	10.851558	10.998858	10.000000	10.659265	10.999649	2999
0.250000	0.250000	0.076317	0.072437	0.242700	0.027227	10.000000	10.670858	11.500060	10.000000	11.214736	10.500243	2999
0.250000	0.250000	0.056637	0.096900	0.242667	0.033223	10.000000	10.774422	11.500229	10.000000	11.397137	10.500812	2999
0.250000	0.250000	0.054563	0.098977	0.240943	0.033073	10.000000	10.777768	11.500371	10.000000	11.235534	10.500136	2999
0.250000	0.250000	0.058133	0.093280	0.241850	0.032043	10.000000	10.751069	11.500048	10.000000	11.233625	10.500104	2999
0.250000	0.250000	0.054377	0.099370	0.241767	0.034043	10.000000	10.783643	11.499276	10.000000	11.138635	10.499179	2999
0.250000	0.250000	0.058970	0.092397	0.242023	0.031777	10.000000	10.759742	11.499839	10.000000	11.160815	10.500272	2999
0.250000	0.250000	0.067300	0.086007	0.244143	0.030770	10.000000	10.718986	11.500298	10.000000	11.348177	10.500022	2999
0.250000	0.250000	0.061827	0.088400	0.241523	0.031620	10.000000	10.734436	11.499140	10.000000	11.197475	10.499731	2999
0.250000	0.250000	0.063227	0.086287	0.241610	0.031033	10.000000	10.730241	11.500713	10.000000	11.212230	10.499982	2999
0.250000	0.250000	0.069787	0.085967	0.245300	0.031433	10.000000	10.690025	11.500614	10.000000	11.963938	10.499871	2999
0.250000	0.250000	0.064120	0.084890	0.241157	0.029883	10.000000	10.729833	11.500258	10.000000	11.158972	10.500163	2999
0.250000	0.250000	0.062460	0.086867	0.241390	0.031027	10.000000	10.758568	11.500651	10.000000	11.044729	10.499680	2999
0.250000	0.250000	0.055310	0.100380	0.243857	0.033673	10.000000	10.807799	11.499774	10.000000	11.041334	10.499337	2999
0.250000	0.250000	0.066147	0.083030	0.241703	0.029620	10.000000	10.750950	11.500078	10.000000	11.026205	10.501387	2999
0.250000	0.250000	0.069403	0.082030	0.243407	0.029773	10.000000	10.699818	11.500485	10.000000	11.443517	10.499427	2999
0.250000	0.250000	0.057107	0.095410	0.241577	0.032993	10.000000	10.792536	11.500411	10.000000	11.035306	10.499831	2999
0.250000	0.250000	0.063603	0.085137	0.240613	0.030320	10.000000	10.745697	11.500163	10.000000	11.064921	10.499128	2999
0.250000	0.250000	0.077797	0.072073	0.242790	0.027447	10.000000	10.683428	11.500485	10.000000	11.137714	10.499909	2999
0.250000	0.250000	0.049390	0.114017	0.246507	0.037707	10.000000	10.803155	11.500119	10.000000	11.578346	10.499781	2999
0.250000	0.250000	0.056737	0.095770	0.241563	0.032777	10.000000	10.774579	11.499524	10.000000	11.155880	10.499972	2999
0.250000	0.250000	0.069887	0.078440	0.242053	0.028637	10.000000	10.723860	11.499794	10.000000	11.078124	10.499731	2999
0.250000	0.250000	0.062697	0.086283	0.240680	0.031040	10.000000	10.740680	11.500742	10.000000	11.148633	10.500347	2999
0.250000	0.250000	0.057590	0.094037	0.241047	0.032773	10.000000	10.765511	11.499751	10.000000	11.114692	10.499847	2999
0.250000	0.250000	0.062580	0.086383	0.240367	0.030687	10.000000	10.762700	11.500745	10.000000	11.030329	10.499856	2999
0.250000	0.250000	0.057433	0.096693	0.243293	0.033257	10.000000	10.797969	11.499759	10.000000	11.059422	10.500438	2999
0.250000	0.250000	0.071250	0.078603	0.242323	0.028743	10.000000	10.693237	11.499542	10.000000	11.290213	10.500094	2999
0.250000	0.250000	0.061067	0.090533	0.242157	0.031717	10.000000	10.776705	11.499460	10.000000	11.020486	10.500221	2999
0.250000	0.250000	0.063710	0.086407	0.241603	0.030830	10.000000	10.752824	11.499567	10.000000	11.084797	10.500431	2999
0.250000	0.250000	0.064990	0.087560	0.243007	0.031010	10.000000	10.726959	11.500239	10.000000	11.210737	10.500797	2999
0.250000	0.250000	0.066353	0.083210	0.241970	0.030040	10.000000	10.731090	11.500030	10.000000	11.080954	10.499775	2999
0.250000	0.250000	0.068840	0.079337	0.241317	0.028987	10.000000	10.731883	11.499866	10.000000	11.041255	10.500276	2999
0.250000	0.250000	0.066837	0.080653	0.240807	0.028707	10.000000	10.719078	11.499915	10.000000	11.124883	10.499518	2999
0.250000	0.250000	0.054333	0.101123	0.242857	0.034347	10.000000	10.770024	11.500398	10.000000	11.291479	10.499880	2999
0.250000	0.250000	0.067627	0.086900	0.244220	0.031740	10.000000	10.793893	11.500048	10.000000	10.902529	10.499169	2999
0.250000	0.250000	0.054250	0.100450	0.242263	0.034403	10.000000	10.796640	11.500323	10.000000	11.139581	10.499732	2999
0.250000	0.250000	0.076227	0.075630	0.245023	0.027770	10.000000	10.668968	11.500216	10.000000	11.628413	10.500213	2999
0.250000	0.250000	0.056490	0.096817	0.242180	0.033180	10.000000	10.758819	11.499820	10.000000	11.245040	10.500379	2999
0.250000	0.250000	0.056573	0.098513	0.242470	0.033773	10.000000	10.794988	11.500370	10.000000	11.049797	10.500448	2999
0.250000	0.250000	0.067083	0.082880	0.242233	0.029900	10.000000	10.763073	11.499570	10.000000	10.926654	10.499475	2999
0.250000	0.250000	0.072353	0.075337	0.242060	0.028210	10.000000	10.709166	11.500360	10.000000	11.048634	10.500307	2999
0.250000	0.250000	0.068820	0.082750	0.242617	0.030043	10.000000	10.739301	11.499513	10.000000	11.077456	10.499514	2999
0.250000	0.250000	0.061660	0.088013	0.241227	0.031143	10.000000	10.761301	11.500130	10.000000	11.056743	10.500624	2999
0.250000	0.250000	0.057940	0.092663	0.240820	0.032063	10.000000	10.757632	11.500028	10.000000	11.244253	10.500184	2999
0.250000	0.250000	0.066910	0.082063	0.241310	0.029520	10.000000	10.713466	11.499783	10.000000	11.271280	10.500117	2999
0.250000	0.250000	0.072333	0.076290	0.241893	0.028030	10.000000	10.689982	11.500372	10.000000	11.304506	10.500052	2999
0.250000	0.250000	0.058000	0.095650	0.242143	0.033127	10.000000	10.794479	11.499648	10.000000	11.020054	10.499744	2999
0.250000	0.250000	0.056500	0.096443	0.242250	0.033150	10.000000	10.775633	11.500280	10.000000	11.132052	10.499367	2999
0.250000	0.250000	0.059947	0.092357	0.242010	0.032987	10.000000	10.784711	11.500326	10.000000	11.010946	10.499977	2999
0.250000	0.250000	0.050453	0.110463	0.245613	0.037000	10.000000	10.847115	11.500099	10.000000	11.025717	10.499534	2999
0.250000	0.250000	0.070983	0.082200	0.244200	0.030097	10.000000	10.691735	11.500269	10.000000	11.947391	10.499590	2999
0.250000	0.250000	0.053267	0.102550	0.243520	0.034677	10.000000	10.825501	11.500143	10.000000	10.991321	10.500401	2999
0.250000	0.250000	0.062590	0.090600	0.242637	0.032483	10.000000	10.801493	11.500033	10.000000	10.909584	10.500857	2999
0.250000	0.250000	0.058887	0.092483	0.241693	0.032313	10.000000	10.768511	11.499535	10.000000	11.104915	10.500341	2999
0.250000	0.250000	0.067263	0.083723	0.242300	0.030767	10.000000	10.710759	11.499893	10.000000	11.225216	10.499881	2999
0.250000	0.250000	0.054520	0.101180	0.243263	0.034957	10.000000	10.780009	11.500274	10.000000	11.237447	10.499407	2999
0.250000	0.250000	0.073333	0.076807	0.243570	0.028533	10.000000	10.686732	11.500371	10.000000	11.256614	10.499804	2999
0.250000	0.250000	0.061653	0.088433	0.241053	0.031403	10.000000	10.743053	11.499648	10.000000	11.176736	10.499709	2999
0.250000	0.250000	0.064007	0.085780	0.241083	0.030627	10.000000	10.728842	11.500042	10.000000	11.180952	10.500412	2999
0.250000	0.250000	0.075210	0.074177	0.242507	0.027557	10.000000	10.682850	11.499396	10.000000	11.180949	10.500163	2999
0.250000	0.250000	0.054113	0.099487	0.242107	0.034413	10.000000	10.779808	11.500430	10.000000	11.200986	10.500429	2999
0.250000	0.250000	0.067413	0.082587	0.242040	0.030120	10.000000	10.707034	11.500389	10.000000	11.436652	10.500660	2999
0.250000	0.250000	0.067670	0.080513	0.241093	0.029080	10.000000	10.710793	11.499525	10.000000	11.175534	10.499353	2999
0.250000	0.250000	0.058190	0.092693	0.242290	0.032500	10.000000	10.753052	11.499584	10.000000	11.211577	10.499653	2999
0.250000	0.250000	0.065433	0.086553	0.242550	0.031130	10.000000	10.709742	11.500566	10.000000	11.479620	10.500181	2999
0.250000	0.250000	0.069770	0.079337	0.242213	0.028960	10.000000	10.699607	11.500608	10.000000	11.264574	10.499257	2999
0.250000	0.250000	0.054167	0.101127	0.243517	0.034487	10.000000	10.813261	11.500069	10.000000	11.055425	10.500846	2999
0.250000	0.250000	0.064563	0.087813	0.242840	0.030930	10.000000	10.713661	11.499195	10.000000	11.377780	10.499354	2999
0.250000	0.250000	0.071450	0.077157	0.241613	0.028440	10.000000	10.708186	11.499600	10.000000	11.083210	10.500783	2999
0.250000	0.250000	0.056480	0.096463	0.242260	0.033310	10.000000	10.785916	11.500140	10.000000	11.135096	10.499655	2999
0.250000	0.250000	0.064890	0.085900	0.242060	0.030683	10.000000	10.743790	11.499327	10.000000	11.050749	10.499986	2999
0.250000	0.250000	0.069840	0.078850	0.240840	0.028673	10.000000	10.708630	11.500821	10.000000	11.129664	10.499955	2999
0.250000	0.250000	0.059373	0.091913	0.241503	0.032280	10.000000	10.763169	11.499404	10.000000	11.164723	10.499141	2999
0.250000	0.250000	0.069707	0.078657	0.242220	0.028593	10.000000	10.732782	11.500171	10.000000	11.032365	10.499758	2999
0.250000	0.250000	0.049007	0.118180	0.248990	0.039720	10.000000	10.870484	11.499910	10.000000	11.069969	10.499359	2999
0.250000	0.250000	0.079853	0.071673	0.244407	0.026977	10.000000	10.668791	11.499720	10.000000	11.466645	10.501258	2999
0.250000	0.250000	0.061093	0.090310	0.241840	0.031907	10.000000	10.757425	11.500021	10.000000	11.216732	10.500031	2999
0.250000	0.250000	0.059593	0.092217	0.241890	0.032237	10.000000	10.743324	11.500023	10.000000	11.306512	10.499284	2999
0.250000	0.250000	0.068133	0.082943	0.243133	0.030293	10.000000	10.722172	11.499882	10.000000	11.181420	10.499673	2999
0.250000	0.250000	0.062387	0.093107	0.244077	0.032370	10.000000	10.793903	11.499414	10.000000	10.999999	10.500054	2999
0.250000	0.250000	0.049757	0.110873	0.245470	0.036673	10.000000	10.799155	11.499954	10.000000	11.338848	10.500064	2999
0.250000	0.250000	0.062367	0.088033	0.241233	0.031093	10.000000	10.755349	11.500025	10.000000	11.100798	10.499932	2999
0.250000	0.250000	0.066340	0.082317	0.241370	0.029503	10.000000	10.729365	11.500098	10.000000	11.155081	10.499960	2999
0.250000	0.250000	0.059267	0.094970	0.242927	0.033220	10.000000	10.802240	11.500124	10.000000	10.980383	10.499495	2999
0.250000	0.250000	0.059923	0.093693	0.243280	0.032553	10.000000	10.740122	11.499586	10.000000	11.325100	10.499924	2999
0.250000	0.250000	0.062673	0.087100	0.241293	0.030827	10.000000	10.756945	11.500597	10.000000	11.029557	10.499902	2999
0.250000	0.250000	0.058860	0.094720	0.242753	0.032667	10.000000	10.796375	11.500200	10.000000	10.979973	10.499534	2999
0.250000	0.250000	0.053963	0.103043	0.243767	0.034977	10.000000	10.809917	11.500398	10.000000	11.056055	10.500221	2999
0.250000	0.250000	0.059427	0.090690	0.241720	0.031690	10.000000	10.774170	11.500190	10.000000	11.024418	10.499408	2999
0.250000	0.250000	0.058923	0.094450	0.242680	0.032410	10.000000	10.785529	11.500902	10.000000	11.107134	10.500035	2999
0.250000	0.250000	0.068880	0.078713	0.240807	0.029100	10.000000	10.715338	11.500962	10.000000	11.069305	10.500086	2999
0.250000	0.250000	0.065723	0.083080	0.241327	0.030063	10.000000	10.729831	11.500844	10.000000	11.162739	10.499514	2999
0.250000	0.250000	0.065267	0.084713	0.241783	0.030453	10.000000	10.744754	11.499879	10.000000	11.077007	10.500243	2999
0.250000	0.250000	0.072677	0.077523	0.242717	0.029180	10.000000	10.701096	11.500300	10.000000	11.451078	10.499663	2999
0.250000	0.250000	0.070470	0.078807	0.242190	0.028770	10.000000	10.695839	11.500867	10.000000	11.208527	10.499513	2999
0.250000	0.250000	0.047400	0.112453	0.244663	0.037653	10.000000	10.844756	11.499658	10.000000	11.060946	10.500818	2999
0.250000	0.250000	0.064187	0.084430	0.240927	0.030083	10.000000	10.734724	11.500380	10.000000	11.151183	10.500569	2999
0.250000	0.250000	0.056817	0.096990	0.243107	0.033207	10.000000	10.758751	11.499893	10.000000	11.423144	10.499463	2999
0.250000	0.250000	0.065153	0.083977	0.241043	0.029973	10.000000	10.721076	11.499455	10.000000	11.208214	10.499650	2999
0.250000	0.250000	0.052163	0.104103	0.243453	0.035053	10.000000	10.802741	11.500333	10.000000	11.210027	10.500505	2999
0.250000	0.250000	0.061090	0.088973	0.241517	0.031263	10.000000	10.750697	11.500078	10.000000	11.111740	10.500668	2999
0.250000	0.250000	0.042167	0.025613	0.196133	0.008207	10.000000	10.845508	11.999953	10.000000	12.175871	10.000021	2999
0.250000	0.250000	0.035637	0.032953	0.194850	0.010067	10.000000	10.903733	11.999482	10.000000	12.027820	9.999911	2999
0.250000	0.250000	0.035973	0.032417	0.194627	0.010103	10.000000	10.905667	12.000267	10.000000	11.528690	9.999896	2999
0.250000	0.250000	0.040537	0.027337	0.195377	0.008647	10.000000	10.857732	11.999837	10.000000	13.588640	10.000593	2999
0.250000	0.250000	0.033720	0.039193	0.197273	0.011873	10.000000	10.954977	12.000040	10.000000	11.868136	10.000232	2999
0.250000	0.250000	0.037260	0.030677	0.195213	0.009743	10.000000	10.889484	12.000323	10.000000	13.379170	9.999838	2999
0.250000	0.250000	0.033100	0.036890	0.194770	0.010940	10.000000	10.938377	11.999802	10.000000	13.153420	10.000151	2999
0.250000	0.250000	0.034510	0.032720	0.194443	0.010357	10.000000	10.913822	12.000499	10.000000	13.727515	10.000083	2999
0.250000	0.250000	0.039373	0.029420	0.195363	0.009260	10.000000	10.879665	12.000043	10.000000	12.066434	9.998637	2999
0.250000	0.250000	0.038270	0.028690	0.193490	0.009030	10.000000	10.877925	12.000890	10.000000	13.840854	9.999612	2999
0.250000	0.250000	0.042970	0.025867	0.196393	0.008417	10.000000	10.845647	12.000091	10.000000	11.616899	9.999389	2999
0.250000	0.250000	0.041067	0.027533	0.196590	0.008960	10.000000	10.862703	12.000143	10.000000	11.523421	10.000350	2999
0.250000	0.250000	0.034613	0.035087	0.195597	0.010790	10.000000	10.925253	11.999576	10.000000	13.102002	10.000385	2999
0.250000	0.250000	0.034863	0.036120	0.196500	0.010930	10.000000	10.929169	12.000053	10.000000	13.192550	9.999404	2999
0.250000	0.250000	0.031263	0.040930	0.195910	0.012197	10.000000	10.965900	11.999766	10.000000	11.597124	10.000086	2999
0.250000	0.250000	0.031297	0.040650	0.195490	0.012433	10.000000	10.963124	12.000024	10.000000	12.232033	10.000397	2999
0.250000	0.250000	0.033667	0.035730	0.195490	0.010990	10.000000	10.932678	11.999719	10.000000	11.709975	10.000754	2999
0.250000	0.250000	0.044377	0.024637	0.196517	0.007927	10.000000	10.827943	11.999789	10.000000	13.043485	10.000777	2999
0.250000	0.250000	0.033467	0.035953	0.194720	0.011007	10.000000	10.932285	12.000497	10.000000	12.141364	9.999278	2999
0.250000	0.250000	0.035903	0.031177	0.193873	0.009607	10.000000	10.899956	12.000095	10.000000	12.118572	9.999094	2999
0.250000	0.250000	0.033477	0.036937	0.195003	0.011640	10.000000	10.936924	12.000456	10.000000	12.839909	9.999764	2999
0.250000	0.250000	0.041000	0.028433	0.196623	0.009030	10.000000	10.860181	12.000764	10.000000	12.169681	10.000306	2999
0.250000	0.250000	0.031900	0.042667	0.197470	0.013093	10.000000	10.976485	11.998875	10.000000	11.650338	10.000289	2999
0.250000	0.250000	0.029623	0.045480	0.197467	0.013627	10.000000	10.996348	12.000624	10.000000	12.819453	9.999018	2999
0.250000	0.250000	0.035377	0.032473	0.194573	0.009843	10.000000	10.906277	11.999893	10.000000	12.010907	9.999526	2999
0.250000	0.250000	0.037740	0.030677	0.195213	0.009407	10.000000	10.886785	12.000418	10.000000	14.591546	10.000202	2999
0.250000	0.250000	0.037310	0.031110	0.194567	0.009780	10.000000	10.890212	12.000175	10.000000	11.678132	10.000043	2999
0.250000	0.250000	0.040870	0.026723	0.195160	0.008553	10.000000	10.855577	11.998878	10.000000	11.579095	10.000245	2999
0.250000	0.250000	0.038113	0.029603	0.194710	0.009503	10.000000	10.879678	11.999916	10.000000	12.436411	10.000080	2999
0.250000	0.250000	0.038460	0.029670	0.194553	0.009257	10.000000	10.878889	12.000102	10.000000	12.639271	9.999852	2999
0.250000	0.250000	0.038277	0.028617	0.194477	0.009047	10.000000	10.874485	11.999965	10.000000	12.799759	9.999605	2999
0.250000	0.250000	0.033977	0.036200	0.195190	0.011157	10.000000	10.935589	11.999601	10.000000	11.609356	9.999873	2999
0.250000	0.250000	0.039707	0.028110	0.195417	0.008930	10.000000	10.861262	11.999593	10.000000	13.808859	10.000036	2999
0.250000	0.250000	0.035317	0.034897	0.195673	0.011170	10.000000	10.921294	12.000408	10.000000	11.432363	10.000188	2999
0.250000	0.250000	0.033537	0.034790	0.194500	0.010547	10.000000	10.926505	11.999528	10.000000	13.508909	10.000839	2999
0.250000	0.250000	0.034717	0.038297	0.197783	0.011830	10.000000	10.942021	11.999521	10.000000	11.577090	10.000435	2999
0.250000	0.250000	0.041047	0.027107	0.195323	0.008880	10.000000	10.854984	12.000080	10.000000	12.871355	9.999967	2999
0.250000	0.250000	0.041327	0.026843	0.195637	0.008407	10.000000	10.855736	12.000384	10.000000	11.611055	10.000221	2999
0.250000	0.250000	0.041193	0.026667	0.195423	0.008373	10.000000	10.852046	12.000774	10.000000	14.810959	10.000064	2999
0.250000	0.250000	0.030670	0.043343	0.196740	0.013327	10.000000	10.981204	11.999893	10.000000	11.995043	9.999112	2999
0.250000	0.250000	0.033533	0.035720	0.194870	0.010840	10.000000	10.928017	12.000001	10.000000	14.496685	10.000024	2999
0.250000	0.250000	0.041717	0.028587	0.197583	0.008927	10.000000	10.868024	11.999659	10.000000	11.285243	10.000228	2999
0.250000	0.250000	0.030907	0.041820	0.196040	0.012573	10.000000	10.972889	12.000243	10.000000	13.087113	10.000080	2999
0.250000	0.250000	0.038607	0.028720	0.194357	0.009000	10.000000	10.872355	12.000578	10.000000	12.110199	10.000661	2999
0.250000	0.250000	0.036360	0.031750	0.194283	0.009920	10.000000	10.898791	11.999639	10.000000	12.169713	9.999770	2999
0.250000	0.250000	0.035247	0.033460	0.195287	0.010337	10.000000	10.911606	12.000317	10.000000	13.487774	9.999695	2999
0.250000	0.250000	0.032590	0.036397	0.194250	0.010980	10.000000	10.939393	11.999565	10.000000	12.693846	9.999819	2999
0.250000	0.250000	0.040203	0.027353	0.194837	0.008560	10.000000	10.856252	11.999365	10.000000	12.307276	10.000092	2999
0.250000	0.250000	0.033767	0.035653	0.194967	0.010963	10.000000	10.925928	11.998863	10.000000	12.336588	10.000007	2999
0.250000	0.250000	0.040183	0.028693	0.195633	0.009050	10.000000	10.868839	12.000689	10.000000	12.092632	9.999298	2999
0.250000	0.250000	0.033623	0.036617	0.194937	0.011210	10.000000	10.936879	12.000259	10.000000	11.561231	9.999901	2999
0.250000	0.250000	0.032470	0.037960	0.194817	0.011617	10.000000	10.948910	12.000172	10.000000	12.035068	9.999368	2999
0.250000	0.250000	0.037150	0.031923	0.195680	0.010053	10.000000	10.891764	12.000364	10.000000	13.991772	10.000127	2999
0.250000	0.250000	0.042090	0.026390	0.195753	0.008403	10.000000	10.843707	11.999352	10.000000	16.120174	10.001092	2999
0.250000	0.250000	0.030270	0.042497	0.196260	0.013037	10.000000	10.978512	11.999375	10.000000	13.525957	9.999499	2999
0.250000	0.250000	0.031293	0.039530	0.195643	0.011807	10.000000	10.958973	11.999829	10.000000	12.978869	9.999674	2999
0.250000	0.250000	0.028077	0.049630	0.198433	0.014727	10.000000	11.020243	11.999463	10.000000	12.198671	10.000156	2999
0.250000	0.250000	0.039970	0.027477	0.195527	0.008640	10.000000	10.860229	11.999987	10.000000	12.759788	10.000180	2999
0.250000	0.250000	0.039087	0.028270	0.194987	0.008943	10.000000	10.866156	11.999449	10.000000	12.986534	9.999783	2999
0.250000	0.250000	0.035080	0.037627	0.197180	0.011843	10.000000	10.929342	11.999886	10.000000	12.726888	10.000454	2999
0.250000	0.250000	0.035603	0.033177	0.194807	0.010170	10.000000	10.904603	11.999228	10.000000	13.191841	10.000906	2999
0.250000	0.250000	0.037773	0.029643	0.194450	0.009367	10.000000	10.878882	11.999905	10.000000	12.243779	10.000756	2999
0.250000	0.250000	0.038867	0.028500	0.194593	0.009020	10.000000	10.872190	11.999744	10.000000	12.575371	9.999530	2999
0.250000	0.250000	0.038767	0.029273	0.195037	0.009290	10.000000	10.877601	12.000212	10.000000	11.861516	9.999541	2999
0.250000	0.250000	0.037483	0.033130	0.195880	0.010387	10.000000	10.910665	11.999734	10.000000	11.315267	10.000048	2999
0.250000	0.250000	0.036327	0.037080	0.198410	0.011687	10.000000	10.918609	11.999279	10.000000	13.764303	10.000185	2999
0.250000	0.250000	0.037553	0.029313	0.194183	0.009347	10.000000	10.882007	11.999970	10.000000	13.060976	10.000276	2999
0.250000	0.250000	0.031170	0.039773	0.195390	0.011990	10.000000	10.963631	12.000412	10.000000	13.672720	10.000116	2999
0.250000	0.250000	0.034493	0.034270	0.194527	0.010627	10.000000	10.917738	11.999671	10.000000	12.540292	10.000587	2999
0.250000	0.250000	0.036753	0.032150	0.195867	0.010103	10.000000	10.895830	11.999471	10.000000	11.993289	9.999916	2999
0.250000	0.250000	0.035303	0.033890	0.195477	0.010560	10.000000	10.914330	11.999953	10.000000	11.584248	9.999297	2999
0.250000	0.250000	0.037957	0.030577	0.195303	0.009453	10.000000	10.887286	12.000468	10.000000	11.671452	10.000607	2999
0.250000	0.250000	0.035707	0.031827	0.194397	0.010100	10.000000	10.902409	12.000558	10.000000	11.944980	10.000408	2999
0.250000	0.250000	0.039117	0.029683	0.195893	0.009480	10.000000	10.876962	11.999648	10.000000	12.787676	9.999817	2999
0.250000	0.250000	0.040200	0.030113	0.196333	0.009313	10.000000	10.874906	12.000548	10.000000	11.547348	10.000414	2999
0.250000	0.250000	0.039693	0.028683	0.195307	0.009200	10.000000	10.872159	11.999396	10.000000	11.732091	9.999901	2999
0.250000	0.250000	0.031943	0.040587	0.197623	0.012353	10.000000	10.968008	12.000652	10.000000	11.860791	9.999047	2999
0.250000	0.250000	0.047157	0.022630	0.198017	0.007440	10.000000	10.805608	11.999378	10.000000	12.344272	10.000110	2999
0.250000	0.250000	0.033467	0.037153	0.195583	0.011520	10.000000	10.941327	12.000130	10.000000	11.777868	9.999989	2999
0.250000	0.250000	0.037233	0.031213	0.195520	0.009823	10.000000	10.889501	12.000648	10.000000	11.775042	10.000637	2999
0.250000	0.250000	0.039660	0.029523	0.195270	0.009663	10.000000	10.873975	12.000163	10.000000	12.397644	10.000407	2999
0.250000	0.250000	0.034673	0.035493	0.195733	0.010877	10.000000	10.925249	11.999799	10.000000	11.543015	10.000168	2999
0.250000	0.250000	0.044760	0.024860	0.196803	0.008190	10.000000	10.827174	12.000236	10.000000	14.120325	10.000242	2999
0.250000	0.250000	0.039377	0.030750	0.196253	0.009763	10.000000	10.890969	12.000030	10.000000	11.428511	9.999854	2999
0.250000	0.250000	0.036023	0.033480	0.195620	0.010370	10.000000	10.913553	11.999556	10.000000	11.829517	9.999429	2999
0.250000	0.250000	0.035153	0.033407	0.194823	0.010230	10.000000	10.917091	12.000247	10.000000	11.995330	10.000118	2999
0.250000	0.250000	0.030953	0.041207	0.195917	0.012307	10.000000	10.968915	11.998563	10.000000	14.513664	10.000054	2999
0.250000	0.250000	0.037430	0.030423	0.194303	0.009650	10.000000	10.884562	11.999660	10.000000	12.120704	10.000114	2999
0.250000	0.250000	0.030543	0.041683	0.195897	0.012620	10.000000	10.974069	11.999617	10.000000	12.641073	9.999766	2999
0.250000	0.250000	0.039013	0.029470	0.195160	0.009393	10.000000	10.878812	12.000089	10.000000	11.977799	10.000281	2999
0.250000	0.250000	0.040863	0.027230	0.195753	0.008780	10.000000	10.854207	11.998712	10.000000	13.539831	9.999212	2999
0.250000	0.250000	0.041423	0.027433	0.196460	0.008607	10.000000	10.850588	11.999808	10.000000	11.888037	9.999204	2999
0.250000	0.250000	0.038597	0.030690	0.195963	0.009523	10.000000	10.886619	11.999939	10.000000	11.787611	10.000457	2999
0.250000	0.250000	0.037877	0.030210	0.194417	0.009633	10.000000	10.887392	12.000425	10.000000	12.695806	9.999307	2999
0.250000	0.250000	0.033993	0.036763	0.196250	0.011290	10.000000	10.939898	12.000320	10.000000	11.761778	10.000079	2999
0.250000	0.250000	0.035590	0.035857	0.195620	0.011150	10.000000	10.936906	12.000341	10.000000	11.259947	9.999000	2999
0.250000	0.250000	0.043663	0.024880	0.196490	0.007953	10.000000	10.832660	12.000376	10.000000	12.965296	10.000724	2999
0.250000	0.250000	0.033540	0.036443	0.195607	0.011143	10.000000	10.935474	11.999959	10.000000	12.624406	9.999930	2999
0.250000	0.250000	0.031080	0.041783	0.197177	0.012403	10.000000	10.968875	11.999514	10.000000	13.090931	10.000226	2999
0.250000	0.250000	0.035157	0.032727	0.194160	0.010173	10.000000	10.909677	12.000818	10.000000	12.110208	10.000509	2999
