sd_size	sd_par_size	min_size_dif	typ1_err	typ2_err	avg_size	avg_size_thr	avg_par_size	end_gen
0.416667	0.600000	0.000000	0.147480	0.594680	10.000000	10.147450	10.003049	2999
0.416667	0.600000	0.000000	0.203167	0.538643	10.000000	10.063149	10.003085	2999
0.416667	0.600000	0.000000	0.161513	0.580077	10.000000	10.123204	10.002605	2999
0.416667	0.600000	0.000000	0.217043	0.528053	10.000000	10.045809	10.003588	2999
0.416667	0.600000	0.000000	0.192310	0.550203	10.000000	10.078092	10.003111	2999
0.416667	0.600000	0.000000	0.210783	0.532360	10.000000	10.053527	10.003547	2999
0.416667	0.600000	0.000000	0.133677	0.609857	10.000000	10.169644	10.003128	2999
0.416667	0.600000	0.000000	0.177377	0.563833	10.000000	10.099391	10.002939	2999
0.416667	0.600000	0.000000	0.151990	0.590097	10.000000	10.139901	10.002701	2999
0.416667	0.600000	0.000000	0.138427	0.606180	10.000000	10.164475	10.002804	2999
0.416667	0.600000	0.000000	0.178390	0.563263	10.000000	10.098823	10.003145	2999
0.416667	0.600000	0.000000	0.162760	0.578450	10.000000	10.121940	10.002633	2999
0.416667	0.600000	0.000000	0.137817	0.604500	10.000000	10.163680	10.002861	2999
0.416667	0.600000	0.000000	0.206087	0.536983	10.000000	10.057546	10.002788	2999
0.416667	0.600000	0.000000	0.169840	0.571783	10.000000	10.110588	10.002780	2999
0.416667	0.600000	0.000000	0.168357	0.572697	10.000000	10.112193	10.003046	2999
0.416667	0.600000	0.000000	0.234907	0.511713	10.000000	10.019837	10.003030	2999
0.416667	0.600000	0.000000	0.180153	0.562030	10.000000	10.096064	10.003188	2999
0.416667	0.600000	0.000000	0.167313	0.574103	10.000000	10.115485	10.002774	2999
0.416667	0.600000	0.000000	0.191130	0.549630	10.000000	10.080985	10.003352	2999
0.416667	0.600000	0.000000	0.185020	0.556313	10.000000	10.088739	10.002868	2999
0.416667	0.600000	0.000000	0.205010	0.538283	10.000000	10.061034	10.003028	2999
0.416667	0.600000	0.000000	0.185803	0.555607	10.000000	10.087471	10.002775	2999
0.416667	0.600000	0.000000	0.159763	0.580947	10.000000	10.126603	10.002595	2999
0.416667	0.600000	0.000000	0.178453	0.562383	10.000000	10.099652	10.002974	2999
0.416667	0.600000	0.000000	0.146990	0.595550	10.000000	10.145861	10.002668	2999
0.416667	0.600000	0.000000	0.149317	0.593137	10.000000	10.143244	10.002542	2999
0.416667	0.600000	0.000000	0.218790	0.525057	10.000000	10.042702	10.003080	2999
0.416667	0.600000	0.000000	0.152077	0.590633	10.000000	10.139307	10.003200	2999
0.416667	0.600000	0.000000	0.159647	0.581387	10.000000	10.126279	10.002361	2999
0.416667	0.600000	0.000000	0.141177	0.602377	10.000000	10.156092	10.003008	2999
0.416667	0.600000	0.000000	0.190997	0.550577	10.000000	10.080016	10.002795	2999
0.416667	0.600000	0.000000	0.208863	0.535970	10.000000	10.053935	10.003256	2999
0.416667	0.600000	0.000000	0.243350	0.504183	10.000000	10.010210	10.003054	2999
0.416667	0.600000	0.000000	0.194370	0.547243	10.000000	10.075213	10.002998	2999
0.416667	0.600000	0.000000	0.200697	0.541447	10.000000	10.067228	10.003108	2999
0.416667	0.600000	0.000000	0.181637	0.560063	10.000000	10.092847	10.003011	2999
0.416667	0.600000	0.000000	0.152923	0.589063	10.000000	10.136531	10.002764	2999
0.416667	0.600000	0.000000	0.168547	0.572430	10.000000	10.112723	10.002706	2999
0.416667	0.600000	0.000000	0.217007	0.528083	10.000000	10.043764	10.003094	2999
0.416667	0.600000	0.000000	0.170377	0.570250	10.000000	10.111548	10.003492	2999
0.416667	0.600000	0.000000	0.203773	0.540047	10.000000	10.061982	10.003088	2999
0.416667	0.600000	0.000000	0.149727	0.592547	10.000000	10.143651	10.002678	2999
0.416667	0.600000	0.000000	0.153733	0.589040	10.000000	10.136327	10.003105	2999
0.416667	0.600000	0.000000	0.184280	0.557760	10.000000	10.089654	10.003057	2999
0.416667	0.600000	0.000000	0.187967	0.553557	10.000000	10.085488	10.002942	2999
0.416667	0.600000	0.000000	0.191017	0.551967	10.000000	10.078905	10.002945	2999
0.416667	0.600000	0.000000	0.198000	0.544297	10.000000	10.071793	10.003298	2999
0.416667	0.600000	0.000000	0.185263	0.556420	10.000000	10.089002	10.003005	2999
0.416667	0.600000	0.000000	0.155087	0.586343	10.000000	10.134691	10.003264	2999
0.416667	0.600000	0.000000	0.167180	0.573423	10.000000	10.115535	10.002945	2999
0.416667	0.600000	0.000000	0.163927	0.576210	10.000000	10.120233	10.003191	2999
0.416667	0.600000	0.000000	0.189573	0.552913	10.000000	10.080829	10.002728	2999
0.416667	0.600000	0.000000	0.136170	0.607787	10.000000	10.165948	10.002691	2999
0.416667	0.600000	0.000000	0.210323	0.533097	10.000000	10.053103	10.002581	2999
0.416667	0.600000	0.000000	0.212353	0.532343	10.000000	10.051237	10.003180	2999
0.416667	0.600000	0.000000	0.246187	0.502500	10.000000	10.008730	10.003425	2999
0.416667	0.600000	0.000000	0.198027	0.543840	10.000000	10.070728	10.003208	2999
0.416667	0.600000	0.000000	0.157603	0.583780	10.000000	10.129990	10.002770	2999
0.416667	0.600000	0.000000	0.131770	0.612420	10.000000	10.173351	10.002849	2999
0.416667	0.600000	0.000000	0.174313	0.567660	10.000000	10.104079	10.003105	2999
0.416667	0.600000	0.000000	0.224140	0.521493	10.000000	10.034349	10.002688	2999
0.416667	0.600000	0.000000	0.160927	0.579270	10.000000	10.125122	10.002635	2999
0.416667	0.600000	0.000000	0.129063	0.616333	10.000000	10.179921	10.003134	2999
0.416667	0.600000	0.000000	0.207723	0.536017	10.000000	10.055971	10.002796	2999
0.416667	0.600000	0.000000	0.196937	0.544550	10.000000	10.071664	10.002558	2999
0.416667	0.600000	0.000000	0.148410	0.593947	10.000000	10.144970	10.003084	2999
0.416667	0.600000	0.000000	0.126323	0.619210	10.000000	10.183292	10.002884	2999
0.416667	0.600000	0.000000	0.201353	0.540940	10.000000	10.067658	10.003365	2999
0.416667	0.600000	0.000000	0.174197	0.567493	10.000000	10.105045	10.002784	2999
0.416667	0.600000	0.000000	0.162900	0.578530	10.000000	10.121177	10.003408	2999
0.416667	0.600000	0.000000	0.210463	0.532053	10.000000	10.052599	10.002692	2999
0.416667	0.600000	0.000000	0.261600	0.489630	10.000000	9.987963	10.003242	2999
0.416667	0.600000	0.000000	0.143447	0.599067	10.000000	10.152773	10.002481	2999
0.416667	0.600000	0.000000	0.184367	0.558867	10.000000	10.088255	10.003067	2999
0.416667	0.600000	0.000000	0.185310	0.555850	10.000000	10.089325	10.003435	2999
0.416667	0.600000	0.000000	0.164860	0.576063	10.000000	10.119723	10.003244	2999
0.416667	0.600000	0.000000	0.194750	0.548080	10.000000	10.074318	10.003012	2999
0.416667	0.600000	0.000000	0.150347	0.591350	10.000000	10.142753	10.003265	2999
0.416667	0.600000	0.000000	0.161660	0.580103	10.000000	10.123055	10.003145	2999
0.416667	0.600000	0.000000	0.169757	0.570947	10.000000	10.111355	10.002912	2999
0.416667	0.600000	0.000000	0.180263	0.560273	10.000000	10.096114	10.003165	2999
0.416667	0.600000	0.000000	0.189303	0.552533	10.000000	10.081146	10.002869	2999
0.416667	0.600000	0.000000	0.198713	0.544373	10.000000	10.070149	10.003550	2999
0.416667	0.600000	0.000000	0.174007	0.567407	10.000000	10.105133	10.002758	2999
0.416667	0.600000	0.000000	0.220420	0.524213	10.000000	10.038148	10.002849	2999
0.416667	0.600000	0.000000	0.175023	0.566413	10.000000	10.104243	10.002640	2999
0.416667	0.600000	0.000000	0.185590	0.558433	10.000000	10.090326	10.002904	2999
0.416667	0.600000	0.000000	0.144733	0.597217	10.000000	10.153224	10.003525	2999
0.416667	0.600000	0.000000	0.152383	0.589647	10.000000	10.138961	10.002862	2999
0.416667	0.600000	0.000000	0.130187	0.614733	10.000000	10.176380	10.002935	2999
0.416667	0.600000	0.000000	0.161557	0.580810	10.000000	10.123486	10.003669	2999
0.416667	0.600000	0.000000	0.178727	0.562273	10.000000	10.097686	10.002951	2999
0.416667	0.600000	0.000000	0.190090	0.553200	10.000000	10.081359	10.003219	2999
0.416667	0.600000	0.000000	0.186663	0.555493	10.000000	10.085873	10.002981	2999
0.416667	0.600000	0.000000	0.204703	0.540367	10.000000	10.063881	10.003469	2999
0.416667	0.600000	0.000000	0.169300	0.570853	10.000000	10.113064	10.002730	2999
0.416667	0.600000	0.000000	0.177830	0.563273	10.000000	10.099538	10.003465	2999
0.416667	0.600000	0.000000	0.161303	0.580180	10.000000	10.124549	10.002950	2999
0.416667	0.600000	0.000000	0.161657	0.580563	10.000000	10.124236	10.003117	2999
0.416667	0.600000	0.500000	0.131703	0.387397	10.000000	10.330713	10.502527	2999
0.416667	0.600000	0.500000	0.171817	0.347117	10.000000	10.265542	10.502559	2999
0.416667	0.600000	0.500000	0.167027	0.350533	10.000000	10.273734	10.502871	2999
0.416667	0.600000	0.500000	0.141310	0.376580	10.000000	10.314681	10.502715	2999
0.416667	0.600000	0.500000	0.139003	0.377453	10.000000	10.317094	10.502181	2999
0.416667	0.600000	0.500000	0.165610	0.353110	10.000000	10.274505	10.502348	2999
0.416667	0.600000	0.500000	0.147180	0.371867	10.000000	10.304381	10.502829	2999
0.416667	0.600000	0.500000	0.162420	0.355820	10.000000	10.280144	10.503198	2999
0.416667	0.600000	0.500000	0.139793	0.379113	10.000000	10.316178	10.502877	2999
0.416667	0.600000	0.500000	0.142683	0.375893	10.000000	10.311790	10.502565	2999
0.416667	0.600000	0.500000	0.140950	0.378073	10.000000	10.315270	10.502951	2999
0.416667	0.600000	0.500000	0.164877	0.352490	10.000000	10.276277	10.503095	2999
0.416667	0.600000	0.500000	0.151163	0.367223	10.000000	10.297419	10.502537	2999
0.416667	0.600000	0.500000	0.135333	0.382200	10.000000	10.324394	10.502207	2999
0.416667	0.600000	0.500000	0.161373	0.355940	10.000000	10.282111	10.502784	2999
0.416667	0.600000	0.500000	0.139100	0.378823	10.000000	10.315986	10.502208	2999
0.416667	0.600000	0.500000	0.158170	0.358267	10.000000	10.286523	10.502482	2999
0.416667	0.600000	0.500000	0.170110	0.347780	10.000000	10.266827	10.502475	2999
0.416667	0.600000	0.500000	0.159993	0.358203	10.000000	10.284021	10.502606	2999
0.416667	0.600000	0.500000	0.144097	0.373140	10.000000	10.310703	10.502798	2999
0.416667	0.600000	0.500000	0.143450	0.374550	10.000000	10.309516	10.502463	2999
0.416667	0.600000	0.500000	0.183077	0.337483	10.000000	10.248940	10.502450	2999
0.416667	0.600000	0.500000	0.136140	0.383117	10.000000	10.322047	10.502494	2999
0.416667	0.600000	0.500000	0.154903	0.363440	10.000000	10.292727	10.502837	2999
0.416667	0.600000	0.500000	0.167150	0.350460	10.000000	10.273662	10.502961	2999
0.416667	0.600000	0.500000	0.131690	0.387630	10.000000	10.330610	10.502596	2999
0.416667	0.600000	0.500000	0.140317	0.377267	10.000000	10.316957	10.502713	2999
0.416667	0.600000	0.500000	0.127540	0.391990	10.000000	10.339074	10.502652	2999
0.416667	0.600000	0.500000	0.139657	0.378970	10.000000	10.317613	10.502979	2999
0.416667	0.600000	0.500000	0.152867	0.366633	10.000000	10.294680	10.502247	2999
0.416667	0.600000	0.500000	0.142463	0.375770	10.000000	10.312436	10.502531	2999
0.416667	0.600000	0.500000	0.184790	0.335383	10.000000	10.246321	10.502495	2999
0.416667	0.600000	0.500000	0.120393	0.400840	10.000000	10.353145	10.503053	2999
0.416667	0.600000	0.500000	0.142703	0.374933	10.000000	10.312558	10.502700	2999
0.416667	0.600000	0.500000	0.175170	0.343060	10.000000	10.260958	10.502620	2999
0.416667	0.600000	0.500000	0.184960	0.335723	10.000000	10.246941	10.502743	2999
0.416667	0.600000	0.500000	0.130813	0.388057	10.000000	10.331058	10.502458	2999
0.416667	0.600000	0.500000	0.159473	0.357930	10.000000	10.284019	10.502409	2999
0.416667	0.600000	0.500000	0.178890	0.341173	10.000000	10.254843	10.502358	2999
0.416667	0.600000	0.500000	0.157897	0.360347	10.000000	10.286911	10.502840	2999
0.416667	0.600000	0.500000	0.142447	0.375177	10.000000	10.312490	10.502437	2999
0.416667	0.600000	0.500000	0.118573	0.402647	10.000000	10.355053	10.502592	2999
0.416667	0.600000	0.500000	0.135890	0.382377	10.000000	10.323536	10.502566	2999
0.416667	0.600000	0.500000	0.174200	0.343193	10.000000	10.261471	10.502392	2999
0.416667	0.600000	0.500000	0.107670	0.416280	10.000000	10.377526	10.503139	2999
0.416667	0.600000	0.500000	0.158900	0.358920	10.000000	10.286430	10.502921	2999
0.416667	0.600000	0.500000	0.149057	0.366990	10.000000	10.300667	10.502440	2999
0.416667	0.600000	0.500000	0.130363	0.392020	10.000000	10.335866	10.503079	2999
0.416667	0.600000	0.500000	0.193433	0.328187	10.000000	10.234702	10.502576	2999
0.416667	0.600000	0.500000	0.166443	0.351843	10.000000	10.274810	10.502751	2999
0.416667	0.600000	0.500000	0.164153	0.354753	10.000000	10.277614	10.502790	2999
0.416667	0.600000	0.500000	0.141653	0.379687	10.000000	10.315669	10.502517	2999
0.416667	0.600000	0.500000	0.150307	0.367410	10.000000	10.298907	10.502609	2999
0.416667	0.600000	0.500000	0.119540	0.401633	10.000000	10.353693	10.502449	2999
0.416667	0.600000	0.500000	0.171043	0.347393	10.000000	10.267790	10.502538	2999
0.416667	0.600000	0.500000	0.133370	0.385760	10.000000	10.328066	10.502390	2999
0.416667	0.600000	0.500000	0.146547	0.371440	10.000000	10.306100	10.502915	2999
0.416667	0.600000	0.500000	0.152223	0.366437	10.000000	10.298170	10.502793	2999
0.416667	0.600000	0.500000	0.153077	0.364057	10.000000	10.295198	10.502702	2999
0.416667	0.600000	0.500000	0.139537	0.377880	10.000000	10.316506	10.502670	2999
0.416667	0.600000	0.500000	0.138337	0.380300	10.000000	10.319522	10.502182	2999
0.416667	0.600000	0.500000	0.166363	0.351523	10.000000	10.272590	10.502202	2999
0.416667	0.600000	0.500000	0.102180	0.424030	10.000000	10.387081	10.502411	2999
0.416667	0.600000	0.500000	0.167650	0.349833	10.000000	10.270450	10.502663	2999
0.416667	0.600000	0.500000	0.128780	0.389863	10.000000	10.336213	10.502608	2999
0.416667	0.600000	0.500000	0.157697	0.360613	10.000000	10.288619	10.502743	2999
0.416667	0.600000	0.500000	0.191843	0.328260	10.000000	10.235452	10.502328	2999
0.416667	0.600000	0.500000	0.152023	0.365187	10.000000	10.296111	10.502712	2999
0.416667	0.600000	0.500000	0.199447	0.323180	10.000000	10.225704	10.502615	2999
0.416667	0.600000	0.500000	0.157130	0.359727	10.000000	10.289234	10.502673	2999
0.416667	0.600000	0.500000	0.160503	0.356113	10.000000	10.282125	10.502566	2999
0.416667	0.600000	0.500000	0.150480	0.365737	10.000000	10.299303	10.502508	2999
0.416667	0.600000	0.500000	0.176613	0.342680	10.000000	10.257599	10.502659	2999
0.416667	0.600000	0.500000	0.131590	0.386953	10.000000	10.331525	10.502865	2999
0.416667	0.600000	0.500000	0.140377	0.379637	10.000000	10.316156	10.502763	2999
0.416667	0.600000	0.500000	0.135400	0.383140	10.000000	10.324026	10.502608	2999
0.416667	0.600000	0.500000	0.208130	0.315867	10.000000	10.215055	10.502663	2999
0.416667	0.600000	0.500000	0.104880	0.421507	10.000000	10.382995	10.502431	2999
0.416667	0.600000	0.500000	0.117913	0.403833	10.000000	10.357744	10.502556	2999
0.416667	0.600000	0.500000	0.127357	0.392667	10.000000	10.337597	10.502408	2999
0.416667	0.600000	0.500000	0.142620	0.374707	10.000000	10.310414	10.502179	2999
0.416667	0.600000	0.500000	0.148043	0.370343	10.000000	10.302398	10.502488	2999
0.416667	0.600000	0.500000	0.113343	0.409407	10.000000	10.365431	10.502755	2999
0.416667	0.600000	0.500000	0.212723	0.311583	10.000000	10.208768	10.502380	2999
0.416667	0.600000	0.500000	0.145740	0.372007	10.000000	10.307917	10.502978	2999
0.416667	0.600000	0.500000	0.172327	0.346160	10.000000	10.264482	10.502429	2999
0.416667	0.600000	0.500000	0.152740	0.363807	10.000000	10.295649	10.502934	2999
0.416667	0.600000	0.500000	0.143633	0.373403	10.000000	10.309917	10.503073	2999
0.416667	0.600000	0.500000	0.180630	0.338970	10.000000	10.251987	10.502746	2999
0.416667	0.600000	0.500000	0.197050	0.324393	10.000000	10.228712	10.502453	2999
0.416667	0.600000	0.500000	0.126833	0.392590	10.000000	10.338437	10.502695	2999
0.416667	0.600000	0.500000	0.123660	0.403497	10.000000	10.353022	10.502830	2999
0.416667	0.600000	0.500000	0.128877	0.389973	10.000000	10.334503	10.502364	2999
0.416667	0.600000	0.500000	0.145933	0.372393	10.000000	10.306014	10.502637	2999
0.416667	0.600000	0.500000	0.176310	0.344413	10.000000	10.260364	10.502531	2999
0.416667	0.600000	0.500000	0.144563	0.373420	10.000000	10.308604	10.502604	2999
0.416667	0.600000	0.500000	0.108337	0.415910	10.000000	10.374954	10.502654	2999
0.416667	0.600000	0.500000	0.151917	0.365987	10.000000	10.297210	10.502696	2999
0.416667	0.600000	0.500000	0.195227	0.326130	10.000000	10.231439	10.502520	2999
0.416667	0.600000	0.500000	0.146687	0.371393	10.000000	10.305892	10.502486	2999
0.416667	0.600000	1.000000	0.097353	0.196747	10.000000	10.488764	11.002774	2999
0.416667	0.600000	1.000000	0.113530	0.180610	10.000000	10.454782	11.002535	2999
0.416667	0.600000	1.000000	0.089260	0.206073	10.000000	10.507958	11.002668	2999
0.416667	0.600000	1.000000	0.102067	0.190697	10.000000	10.481031	11.002826	2999
0.416667	0.600000	1.000000	0.100633	0.192450	10.000000	10.481982	11.002605	2999
0.416667	0.600000	1.000000	0.113047	0.181197	10.000000	10.455749	11.002592	2999
0.416667	0.600000	1.000000	0.112097	0.182380	10.000000	10.458854	11.002826	2999
0.416667	0.600000	1.000000	0.085567	0.209387	10.000000	10.517229	11.002288	2999
0.416667	0.600000	1.000000	0.090070	0.203780	10.000000	10.506058	11.002466	2999
0.416667	0.600000	1.000000	0.108527	0.186077	10.000000	10.465177	11.002849	2999
0.416667	0.600000	1.000000	0.102760	0.191010	10.000000	10.476451	11.002656	2999
0.416667	0.600000	1.000000	0.108507	0.185970	10.000000	10.464578	11.002495	2999
0.416667	0.600000	1.000000	0.104970	0.189467	10.000000	10.475417	11.002826	2999
0.416667	0.600000	1.000000	0.119660	0.174533	10.000000	10.443929	11.002884	2999
0.416667	0.600000	1.000000	0.091457	0.203930	10.000000	10.501863	11.002577	2999
0.416667	0.600000	1.000000	0.091847	0.202457	10.000000	10.502557	11.002536	2999
0.416667	0.600000	1.000000	0.108860	0.182703	10.000000	10.463002	11.002504	2999
0.416667	0.600000	1.000000	0.121657	0.173347	10.000000	10.437861	11.002596	2999
0.416667	0.600000	1.000000	0.094703	0.198230	10.000000	10.495080	11.002580	2999
0.416667	0.600000	1.000000	0.096133	0.196977	10.000000	10.492246	11.002750	2999
0.416667	0.600000	1.000000	0.110147	0.183370	10.000000	10.461370	11.002731	2999
0.416667	0.600000	1.000000	0.103443	0.189747	10.000000	10.475265	11.002802	2999
0.416667	0.600000	1.000000	0.089420	0.203453	10.000000	10.507933	11.002513	2999
0.416667	0.600000	1.000000	0.091403	0.202183	10.000000	10.502456	11.002344	2999
0.416667	0.600000	1.000000	0.093437	0.200140	10.000000	10.497870	11.002755	2999
0.416667	0.600000	1.000000	0.105263	0.188090	10.000000	10.471685	11.002485	2999
0.416667	0.600000	1.000000	0.090187	0.204547	10.000000	10.506117	11.002973	2999
0.416667	0.600000	1.000000	0.112730	0.181093	10.000000	10.455411	11.002388	2999
0.416667	0.600000	1.000000	0.091543	0.203007	10.000000	10.502521	11.002816	2999
0.416667	0.600000	1.000000	0.108747	0.185417	10.000000	10.464473	11.002612	2999
0.416667	0.600000	1.000000	0.089180	0.205157	10.000000	10.508389	11.002561	2999
0.416667	0.600000	1.000000	0.093397	0.200543	10.000000	10.496894	11.002236	2999
0.416667	0.600000	1.000000	0.089447	0.205163	10.000000	10.507084	11.002491	2999
0.416667	0.600000	1.000000	0.101467	0.192983	10.000000	10.481307	11.002999	2999
0.416667	0.600000	1.000000	0.087353	0.207720	10.000000	10.513660	11.003019	2999
0.416667	0.600000	1.000000	0.095447	0.201767	10.000000	10.496191	11.002601	2999
0.416667	0.600000	1.000000	0.085130	0.210140	10.000000	10.518758	11.002476	2999
0.416667	0.600000	1.000000	0.091613	0.202727	10.000000	10.501913	11.002399	2999
0.416667	0.600000	1.000000	0.088333	0.207270	10.000000	10.510327	11.002496	2999
0.416667	0.600000	1.000000	0.086247	0.209197	10.000000	10.516630	11.002778	2999
0.416667	0.600000	1.000000	0.102063	0.192063	10.000000	10.478765	11.002543	2999
0.416667	0.600000	1.000000	0.085523	0.209083	10.000000	10.518314	11.002892	2999
0.416667	0.600000	1.000000	0.090113	0.203560	10.000000	10.505859	11.002814	2999
0.416667	0.600000	1.000000	0.101547	0.192370	10.000000	10.480278	11.002693	2999
0.416667	0.600000	1.000000	0.084320	0.209810	10.000000	10.520575	11.002615	2999
0.416667	0.600000	1.000000	0.106310	0.186647	10.000000	10.470088	11.003025	2999
0.416667	0.600000	1.000000	0.115093	0.178983	10.000000	10.452091	11.002486	2999
0.416667	0.600000	1.000000	0.105190	0.187803	10.000000	10.470786	11.002481	2999
0.416667	0.600000	1.000000	0.090570	0.205377	10.000000	10.506174	11.002757	2999
0.416667	0.600000	1.000000	0.104260	0.188667	10.000000	10.474106	11.002871	2999
0.416667	0.600000	1.000000	0.092013	0.202477	10.000000	10.502365	11.002255	2999
0.416667	0.600000	1.000000	0.105140	0.187433	10.000000	10.471515	11.002369	2999
0.416667	0.600000	1.000000	0.121717	0.174937	10.000000	10.440409	11.002953	2999
0.416667	0.600000	1.000000	0.090510	0.203713	10.000000	10.505483	11.002384	2999
0.416667	0.600000	1.000000	0.107673	0.186493	10.000000	10.465422	11.002635	2999
0.416667	0.600000	1.000000	0.089283	0.205383	10.000000	10.508282	11.002964	2999
0.416667	0.600000	1.000000	0.100373	0.193077	10.000000	10.482599	11.002615	2999
0.416667	0.600000	1.000000	0.102063	0.191853	10.000000	10.479559	11.002724	2999
0.416667	0.600000	1.000000	0.102683	0.191860	10.000000	10.476909	11.002588	2999
0.416667	0.600000	1.000000	0.093493	0.199847	10.000000	10.496871	11.002088	2999
0.416667	0.600000	1.000000	0.112507	0.181547	10.000000	10.456236	11.002453	2999
0.416667	0.600000	1.000000	0.104377	0.188563	10.000000	10.474270	11.002968	2999
0.416667	0.600000	1.000000	0.088890	0.205770	10.000000	10.510447	11.002959	2999
0.416667	0.600000	1.000000	0.120387	0.173927	10.000000	10.440959	11.002756	2999
0.416667	0.600000	1.000000	0.101760	0.192070	10.000000	10.480051	11.002819	2999
0.416667	0.600000	1.000000	0.103140	0.190807	10.000000	10.477627	11.003132	2999
0.416667	0.600000	1.000000	0.089830	0.204700	10.000000	10.506109	11.002423	2999
0.416667	0.600000	1.000000	0.095640	0.197707	10.000000	10.493355	11.002929	2999
0.416667	0.600000	1.000000	0.097423	0.197153	10.000000	10.489677	11.002844	2999
0.416667	0.600000	1.000000	0.084167	0.211137	10.000000	10.520151	11.002664	2999
0.416667	0.600000	1.000000	0.085470	0.209667	10.000000	10.518359	11.002731	2999
0.416667	0.600000	1.000000	0.092070	0.202587	10.000000	10.500934	11.002450	2999
0.416667	0.600000	1.000000	0.098310	0.196380	10.000000	10.487848	11.002620	2999
0.416667	0.600000	1.000000	0.112543	0.181913	10.000000	10.457131	11.002736	2999
0.416667	0.600000	1.000000	0.086697	0.209150	10.000000	10.514084	11.002470	2999
0.416667	0.600000	1.000000	0.105050	0.186930	10.000000	10.471102	11.002126	2999
0.416667	0.600000	1.000000	0.091543	0.203280	10.000000	10.502861	11.002638	2999
0.416667	0.600000	1.000000	0.103793	0.188937	10.000000	10.475915	11.002625	2999
0.416667	0.600000	1.000000	0.119697	0.177127	10.000000	10.442369	11.002493	2999
0.416667	0.600000	1.000000	0.087453	0.207660	10.000000	10.513425	11.002810	2999
0.416667	0.600000	1.000000	0.087653	0.208013	10.000000	10.512154	11.002882	2999
0.416667	0.600000	1.000000	0.083430	0.211517	10.000000	10.521973	11.002564	2999
0.416667	0.600000	1.000000	0.075820	0.222907	10.000000	10.544476	11.002930	2999
0.416667	0.600000	1.000000	0.116160	0.178787	10.000000	10.450407	11.002859	2999
0.416667	0.600000	1.000000	0.088290	0.207250	10.000000	10.511587	11.002445	2999
0.416667	0.600000	1.000000	0.094930	0.198693	10.000000	10.494999	11.002530	2999
0.416667	0.600000	1.000000	0.111073	0.184283	10.000000	10.460007	11.002570	2999
0.416667	0.600000	1.000000	0.098033	0.194670	10.000000	10.488671	11.003109	2999
0.416667	0.600000	1.000000	0.116393	0.178657	10.000000	10.447617	11.002258	2999
0.416667	0.600000	1.000000	0.098253	0.195877	10.000000	10.485879	11.002636	2999
0.416667	0.600000	1.000000	0.109750	0.183027	10.000000	10.462088	11.002599	2999
0.416667	0.600000	1.000000	0.117863	0.177137	10.000000	10.445669	11.002835	2999
0.416667	0.600000	1.000000	0.111957	0.181923	10.000000	10.457550	11.002443	2999
0.416667	0.600000	1.000000	0.111443	0.183470	10.000000	10.459933	11.002968	2999
0.416667	0.600000	1.000000	0.110563	0.182967	10.000000	10.462019	11.002909	2999
0.416667	0.600000	1.000000	0.086940	0.207440	10.000000	10.514272	11.003052	2999
0.416667	0.600000	1.000000	0.085040	0.210463	10.000000	10.517704	11.002670	2999
0.416667	0.600000	1.000000	0.112987	0.182017	10.000000	10.455384	11.002670	2999
0.416667	0.600000	1.000000	0.081357	0.213850	10.000000	10.527065	11.002649	2999
0.416667	0.600000	1.000000	0.109767	0.183930	10.000000	10.463587	11.002690	2999
0.416667	0.600000	1.500000	0.043087	0.090810	10.000000	10.698853	11.502413	2999
0.416667	0.600000	1.500000	0.055207	0.078153	10.000000	10.652952	11.502806	2999
0.416667	0.600000	1.500000	0.055107	0.077910	10.000000	10.650521	11.502757	2999
0.416667	0.600000	1.500000	0.047150	0.087503	10.000000	10.683654	11.502575	2999
0.416667	0.600000	1.500000	0.040350	0.095450	10.000000	10.712079	11.502540	2999
0.416667	0.600000	1.500000	0.051213	0.082160	10.000000	10.667005	11.502576	2999
0.416667	0.600000	1.500000	0.053027	0.080513	10.000000	10.660456	11.503265	2999
0.416667	0.600000	1.500000	0.045837	0.087343	10.000000	10.689146	11.502509	2999
0.416667	0.600000	1.500000	0.059677	0.074053	10.000000	10.634983	11.502261	2999
0.416667	0.600000	1.500000	0.046580	0.087100	10.000000	10.685958	11.502519	2999
0.416667	0.600000	1.500000	0.058103	0.076470	10.000000	10.640577	11.502420	2999
0.416667	0.600000	1.500000	0.041533	0.092670	10.000000	10.707290	11.502821	2999
0.416667	0.600000	1.500000	0.054547	0.078003	10.000000	10.653314	11.502572	2999
0.416667	0.600000	1.500000	0.057547	0.076277	10.000000	10.643098	11.502528	2999
0.416667	0.600000	1.500000	0.053830	0.079387	10.000000	10.656318	11.502536	2999
0.416667	0.600000	1.500000	0.046857	0.086570	10.000000	10.682935	11.502737	2999
0.416667	0.600000	1.500000	0.049830	0.084533	10.000000	10.674128	11.502486	2999
0.416667	0.600000	1.500000	0.039777	0.095977	10.000000	10.716507	11.502915	2999
0.416667	0.600000	1.500000	0.065903	0.070570	10.000000	10.615003	11.502582	2999
0.416667	0.600000	1.500000	0.037877	0.098520	10.000000	10.726035	11.502817	2999
0.416667	0.600000	1.500000	0.046297	0.087633	10.000000	10.685922	11.502627	2999
0.416667	0.600000	1.500000	0.031823	0.106587	10.000000	10.756610	11.503055	2999
0.416667	0.600000	1.500000	0.062860	0.071780	10.000000	10.624321	11.502392	2999
0.416667	0.600000	1.500000	0.055910	0.077650	10.000000	10.649536	11.502610	2999
0.416667	0.600000	1.500000	0.039953	0.094230	10.000000	10.714901	11.502748	2999
0.416667	0.600000	1.500000	0.055957	0.076537	10.000000	10.647293	11.502894	2999
0.416667	0.600000	1.500000	0.040160	0.094310	10.000000	10.712565	11.502555	2999
0.416667	0.600000	1.500000	0.047017	0.086683	10.000000	10.684943	11.502993	2999
0.416667	0.600000	1.500000	0.049620	0.083693	10.000000	10.674532	11.502543	2999
0.416667	0.600000	1.500000	0.051547	0.081510	10.000000	10.664227	11.502712	2999
0.416667	0.600000	1.500000	0.047490	0.086067	10.000000	10.682486	11.502860	2999
0.416667	0.600000	1.500000	0.049980	0.082920	10.000000	10.670703	11.502591	2999
0.416667	0.600000	1.500000	0.067603	0.067947	10.000000	10.608892	11.502601	2999
0.416667	0.600000	1.500000	0.046833	0.086360	10.000000	10.684260	11.502833	2999
0.416667	0.600000	1.500000	0.041880	0.093250	10.000000	10.704712	11.502492	2999
0.416667	0.600000	1.500000	0.055060	0.078767	10.000000	10.651359	11.502715	2999
0.416667	0.600000	1.500000	0.063787	0.073303	10.000000	10.625571	11.503042	2999
0.416667	0.600000	1.500000	0.063430	0.072080	10.000000	10.624655	11.502834	2999
0.416667	0.600000	1.500000	0.043297	0.090143	10.000000	10.700184	11.502773	2999
0.416667	0.600000	1.500000	0.052590	0.081653	10.000000	10.664480	11.502929	2999
0.416667	0.600000	1.500000	0.055120	0.077853	10.000000	10.652134	11.502621	2999
0.416667	0.600000	1.500000	0.048273	0.085907	10.000000	10.677935	11.502382	2999
0.416667	0.600000	1.500000	0.055223	0.078247	10.000000	10.651094	11.502599	2999
0.416667	0.600000	1.500000	0.047787	0.085430	10.000000	10.678514	11.502481	2999
0.416667	0.600000	1.500000	0.047460	0.085817	10.000000	10.682570	11.502579	2999
0.416667	0.600000	1.500000	0.060083	0.075403	10.000000	10.633728	11.502374	2999
0.416667	0.600000	1.500000	0.045513	0.087710	10.000000	10.689242	11.502513	2999
0.416667	0.600000	1.500000	0.044557	0.090270	10.000000	10.694672	11.502577	2999
0.416667	0.600000	1.500000	0.045973	0.087137	10.000000	10.686591	11.502822	2999
0.416667	0.600000	1.500000	0.052293	0.080947	10.000000	10.661221	11.502780	2999
0.416667	0.600000	1.500000	0.045923	0.087753	10.000000	10.687739	11.502610	2999
0.416667	0.600000	1.500000	0.049353	0.084370	10.000000	10.675466	11.502485	2999
0.416667	0.600000	1.500000	0.044583	0.088830	10.000000	10.694465	11.502577	2999
0.416667	0.600000	1.500000	0.037723	0.098243	10.000000	10.724671	11.502366	2999
0.416667	0.600000	1.500000	0.037670	0.098443	10.000000	10.725629	11.502720	2999
0.416667	0.600000	1.500000	0.057280	0.076417	10.000000	10.644099	11.502554	2999
0.416667	0.600000	1.500000	0.040247	0.094980	10.000000	10.711578	11.502239	2999
0.416667	0.600000	1.500000	0.048107	0.086150	10.000000	10.679969	11.502877	2999
0.416667	0.600000	1.500000	0.055323	0.078630	10.000000	10.650442	11.502401	2999
0.416667	0.600000	1.500000	0.048097	0.085477	10.000000	10.680776	11.503075	2999
0.416667	0.600000	1.500000	0.043587	0.090117	10.000000	10.698015	11.502956	2999
0.416667	0.600000	1.500000	0.043270	0.091537	10.000000	10.702102	11.502676	2999
0.416667	0.600000	1.500000	0.041190	0.095083	10.000000	10.709081	11.502509	2999
0.416667	0.600000	1.500000	0.050850	0.083023	10.000000	10.668403	11.502850	2999
0.416667	0.600000	1.500000	0.056813	0.077243	10.000000	10.644308	11.502467	2999
0.416667	0.600000	1.500000	0.055233	0.078123	10.000000	10.652479	11.502959	2999
0.416667	0.600000	1.500000	0.045210	0.088733	10.000000	10.691203	11.502674	2999
0.416667	0.600000	1.500000	0.039257	0.095420	10.000000	10.717044	11.502667	2999
0.416667	0.600000	1.500000	0.053653	0.078780	10.000000	10.655866	11.502785	2999
0.416667	0.600000	1.500000	0.040720	0.093463	10.000000	10.711132	11.502756	2999
0.416667	0.600000	1.500000	0.048680	0.084093	10.000000	10.676169	11.502659	2999
0.416667	0.600000	1.500000	0.041773	0.091743	10.000000	10.705488	11.502852	2999
0.416667	0.600000	1.500000	0.040237	0.094783	10.000000	10.713741	11.502383	2999
0.416667	0.600000	1.500000	0.067097	0.069003	10.000000	10.610997	11.502585	2999
0.416667	0.600000	1.500000	0.056693	0.076757	10.000000	10.645923	11.502433	2999
0.416667	0.600000	1.500000	0.063563	0.071443	10.000000	10.623117	11.502434	2999
0.416667	0.600000	1.500000	0.059207	0.075380	10.000000	10.637108	11.502670	2999
0.416667	0.600000	1.500000	0.062153	0.072563	10.000000	10.629759	11.502959	2999
0.416667	0.600000	1.500000	0.052167	0.082017	10.000000	10.662743	11.502869	2999
0.416667	0.600000	1.500000	0.043463	0.090347	10.000000	10.698953	11.502632	2999
0.416667	0.600000	1.500000	0.044683	0.088827	10.000000	10.693600	11.502303	2999
0.416667	0.600000	1.500000	0.040273	0.093777	10.000000	10.712496	11.502376	2999
0.416667	0.600000	1.500000	0.058180	0.075407	10.000000	10.639064	11.502805	2999
0.416667	0.600000	1.500000	0.060273	0.073973	10.000000	10.632972	11.502211	2999
0.416667	0.600000	1.500000	0.037453	0.100447	10.000000	10.730816	11.502650	2999
0.416667	0.600000	1.500000	0.049337	0.084970	10.000000	10.674367	11.503136	2999
0.416667	0.600000	1.500000	0.053543	0.078890	10.000000	10.656935	11.502899	2999
0.416667	0.600000	1.500000	0.048740	0.085770	10.000000	10.677048	11.502564	2999
0.416667	0.600000	1.500000	0.042600	0.091170	10.000000	10.702822	11.502527	2999
0.416667	0.600000	1.500000	0.044467	0.089440	10.000000	10.694673	11.502280	2999
0.416667	0.600000	1.500000	0.041157	0.092650	10.000000	10.707626	11.502427	2999
0.416667	0.600000	1.500000	0.069447	0.068177	10.000000	10.605806	11.502798	2999
0.416667	0.600000	1.500000	0.041890	0.093913	10.000000	10.705007	11.502955	2999
0.416667	0.600000	1.500000	0.044927	0.088407	10.000000	10.691922	11.502648	2999
0.416667	0.600000	1.500000	0.054490	0.078837	10.000000	10.655572	11.502395	2999
0.416667	0.600000	1.500000	0.047447	0.086483	10.000000	10.680575	11.502794	2999
0.416667	0.600000	1.500000	0.058060	0.075663	10.000000	10.641042	11.502575	2999
0.416667	0.600000	1.500000	0.044080	0.090083	10.000000	10.694406	11.502340	2999
0.416667	0.600000	1.500000	0.051350	0.081323	10.000000	10.666369	11.502891	2999
0.416667	0.600000	1.500000	0.044247	0.090017	10.000000	10.693953	11.502490	2999
0.416667	0.600000	2.000000	0.012240	0.039463	10.000000	10.944922	12.002528	2999
0.416667	0.600000	2.000000	0.022760	0.027520	10.000000	10.842561	12.002637	2999
0.416667	0.600000	2.000000	0.016120	0.032513	10.000000	10.897224	12.002682	2999
0.416667	0.600000	2.000000	0.024583	0.025227	10.000000	10.822835	12.002339	2999
0.416667	0.600000	2.000000	0.015530	0.033013	10.000000	10.900347	12.002704	2999
0.416667	0.600000	2.000000	0.024640	0.024403	10.000000	10.820732	12.002620	2999
0.416667	0.600000	2.000000	0.022377	0.026367	10.000000	10.838317	12.002668	2999
0.416667	0.600000	2.000000	0.020270	0.028193	10.000000	10.856127	12.002638	2999
0.416667	0.600000	2.000000	0.016267	0.033453	10.000000	10.893767	12.002716	2999
0.416667	0.600000	2.000000	0.015973	0.032843	10.000000	10.894423	12.002728	2999
0.416667	0.600000	2.000000	0.022417	0.026133	10.000000	10.837302	12.002743	2999
0.416667	0.600000	2.000000	0.024293	0.025117	10.000000	10.823835	12.002588	2999
0.416667	0.600000	2.000000	0.020127	0.028167	10.000000	10.853708	12.002473	2999
0.416667	0.600000	2.000000	0.015950	0.033030	10.000000	10.899905	12.002893	2999
0.416667	0.600000	2.000000	0.018163	0.030383	10.000000	10.872947	12.002437	2999
0.416667	0.600000	2.000000	0.019580	0.029710	10.000000	10.863108	12.002593	2999
0.416667	0.600000	2.000000	0.016763	0.032370	10.000000	10.889495	12.002762	2999
0.416667	0.600000	2.000000	0.025213	0.024617	10.000000	10.816474	12.002685	2999
0.416667	0.600000	2.000000	0.021673	0.027457	10.000000	10.844539	12.002565	2999
0.416667	0.600000	2.000000	0.019727	0.028937	10.000000	10.862768	12.002549	2999
0.416667	0.600000	2.000000	0.017767	0.030690	10.000000	10.877389	12.002808	2999
0.416667	0.600000	2.000000	0.029383	0.021650	10.000000	10.787087	12.002603	2999
0.416667	0.600000	2.000000	0.021007	0.028320	10.000000	10.851334	12.002695	2999
0.416667	0.600000	2.000000	0.019860	0.028927	10.000000	10.860784	12.002653	2999
0.416667	0.600000	2.000000	0.022053	0.026633	10.000000	10.839924	12.002714	2999
0.416667	0.600000	2.000000	0.023023	0.025670	10.000000	10.833238	12.002577	2999
0.416667	0.600000	2.000000	0.019603	0.028103	10.000000	10.859525	12.002753	2999
0.416667	0.600000	2.000000	0.024077	0.024910	10.000000	10.823862	12.002725	2999
0.416667	0.600000	2.000000	0.020657	0.027553	10.000000	10.851363	12.002838	2999
0.416667	0.600000	2.000000	0.021470	0.027337	10.000000	10.844711	12.002207	2999
0.416667	0.600000	2.000000	0.014723	0.035867	10.000000	10.913862	12.002637	2999
0.416667	0.600000	2.000000	0.016583	0.031967	10.000000	10.888770	12.002227	2999
0.416667	0.600000	2.000000	0.017967	0.031800	10.000000	10.881906	12.002515	2999
0.416667	0.600000	2.000000	0.023520	0.025687	10.000000	10.828846	12.002626	2999
0.416667	0.600000	2.000000	0.014687	0.034463	10.000000	10.911578	12.002662	2999
0.416667	0.600000	2.000000	0.021123	0.027180	10.000000	10.847125	12.002716	2999
0.416667	0.600000	2.000000	0.019553	0.028727	10.000000	10.863272	12.002484	2999
0.416667	0.600000	2.000000	0.017683	0.030520	10.000000	10.877637	12.002598	2999
0.416667	0.600000	2.000000	0.014077	0.035603	10.000000	10.917474	12.002750	2999
0.416667	0.600000	2.000000	0.024553	0.024950	10.000000	10.823723	12.002322	2999
0.416667	0.600000	2.000000	0.023240	0.026173	10.000000	10.831567	12.002474	2999
0.416667	0.600000	2.000000	0.017073	0.031367	10.000000	10.887257	12.002709	2999
0.416667	0.600000	2.000000	0.027353	0.022943	10.000000	10.802762	12.002867	2999
0.416667	0.600000	2.000000	0.022073	0.027993	10.000000	10.844403	12.002588	2999
0.416667	0.600000	2.000000	0.020570	0.028780	10.000000	10.853739	12.002551	2999
0.416667	0.600000	2.000000	0.016840	0.032120	10.000000	10.887212	12.003243	2999
0.416667	0.600000	2.000000	0.016940	0.031850	10.000000	10.884970	12.002389	2999
0.416667	0.600000	2.000000	0.014257	0.036360	10.000000	10.919214	12.002902	2999
0.416667	0.600000	2.000000	0.025603	0.023837	10.000000	10.814362	12.002588	2999
0.416667	0.600000	2.000000	0.022063	0.027280	10.000000	10.842444	12.002704	2999
0.416667	0.600000	2.000000	0.019573	0.029050	10.000000	10.864590	12.002969	2999
0.416667	0.600000	2.000000	0.021163	0.027193	10.000000	10.848661	12.002748	2999
0.416667	0.600000	2.000000	0.013207	0.036647	10.000000	10.928411	12.002849	2999
0.416667	0.600000	2.000000	0.016563	0.032870	10.000000	10.892304	12.002834	2999
0.416667	0.600000	2.000000	0.019660	0.028993	10.000000	10.862212	12.002801	2999
0.416667	0.600000	2.000000	0.022727	0.025747	10.000000	10.833290	12.002771	2999
0.416667	0.600000	2.000000	0.019670	0.028297	10.000000	10.862575	12.002486	2999
0.416667	0.600000	2.000000	0.014560	0.035613	10.000000	10.913063	12.002544	2999
0.416667	0.600000	2.000000	0.024683	0.025213	10.000000	10.822642	12.002824	2999
0.416667	0.600000	2.000000	0.019117	0.029650	10.000000	10.866866	12.002953	2999
0.416667	0.600000	2.000000	0.017183	0.031493	10.000000	10.885464	12.002874	2999
0.416667	0.600000	2.000000	0.019853	0.027987	10.000000	10.857238	12.002529	2999
0.416667	0.600000	2.000000	0.019440	0.029620	10.000000	10.861197	12.002323	2999
0.416667	0.600000	2.000000	0.011507	0.040470	10.000000	10.951092	12.002940	2999
0.416667	0.600000	2.000000	0.017907	0.030117	10.000000	10.876584	12.002659	2999
0.416667	0.600000	2.000000	0.020647	0.027987	10.000000	10.853546	12.002871	2999
0.416667	0.600000	2.000000	0.015213	0.034843	10.000000	10.904442	12.002358	2999
0.416667	0.600000	2.000000	0.025670	0.024850	10.000000	10.817628	12.002544	2999
0.416667	0.600000	2.000000	0.024753	0.024807	10.000000	10.821535	12.003047	2999
0.416667	0.600000	2.000000	0.028373	0.022990	10.000000	10.796266	12.002738	2999
0.416667	0.600000	2.000000	0.018280	0.030537	10.000000	10.872219	12.002378	2999
0.416667	0.600000	2.000000	0.020740	0.028620	10.000000	10.852464	12.002218	2999
0.416667	0.600000	2.000000	0.015313	0.034550	10.000000	10.904691	12.002420	2999
0.416667	0.600000	2.000000	0.018493	0.029540	10.000000	10.871765	12.002442	2999
0.416667	0.600000	2.000000	0.025470	0.024360	10.000000	10.816400	12.002908	2999
0.416667	0.600000	2.000000	0.024550	0.025093	10.000000	10.823257	12.002517	2999
0.416667	0.600000	2.000000	0.023193	0.026623	10.000000	10.835854	12.002610	2999
0.416667	0.600000	2.000000	0.021803	0.027263	10.000000	10.843602	12.002796	2999
0.416667	0.600000	2.000000	0.018497	0.029997	10.000000	10.870945	12.002550	2999
0.416667	0.600000	2.000000	0.022520	0.026777	10.000000	10.840440	12.002705	2999
0.416667	0.600000	2.000000	0.018153	0.030413	10.000000	10.875500	12.002591	2999
0.416667	0.600000	2.000000	0.013850	0.036533	10.000000	10.924135	12.002667	2999
0.416667	0.600000	2.000000	0.017560	0.031040	10.000000	10.881248	12.002346	2999
0.416667	0.600000	2.000000	0.016250	0.032787	10.000000	10.895695	12.002620	2999
0.416667	0.600000	2.000000	0.014423	0.034663	10.000000	10.912428	12.002472	2999
0.416667	0.600000	2.000000	0.018540	0.030913	10.000000	10.875056	12.002626	2999
0.416667	0.600000	2.000000	0.026920	0.023157	10.000000	10.805622	12.002433	2999
0.416667	0.600000	2.000000	0.017853	0.031367	10.000000	10.877939	12.002272	2999
0.416667	0.600000	2.000000	0.018940	0.030297	10.000000	10.869132	12.002615	2999
0.416667	0.600000	2.000000	0.022567	0.026770	10.000000	10.839463	12.002733	2999
0.416667	0.600000	2.000000	0.022613	0.026620	10.000000	10.835439	12.002666	2999
0.416667	0.600000	2.000000	0.020513	0.028343	10.000000	10.854269	12.002701	2999
0.416667	0.600000	2.000000	0.013167	0.037383	10.000000	10.929062	12.002650	2999
0.416667	0.600000	2.000000	0.018507	0.030580	10.000000	10.875871	12.003091	2999
0.416667	0.600000	2.000000	0.019717	0.028983	10.000000	10.860735	12.002600	2999
0.416667	0.600000	2.000000	0.022343	0.026600	10.000000	10.839997	12.002718	2999
0.416667	0.600000	2.000000	0.017953	0.031097	10.000000	10.879420	12.002664	2999
0.416667	0.600000	2.000000	0.021767	0.027067	10.000000	10.842494	12.002631	2999
0.416667	0.600000	2.000000	0.023110	0.026403	10.000000	10.833986	12.002775	2999
0.416667	0.600000	2.000000	0.021043	0.027760	10.000000	10.849307	12.002861	2999
