mut_par_size	typ1_err	typ2_err	rej_rate	acp_rate	avg_size	avg_size_thr	avg_par_size	end_gen
0.250000	0.287473	0.684710	0.535260	0.440010	10.000000	10.247872	9.722284	2999
0.250000	0.225543	0.712370	0.534537	0.411943	10.000000	10.331095	9.558444	2999
0.250000	0.254637	0.694807	0.532553	0.423270	10.000000	10.289256	9.784511	2999
0.250000	0.275960	0.692817	0.534963	0.436320	10.000000	10.261877	9.655953	2999
0.250000	0.245527	0.708630	0.535247	0.425067	10.000000	10.301372	9.624094	2999
0.250000	0.228410	0.693357	0.529997	0.402413	10.000000	10.327069	9.483552	2999
0.250000	0.254230	0.671660	0.526203	0.409203	10.000000	10.289879	9.892079	2999
0.250000	0.236453	0.685993	0.528553	0.403223	10.000000	10.315164	9.468109	2999
0.250000	0.262133	0.688857	0.532227	0.424927	10.000000	10.279325	9.784842	2999
0.250000	0.240333	0.676420	0.525233	0.402253	10.000000	10.309164	9.905925	2999
0.250000	0.250280	0.707110	0.534370	0.427293	10.000000	10.296622	9.719616	2999
0.250000	0.234727	0.713477	0.535247	0.419200	10.000000	10.317148	9.727307	2999
0.250000	0.266827	0.680657	0.530747	0.423043	10.000000	10.274485	9.820836	2999
0.250000	0.265960	0.698267	0.534527	0.433347	10.000000	10.275126	9.688514	2999
0.250000	0.270503	0.695720	0.534753	0.436357	10.000000	10.268706	9.677636	2999
0.250000	0.237917	0.700620	0.532430	0.412623	10.000000	10.313889	9.521895	2999
0.250000	0.275260	0.693860	0.535067	0.437790	10.000000	10.262857	9.666503	2999
0.250000	0.217447	0.703223	0.532343	0.399360	10.000000	10.340784	9.507442	2999
0.250000	0.269553	0.683813	0.532007	0.427410	10.000000	10.269824	9.789995	2999
0.250000	0.255680	0.704920	0.534633	0.429653	10.000000	10.287644	9.678573	2999
0.250000	0.253113	0.697013	0.532287	0.423580	10.000000	10.291125	9.774819	2999
0.250000	0.227273	0.687520	0.527307	0.398620	10.000000	10.327545	9.457326	2999
0.250000	0.266210	0.695727	0.535650	0.432247	10.000000	10.274939	9.568274	2999
0.250000	0.249930	0.701393	0.533520	0.423450	10.000000	10.295648	9.745999	2999
0.250000	0.281903	0.652227	0.525233	0.416743	10.000000	10.255461	9.888694	2999
0.250000	0.262800	0.668290	0.527207	0.412800	10.000000	10.278934	9.881518	2999
0.250000	0.260510	0.700970	0.534653	0.431900	10.000000	10.281393	9.621138	2999
0.250000	0.281053	0.692343	0.535413	0.441247	10.000000	10.256278	9.648286	2999
0.250000	0.254480	0.639010	0.517390	0.388313	10.000000	10.288995	9.987384	2999
0.250000	0.242210	0.707573	0.534073	0.422130	10.000000	10.309056	9.595135	2999
0.250000	0.198020	0.645153	0.512477	0.350940	10.000000	10.374070	9.321944	2999
0.250000	0.264663	0.699813	0.535627	0.433983	10.000000	10.278012	9.653668	2999
0.250000	0.242487	0.694713	0.530947	0.415737	10.000000	10.305774	9.508276	2999
0.250000	0.276903	0.694660	0.535167	0.439793	10.000000	10.260328	9.639644	2999
0.250000	0.254417	0.697237	0.533070	0.424187	10.000000	10.290164	9.547670	2999
0.250000	0.242663	0.699937	0.532813	0.416730	10.000000	10.307964	9.536908	2999
0.250000	0.255047	0.699803	0.533723	0.425983	10.000000	10.289539	9.748034	2999
0.250000	0.221503	0.692627	0.528817	0.396443	10.000000	10.335626	9.472609	2999
0.250000	0.244237	0.710550	0.536250	0.424417	10.000000	10.304586	9.673461	2999
0.250000	0.247493	0.709503	0.535500	0.427463	10.000000	10.300045	9.628717	2999
0.250000	0.242807	0.709227	0.534887	0.423477	10.000000	10.305476	9.740491	2999
0.250000	0.251197	0.704687	0.534350	0.426753	10.000000	10.295266	9.600986	2999
0.250000	0.271063	0.698133	0.535510	0.437693	10.000000	10.268886	9.664054	2999
0.250000	0.264983	0.696083	0.533667	0.431763	10.000000	10.275263	9.732335	2999
0.250000	0.273827	0.695317	0.535373	0.436383	10.000000	10.264587	9.669770	2999
0.250000	0.260817	0.700093	0.534087	0.431170	10.000000	10.281181	9.640128	2999
0.250000	0.256443	0.664637	0.525153	0.406637	10.000000	10.287884	9.907978	2999
0.250000	0.283963	0.670213	0.531517	0.428297	10.000000	10.251643	9.821620	2999
0.250000	0.260977	0.692737	0.531953	0.426993	10.000000	10.280582	9.766281	2999
0.250000	0.231780	0.714080	0.536243	0.416980	10.000000	10.320970	9.595392	2999
0.250000	0.256153	0.704677	0.535883	0.430483	10.000000	10.288330	9.653935	2999
0.250000	0.278360	0.657260	0.526110	0.417200	10.000000	10.257944	9.878806	2999
0.250000	0.237747	0.708247	0.534557	0.418497	10.000000	10.313660	9.576081	2999
0.250000	0.253887	0.696503	0.532297	0.424793	10.000000	10.291323	9.538180	2999
0.250000	0.271100	0.674070	0.529853	0.422233	10.000000	10.267687	9.834307	2999
0.250000	0.232880	0.708943	0.533560	0.415807	10.000000	10.319581	9.560881	2999
0.250000	0.242523	0.641597	0.516407	0.382380	10.000000	10.306007	9.997872	2999
0.250000	0.233497	0.714603	0.536247	0.419447	10.000000	10.319045	9.639788	2999
0.250000	0.255237	0.702460	0.534167	0.429010	10.000000	10.289382	9.707657	2999
0.250000	0.273483	0.694647	0.536143	0.436097	10.000000	10.266695	9.701329	2999
0.250000	0.253410	0.705857	0.534590	0.428927	10.000000	10.291506	9.635503	2999
0.250000	0.286553	0.684530	0.535150	0.439140	10.000000	10.247949	9.720442	2999
0.250000	0.249647	0.708857	0.535413	0.428133	10.000000	10.297304	9.660306	2999
0.250000	0.242860	0.711427	0.535107	0.424603	10.000000	10.305266	9.704433	2999
0.250000	0.288537	0.678517	0.533210	0.436947	10.000000	10.245691	9.761365	2999
0.250000	0.275950	0.683843	0.532597	0.430983	10.000000	10.261882	9.778651	2999
0.250000	0.242607	0.707993	0.534653	0.421960	10.000000	10.306070	9.614234	2999
0.250000	0.250203	0.665020	0.524543	0.401713	10.000000	10.294714	9.922743	2999
0.250000	0.252040	0.705227	0.535517	0.428597	10.000000	10.292821	9.715695	2999
0.250000	0.257767	0.700563	0.534610	0.429923	10.000000	10.285867	9.740831	2999
0.250000	0.270627	0.697537	0.534523	0.437303	10.000000	10.266895	9.678597	2999
0.250000	0.255707	0.704357	0.535497	0.429990	10.000000	10.289197	9.685851	2999
0.250000	0.252160	0.707350	0.534453	0.428663	10.000000	10.292857	9.625434	2999
0.250000	0.254453	0.704673	0.534040	0.428750	10.000000	10.289365	9.683416	2999
0.250000	0.249977	0.644237	0.517950	0.389060	10.000000	10.295888	9.978427	2999
0.250000	0.241970	0.678510	0.526630	0.404297	10.000000	10.305989	9.449348	2999
0.250000	0.242110	0.701313	0.532893	0.417770	10.000000	10.308740	9.548824	2999
0.250000	0.258123	0.699933	0.534350	0.429677	10.000000	10.285468	9.602249	2999
0.250000	0.243597	0.687097	0.528483	0.409917	10.000000	10.305478	9.862507	2999
0.250000	0.266200	0.698843	0.534617	0.434003	10.000000	10.275298	9.704277	2999
0.250000	0.274347	0.671060	0.529753	0.422137	10.000000	10.263880	9.841244	2999
0.250000	0.278490	0.693850	0.535393	0.440230	10.000000	10.257936	9.674230	2999
0.250000	0.246413	0.695607	0.531073	0.417230	10.000000	10.301684	9.524870	2999
0.250000	0.234983	0.710753	0.534643	0.418723	10.000000	10.315830	9.585942	2999
0.250000	0.263697	0.692713	0.532933	0.427893	10.000000	10.277648	9.765624	2999
0.250000	0.230820	0.718280	0.536907	0.418947	10.000000	10.321623	9.687464	2999
0.250000	0.293593	0.671637	0.533383	0.436057	10.000000	10.239222	9.779587	2999
0.250000	0.261753	0.697950	0.533817	0.431313	10.000000	10.279488	9.737419	2999
0.250000	0.256220	0.705057	0.535060	0.431027	10.000000	10.287569	9.638345	2999
0.250000	0.233043	0.708463	0.534403	0.413683	10.000000	10.320285	9.568934	2999
0.250000	0.268757	0.698547	0.534940	0.435417	10.000000	10.271409	9.671260	2999
0.250000	0.250367	0.707033	0.535313	0.426857	10.000000	10.295136	9.659448	2999
0.250000	0.257510	0.689493	0.531500	0.422187	10.000000	10.286179	9.810971	2999
0.250000	0.249243	0.706413	0.534457	0.425827	10.000000	10.297857	9.624364	2999
0.250000	0.288347	0.688730	0.536780	0.442747	10.000000	10.246960	9.618589	2999
0.250000	0.256643	0.686117	0.530730	0.418493	10.000000	10.286148	9.816756	2999
0.250000	0.283000	0.690493	0.536083	0.441943	10.000000	10.252760	9.630275	2999
0.250000	0.253190	0.697820	0.534113	0.424077	10.000000	10.290994	9.774504	2999
0.250000	0.238870	0.705120	0.533543	0.417600	10.000000	10.311775	9.564992	2999
0.250000	0.268487	0.695043	0.534197	0.433510	10.000000	10.271086	9.726690	2999
0.250000	0.254420	0.682943	0.529350	0.415140	10.000000	10.290373	9.841083	2999
0.250000	0.237403	0.700753	0.532187	0.413493	10.000000	10.312623	9.817294	2999
0.250000	0.246883	0.708623	0.535407	0.425517	10.000000	10.301039	9.701162	2999
0.250000	0.262703	0.689183	0.532207	0.425057	10.000000	10.278220	9.791405	2999
0.250000	0.274150	0.684657	0.533153	0.430797	10.000000	10.262822	9.768560	2999
0.250000	0.279740	0.689420	0.534087	0.439990	10.000000	10.257643	9.731318	2999
0.250000	0.253387	0.700340	0.533020	0.424723	10.000000	10.291874	9.573967	2999
0.250000	0.286280	0.688953	0.535870	0.440733	10.000000	10.249135	9.658738	2999
0.250000	0.255497	0.701437	0.534060	0.427943	10.000000	10.288614	9.608676	2999
0.250000	0.282850	0.670460	0.530833	0.429833	10.000000	10.251955	9.817257	2999
0.250000	0.275213	0.646003	0.523543	0.406787	10.000000	10.262155	9.923168	2999
0.250000	0.235833	0.699587	0.531630	0.412353	10.000000	10.316318	9.518037	2999
0.250000	0.258077	0.688117	0.531710	0.421487	10.000000	10.284608	9.809643	2999
0.250000	0.241210	0.712150	0.535847	0.424690	10.000000	10.308161	9.612692	2999
0.250000	0.274113	0.671577	0.530913	0.422543	10.000000	10.263711	9.831392	2999
0.250000	0.278303	0.694023	0.535263	0.440120	10.000000	10.259932	9.640920	2999
0.250000	0.247983	0.667160	0.525297	0.400980	10.000000	10.299698	9.919588	2999
0.250000	0.261783	0.701293	0.535740	0.432330	10.000000	10.280266	9.671339	2999
0.250000	0.239330	0.702530	0.532353	0.417000	10.000000	10.310654	9.543688	2999
0.250000	0.268887	0.677963	0.530630	0.424110	10.000000	10.271755	9.821408	2999
0.250000	0.259810	0.702280	0.534603	0.431640	10.000000	10.282482	9.641035	2999
0.250000	0.255837	0.693793	0.533070	0.423437	10.000000	10.287865	9.789786	2999
0.250000	0.249057	0.706300	0.534577	0.427220	10.000000	10.297448	9.620533	2999
0.250000	0.277340	0.685927	0.533147	0.434283	10.000000	10.260219	9.546147	2999
0.250000	0.255797	0.704247	0.535130	0.430847	10.000000	10.287255	9.618010	2999
0.250000	0.275450	0.686957	0.532923	0.433657	10.000000	10.262051	9.759692	2999
0.250000	0.245780	0.673940	0.525767	0.404693	10.000000	10.303436	9.434574	2999
0.250000	0.284720	0.685603	0.535517	0.439953	10.000000	10.250419	9.719890	2999
0.250000	0.271660	0.669020	0.528343	0.420283	10.000000	10.267832	9.851137	2999
0.250000	0.268640	0.681287	0.531623	0.424727	10.000000	10.270835	9.804499	2999
0.250000	0.252203	0.702153	0.534267	0.425123	10.000000	10.292728	9.597834	2999
0.250000	0.289180	0.686180	0.536483	0.442163	10.000000	10.246323	9.681376	2999
0.250000	0.271873	0.683777	0.532893	0.428863	10.000000	10.267817	9.793289	2999
0.250000	0.241337	0.711743	0.535650	0.424457	10.000000	10.307229	9.680840	2999
0.250000	0.280270	0.691090	0.535390	0.439227	10.000000	10.256379	9.692023	2999
0.250000	0.263203	0.695320	0.533643	0.430093	10.000000	10.278154	9.567103	2999
0.250000	0.239093	0.705067	0.532667	0.417537	10.000000	10.311795	9.551731	2999
0.250000	0.273977	0.676037	0.530580	0.425067	10.000000	10.263672	9.818800	2999
0.250000	0.249457	0.696940	0.532543	0.421263	10.000000	10.297653	9.795575	2999
0.250000	0.198417	0.632440	0.508027	0.345267	10.000000	10.373229	9.294301	2999
0.250000	0.257153	0.696473	0.532373	0.426020	10.000000	10.285968	9.760273	2999
0.250000	0.264573	0.697080	0.534723	0.431880	10.000000	10.276850	9.717465	2999
0.250000	0.225293	0.716273	0.535457	0.413957	10.000000	10.330909	9.590526	2999
0.250000	0.281667	0.659770	0.528027	0.420553	10.000000	10.253855	9.861351	2999
0.250000	0.253407	0.706530	0.535940	0.429473	10.000000	10.292008	9.684551	2999
0.250000	0.244903	0.705330	0.533617	0.423390	10.000000	10.303444	9.748136	2999
0.250000	0.288517	0.624023	0.520623	0.401953	10.000000	10.245753	9.956630	2999
0.250000	0.252527	0.704737	0.535087	0.428003	10.000000	10.292204	9.696102	2999
0.250000	0.221670	0.717563	0.536487	0.411553	10.000000	10.334932	9.591047	2999
0.250000	0.247503	0.707830	0.535237	0.425680	10.000000	10.299151	9.637531	2999
0.250000	0.258577	0.699637	0.533530	0.429857	10.000000	10.285514	9.582857	2999
0.250000	0.216343	0.703983	0.531417	0.399407	10.000000	10.343731	9.512720	2999
0.250000	0.213013	0.702467	0.530707	0.395233	10.000000	10.347567	9.492985	2999
0.250000	0.243857	0.711957	0.534273	0.426710	10.000000	10.304827	9.666362	2999
0.250000	0.236417	0.713407	0.534933	0.421597	10.000000	10.314760	9.729304	2999
0.250000	0.269687	0.683087	0.531330	0.427340	10.000000	10.270517	9.800334	2999
0.250000	0.237920	0.644027	0.516327	0.381477	10.000000	10.311453	10.002344	2999
0.250000	0.246187	0.707723	0.534863	0.425890	10.000000	10.300612	9.705105	2999
0.250000	0.239327	0.696827	0.531193	0.412477	10.000000	10.309410	9.829438	2999
0.250000	0.270307	0.686543	0.531787	0.430070	10.000000	10.269265	9.781941	2999
0.250000	0.305813	0.675060	0.536550	0.446930	10.000000	10.226150	9.712523	2999
0.250000	0.243080	0.703783	0.533133	0.420917	10.000000	10.305502	9.561374	2999
0.250000	0.223430	0.682587	0.525440	0.392417	10.000000	10.332766	9.432993	2999
0.250000	0.276817	0.694277	0.536237	0.439540	10.000000	10.261745	9.620224	2999
0.250000	0.259823	0.702890	0.534820	0.432403	10.000000	10.283670	9.626934	2999
0.250000	0.255773	0.701360	0.533370	0.428817	10.000000	10.286645	9.596923	2999
0.250000	0.254283	0.704913	0.535577	0.429460	10.000000	10.290370	9.687796	2999
0.250000	0.273513	0.691940	0.534747	0.433927	10.000000	10.264943	9.723662	2999
0.250000	0.215097	0.721907	0.536800	0.408027	10.000000	10.345492	9.609654	2999
0.250000	0.300120	0.646497	0.529943	0.422783	10.000000	10.232364	9.868851	2999
0.250000	0.284033	0.691483	0.536223	0.442807	10.000000	10.252640	9.621995	2999
0.250000	0.267147	0.696773	0.534700	0.434483	10.000000	10.273255	9.590224	2999
0.250000	0.276897	0.686937	0.534467	0.434110	10.000000	10.260296	9.743732	2999
0.250000	0.242600	0.684673	0.528003	0.407797	10.000000	10.305657	9.469511	2999
0.250000	0.269047	0.698330	0.535337	0.436073	10.000000	10.271230	9.643540	2999
0.250000	0.251000	0.705957	0.535403	0.426967	10.000000	10.294288	9.691620	2999
0.250000	0.249587	0.705793	0.535133	0.426303	10.000000	10.296716	9.717479	2999
0.250000	0.284783	0.685337	0.534257	0.439390	10.000000	10.250370	9.720331	2999
0.250000	0.252157	0.691573	0.531340	0.419403	10.000000	10.293302	9.507248	2999
0.250000	0.284673	0.687163	0.534777	0.440257	10.000000	10.250625	9.727600	2999
0.250000	0.274350	0.694363	0.534880	0.437840	10.000000	10.264696	9.631329	2999
0.250000	0.276610	0.672400	0.530533	0.425623	10.000000	10.262259	9.829892	2999
0.250000	0.261097	0.656573	0.523633	0.404467	10.000000	10.280178	9.918265	2999
0.250000	0.275697	0.690807	0.535703	0.434977	10.000000	10.261751	9.720625	2999
0.250000	0.283683	0.682130	0.534043	0.435850	10.000000	10.252475	9.756610	2999
0.250000	0.256833	0.703100	0.535000	0.430183	10.000000	10.286187	9.638603	2999
0.250000	0.285807	0.687663	0.535107	0.442000	10.000000	10.249378	9.686281	2999
0.250000	0.240120	0.713133	0.535863	0.423403	10.000000	10.309850	9.694686	2999
0.250000	0.239380	0.712770	0.535853	0.422730	10.000000	10.310566	9.702976	2999
0.250000	0.254467	0.704820	0.535963	0.428593	10.000000	10.290570	9.648434	2999
0.250000	0.250430	0.707780	0.536073	0.427160	10.000000	10.295228	9.653877	2999
0.250000	0.292773	0.581783	0.511647	0.377480	10.000000	10.241040	10.043811	2999
0.250000	0.274027	0.683467	0.532880	0.428850	10.000000	10.264148	9.774018	2999
0.250000	0.255767	0.703170	0.534137	0.429650	10.000000	10.287337	9.713264	2999
0.250000	0.259997	0.686873	0.531273	0.422617	10.000000	10.281586	9.808311	2999
0.250000	0.262627	0.700957	0.534940	0.433810	10.000000	10.277927	9.671329	2999
0.250000	0.286443	0.687787	0.535717	0.442117	10.000000	10.249968	9.593069	2999
0.250000	0.263390	0.699420	0.534787	0.432573	10.000000	10.278751	9.706246	2999
0.250000	0.290073	0.687790	0.536233	0.443297	10.000000	10.244143	9.653342	2999
0.250000	0.244463	0.653347	0.519763	0.391350	10.000000	10.303449	9.961954	2999
0.250000	0.239567	0.713147	0.535647	0.422960	10.000000	10.309554	9.652574	2999
0.250000	0.230527	0.713687	0.535800	0.416347	10.000000	10.322509	9.613794	2999
0.250000	0.245840	0.688707	0.530233	0.413443	10.000000	10.302757	9.484603	2999
0.250000	0.278623	0.663703	0.529197	0.420063	10.000000	10.258787	9.858661	2999
0.250000	0.298937	0.670730	0.534690	0.439447	10.000000	10.233885	9.774027	2999
0.250000	0.275620	0.686810	0.533610	0.433117	10.000000	10.260933	9.743759	2999
0.250000	0.253960	0.691753	0.531297	0.420727	10.000000	10.290135	9.807006	2999
0.250000	0.255670	0.693710	0.532307	0.422243	10.000000	10.287570	9.786678	2999
0.250000	0.233277	0.713133	0.535337	0.419023	10.000000	10.317333	9.754625	2999
0.250000	0.257367	0.703447	0.535013	0.431057	10.000000	10.285959	9.697000	2999
0.250000	0.260853	0.699457	0.534400	0.431350	10.000000	10.280738	9.598774	2999
0.250000	0.258740	0.682883	0.529087	0.418193	10.000000	10.283792	9.833624	2999
0.250000	0.233187	0.705673	0.533380	0.413093	10.000000	10.318970	9.544017	2999
0.250000	0.228743	0.689133	0.528077	0.401637	10.000000	10.325375	9.464046	2999
0.250000	0.252633	0.705177	0.533970	0.428817	10.000000	10.292325	9.645900	2999
0.250000	0.248610	0.702730	0.533257	0.423980	10.000000	10.298611	9.554265	2999
0.250000	0.246707	0.705220	0.534363	0.423833	10.000000	10.300482	9.750879	2999
0.250000	0.282117	0.638157	0.522823	0.406720	10.000000	10.253939	9.926132	2999
0.250000	0.263260	0.625603	0.514373	0.387557	10.000000	10.276745	9.997396	2999
0.250000	0.260650	0.694013	0.533637	0.426017	10.000000	10.282808	9.537819	2999
0.250000	0.244110	0.657157	0.521157	0.392673	10.000000	10.303915	9.957093	2999
0.250000	0.255790	0.704333	0.534030	0.430597	10.000000	10.288153	9.658369	2999
0.250000	0.236437	0.595820	0.502013	0.351677	10.000000	10.314282	10.111341	2999
0.250000	0.251353	0.705207	0.534267	0.427337	10.000000	10.294670	9.622643	2999
0.250000	0.251797	0.706040	0.535380	0.427230	10.000000	10.293137	9.699580	2999
0.250000	0.257233	0.693267	0.532793	0.424123	10.000000	10.287116	9.786082	2999
0.250000	0.264707	0.699693	0.534793	0.433157	10.000000	10.276793	9.703068	2999
0.250000	0.238620	0.706227	0.533527	0.418767	10.000000	10.311304	9.765206	2999
0.250000	0.271353	0.695380	0.534917	0.436547	10.000000	10.268615	9.698594	2999
0.250000	0.279310	0.660933	0.528343	0.420310	10.000000	10.257916	9.865004	2999
0.250000	0.270690	0.694783	0.534660	0.434893	10.000000	10.268841	9.687848	2999
0.250000	0.242040	0.703613	0.532237	0.419407	10.000000	10.307156	9.783492	2999
0.250000	0.238210	0.701763	0.532247	0.415843	10.000000	10.311666	9.803478	2999
0.250000	0.267110	0.691873	0.534000	0.430573	10.000000	10.274575	9.744945	2999
0.250000	0.262883	0.701660	0.535680	0.434307	10.000000	10.279080	9.692975	2999
0.250000	0.254110	0.705367	0.535263	0.429260	10.000000	10.291570	9.631067	2999
0.250000	0.271300	0.689540	0.533373	0.431907	10.000000	10.268377	9.758577	2999
0.250000	0.258977	0.701550	0.534300	0.430767	10.000000	10.283537	9.710656	2999
0.250000	0.242820	0.705873	0.534387	0.422157	10.000000	10.306149	9.579203	2999
0.250000	0.236470	0.706840	0.533713	0.416960	10.000000	10.314389	9.557575	2999
0.250000	0.275437	0.692683	0.534223	0.436830	10.000000	10.263794	9.722310	2999
0.250000	0.279610	0.674580	0.530873	0.429097	10.000000	10.257095	9.804778	2999
0.250000	0.239283	0.710930	0.535320	0.420997	10.000000	10.311080	9.608806	2999
0.250000	0.235810	0.705643	0.533567	0.415863	10.000000	10.315426	9.795756	2999
0.250000	0.243497	0.699377	0.532200	0.418267	10.000000	10.305479	9.531028	2999
0.250000	0.255950	0.704527	0.535067	0.429873	10.000000	10.287006	9.655295	2999
0.250000	0.270220	0.675247	0.529747	0.422107	10.000000	10.269138	9.831349	2999
0.250000	0.258830	0.701130	0.534597	0.430927	10.000000	10.283634	9.720428	2999
0.250000	0.271817	0.696067	0.535883	0.436527	10.000000	10.267114	9.621358	2999
0.250000	0.257480	0.665900	0.526347	0.407180	10.000000	10.285027	9.893347	2999
0.250000	0.264600	0.700153	0.535567	0.433347	10.000000	10.276814	9.659401	2999
0.250000	0.234720	0.714710	0.535887	0.419017	10.000000	10.316880	9.632974	2999
0.250000	0.242320	0.709787	0.535263	0.422753	10.000000	10.305419	9.717481	2999
0.250000	0.286233	0.673747	0.532137	0.432180	10.000000	10.247632	9.791053	2999
0.250000	0.244917	0.692103	0.530787	0.414247	10.000000	10.302796	9.498492	2999
0.250000	0.257610	0.690377	0.532097	0.422963	10.000000	10.286315	9.517441	2999
0.250000	0.234013	0.703910	0.532820	0.412133	10.000000	10.318233	9.534272	2999
0.250000	0.247610	0.707530	0.535277	0.426460	10.000000	10.299594	9.725909	2999
0.250000	0.280893	0.676270	0.532307	0.430797	10.000000	10.254932	9.801004	2999
0.250000	0.241580	0.711690	0.535403	0.423997	10.000000	10.306043	9.661134	2999
0.250000	0.270993	0.688407	0.533997	0.431237	10.000000	10.268123	9.758384	2999
0.250000	0.268180	0.698277	0.536113	0.433947	10.000000	10.271573	9.686262	2999
0.250000	0.287400	0.688997	0.535937	0.443603	10.000000	10.247827	9.637235	2999
0.250000	0.266653	0.692990	0.532823	0.430957	10.000000	10.273102	9.741839	2999
0.250000	0.277040	0.687150	0.533493	0.435423	10.000000	10.260525	9.735717	2999
0.250000	0.261370	0.682613	0.529843	0.421527	10.000000	10.280116	9.824698	2999
0.250000	0.259513	0.697190	0.534663	0.427493	10.000000	10.282583	9.751111	2999
0.250000	0.244183	0.701183	0.534033	0.420603	10.000000	10.303694	9.546467	2999
0.250000	0.256363	0.690640	0.531890	0.421507	10.000000	10.286578	9.808058	2999
0.250000	0.258383	0.656137	0.521447	0.402977	10.000000	10.283561	9.925957	2999
0.250000	0.249363	0.707960	0.534620	0.428343	10.000000	10.296824	9.665090	2999
0.250000	0.247507	0.706147	0.534613	0.424277	10.000000	10.298181	9.595765	2999
0.250000	0.266257	0.652580	0.522703	0.406247	10.000000	10.273678	9.918383	2999
0.250000	0.282067	0.682443	0.534587	0.435323	10.000000	10.254447	9.757638	2999
0.250000	0.256817	0.700077	0.533320	0.428417	10.000000	10.288465	9.572418	2999
0.250000	0.267897	0.694203	0.533547	0.434137	10.000000	10.271939	9.569178	2999
0.250000	0.271380	0.696857	0.535173	0.436387	10.000000	10.268453	9.639077	2999
0.250000	0.242037	0.683183	0.527280	0.408030	10.000000	10.306658	9.461906	2999
0.250000	0.234660	0.712613	0.534757	0.419033	10.000000	10.315903	9.618260	2999
0.250000	0.254893	0.701440	0.533493	0.427987	10.000000	10.289070	9.583507	2999
0.250000	0.271020	0.693267	0.534440	0.433693	10.000000	10.268825	9.733783	2999
0.250000	0.237107	0.714767	0.535787	0.422400	10.000000	10.313770	9.698822	2999
0.250000	0.253610	0.698290	0.532880	0.425340	10.000000	10.292273	9.546023	2999
0.250000	0.286913	0.682583	0.534373	0.437930	10.000000	10.249155	9.744282	2999
0.250000	0.276873	0.642223	0.522977	0.405550	10.000000	10.261725	9.928056	2999
0.250000	0.244943	0.708417	0.535330	0.423000	10.000000	10.301998	9.618999	2999
0.250000	0.265837	0.699043	0.534537	0.434660	10.000000	10.274576	9.669048	2999
0.250000	0.258220	0.695013	0.532687	0.425777	10.000000	10.284322	9.765148	2999
0.250000	0.264893	0.678717	0.530047	0.421777	10.000000	10.276287	9.832129	2999
0.250000	0.264450	0.699550	0.535290	0.434457	10.000000	10.277221	9.663991	2999
0.250000	0.247243	0.704800	0.534520	0.422773	10.000000	10.299416	9.725443	2999
0.250000	0.260947	0.695870	0.533880	0.428690	10.000000	10.281289	9.770321	2999
0.250000	0.282830	0.688800	0.535417	0.439207	10.000000	10.253470	9.701394	2999
0.250000	0.252207	0.705320	0.535140	0.427923	10.000000	10.292203	9.642235	2999
0.250000	0.250040	0.673870	0.525353	0.407490	10.000000	10.295055	9.891472	2999
0.250000	0.248633	0.707307	0.534580	0.427707	10.000000	10.297820	9.609782	2999
0.250000	0.196820	0.702807	0.531050	0.381900	10.000000	10.374080	9.474097	2999
0.250000	0.261757	0.682787	0.529733	0.420163	10.000000	10.279524	9.831195	2999
0.250000	0.244887	0.707430	0.534310	0.423357	10.000000	10.303063	9.606552	2999
0.250000	0.255790	0.588373	0.503050	0.359843	10.000000	10.288217	10.094305	2999
0.250000	0.267620	0.657167	0.525100	0.409250	10.000000	10.272896	9.902589	2999
0.250000	0.244863	0.704280	0.533327	0.422343	10.000000	10.303452	9.763159	2999
0.250000	0.279313	0.694797	0.535950	0.440543	10.000000	10.258484	9.630346	2999
0.250000	0.267810	0.696940	0.534560	0.433747	10.000000	10.272810	9.700602	2999
0.250000	0.262607	0.698440	0.537537	0.429903	10.000000	10.281374	9.702527	2999
0.250000	0.285600	0.686783	0.535197	0.441440	10.000000	10.250771	9.705826	2999
0.250000	0.258210	0.673067	0.527080	0.412573	10.000000	10.284891	9.872618	2999
0.250000	0.246503	0.709330	0.535670	0.426233	10.000000	10.301077	9.668577	2999
0.250000	0.256753	0.703777	0.535477	0.430277	10.000000	10.286534	9.693754	2999
0.250000	0.224870	0.713913	0.535133	0.411643	10.000000	10.330458	9.569701	2999
0.250000	0.288477	0.687940	0.536727	0.442190	10.000000	10.246588	9.679657	2999
0.250000	0.242740	0.671897	0.523917	0.401223	10.000000	10.306337	9.418686	2999
0.250000	0.262400	0.695807	0.533940	0.430213	10.000000	10.278189	9.752127	2999
0.250000	0.247730	0.695423	0.531407	0.418670	10.000000	10.299035	9.518368	2999
0.250000	0.267687	0.697520	0.534827	0.435493	10.000000	10.272223	9.686905	2999
0.250000	0.270560	0.695140	0.534840	0.434900	10.000000	10.269618	9.597089	2999
0.250000	0.253633	0.703300	0.534800	0.426697	10.000000	10.292202	9.609517	2999
0.250000	0.238907	0.691620	0.529343	0.409987	10.000000	10.310795	9.850501	2999
0.250000	0.235950	0.707307	0.532967	0.417340	10.000000	10.314988	9.568412	2999
0.250000	0.271900	0.690370	0.534020	0.433237	10.000000	10.267947	9.545084	2999
0.250000	0.248873	0.663830	0.523380	0.401727	10.000000	10.296841	9.924024	2999
0.250000	0.247077	0.708590	0.535557	0.425633	10.000000	10.299190	9.705150	2999
0.250000	0.276457	0.670283	0.529400	0.423540	10.000000	10.261484	9.840465	2999
0.250000	0.250183	0.706737	0.535640	0.427330	10.000000	10.295982	9.604727	2999
0.250000	0.280380	0.690223	0.535917	0.438233	10.000000	10.256961	9.581029	2999
0.250000	0.258643	0.703027	0.534873	0.431303	10.000000	10.284442	9.652406	2999
0.250000	0.235793	0.716067	0.537550	0.421100	10.000000	10.315347	9.672742	2999
0.250000	0.235297	0.707557	0.534037	0.415150	10.000000	10.316408	9.560110	2999
0.250000	0.258180	0.698363	0.533240	0.427817	10.000000	10.285489	9.746882	2999
0.250000	0.238220	0.705743	0.533413	0.418660	10.000000	10.312198	9.552070	2999
0.250000	0.242490	0.709530	0.536097	0.421893	10.000000	10.306553	9.622146	2999
0.250000	0.248363	0.702157	0.532557	0.423270	10.000000	10.298170	9.569336	2999
0.250000	0.239803	0.713873	0.535253	0.423550	10.000000	10.309485	9.640328	2999
0.250000	0.247733	0.691850	0.530933	0.416403	10.000000	10.298185	9.817466	2999
0.250000	0.282250	0.692537	0.535517	0.442260	10.000000	10.253192	9.636791	2999
0.250000	0.231873	0.718120	0.536433	0.419273	10.000000	10.320153	9.683666	2999
0.250000	0.284817	0.689777	0.535867	0.442610	10.000000	10.250610	9.614650	2999
0.250000	0.286437	0.654953	0.528180	0.420580	10.000000	10.248726	9.867888	2999
0.250000	0.264607	0.694880	0.533827	0.431280	10.000000	10.276832	9.567409	2999
0.250000	0.240410	0.697183	0.530947	0.415027	10.000000	10.308946	9.514895	2999
0.250000	0.262360	0.697113	0.533880	0.430890	10.000000	10.279398	9.737199	2999
0.250000	0.248710	0.700773	0.533263	0.422143	10.000000	10.297700	9.776374	2999
0.250000	0.243117	0.700167	0.532777	0.418280	10.000000	10.304343	9.542169	2999
0.250000	0.246350	0.708047	0.534463	0.426060	10.000000	10.300650	9.666801	2999
0.250000	0.225533	0.693727	0.529573	0.399383	10.000000	10.331692	9.479456	2999
0.250000	0.265817	0.697657	0.535117	0.433487	10.000000	10.273983	9.690099	2999
0.250000	0.234223	0.708677	0.533957	0.415750	10.000000	10.318456	9.567917	2999
0.250000	0.282833	0.690493	0.535157	0.441733	10.000000	10.252802	9.686071	2999
0.250000	0.266910	0.697043	0.534297	0.433677	10.000000	10.273317	9.593852	2999
0.250000	0.281597	0.690197	0.534777	0.440497	10.000000	10.255040	9.704701	2999
0.250000	0.256780	0.702093	0.534273	0.428827	10.000000	10.286183	9.714346	2999
0.250000	0.296437	0.682350	0.536197	0.444673	10.000000	10.237418	9.668837	2999
0.250000	0.253183	0.705343	0.535477	0.428963	10.000000	10.291741	9.604282	2999
0.250000	0.239333	0.698420	0.531427	0.413800	10.000000	10.310400	9.520438	2999
0.250000	0.239890	0.711240	0.536373	0.421547	10.000000	10.308895	9.714196	2999
0.250000	0.262980	0.700093	0.534610	0.431337	10.000000	10.278160	9.616037	2999
0.250000	0.221593	0.670193	0.521983	0.382760	10.000000	10.337552	9.394999	2999
0.250000	0.239873	0.697037	0.531003	0.414063	10.000000	10.309095	9.817991	2999
0.250000	0.245493	0.705817	0.535230	0.422057	10.000000	10.302297	9.586368	2999
0.250000	0.274183	0.690360	0.534383	0.434537	10.000000	10.265352	9.741202	2999
0.250000	0.254697	0.685137	0.529473	0.418897	10.000000	10.290699	9.486157	2999
0.250000	0.300213	0.682743	0.537560	0.448017	10.000000	10.232073	9.653485	2999
0.250000	0.258163	0.704350	0.535733	0.432070	10.000000	10.285602	9.684343	2999
0.250000	0.260267	0.701380	0.534490	0.431723	10.000000	10.281718	9.604943	2999
0.250000	0.276627	0.691890	0.534677	0.438913	10.000000	10.260623	9.705204	2999
0.250000	0.284823	0.658897	0.528247	0.421883	10.000000	10.250439	9.858692	2999
0.250000	0.246307	0.664537	0.523167	0.399110	10.000000	10.302512	9.400085	2999
0.250000	0.241103	0.698897	0.532270	0.414147	10.000000	10.308222	9.818859	2999
0.250000	0.238883	0.713907	0.536187	0.422993	10.000000	10.310865	9.711868	2999
0.250000	0.204297	0.661423	0.517093	0.365940	10.000000	10.361668	9.360165	2999
0.250000	0.222957	0.701497	0.530977	0.403527	10.000000	10.334487	9.508088	2999
0.250000	0.266580	0.698790	0.535180	0.434143	10.000000	10.274045	9.650512	2999
0.250000	0.262753	0.688640	0.531693	0.425237	10.000000	10.278251	9.789937	2999
0.250000	0.283710	0.676600	0.532470	0.432343	10.000000	10.250814	9.782272	2999
0.250000	0.253973	0.705910	0.535033	0.429033	10.000000	10.290652	9.662590	2999
0.250000	0.253270	0.692710	0.531313	0.420640	10.000000	10.290059	9.799375	2999
0.250000	0.267720	0.699780	0.535810	0.436237	10.000000	10.273188	9.655349	2999
0.250000	0.223030	0.694477	0.530090	0.397647	10.000000	10.333825	9.475128	2999
0.250000	0.239593	0.711913	0.534687	0.423403	10.000000	10.310564	9.621679	2999
0.250000	0.237863	0.705247	0.533700	0.415697	10.000000	10.312495	9.557337	2999
0.250000	0.250013	0.695597	0.531690	0.420627	10.000000	10.295832	9.798268	2999
0.250000	0.267833	0.697303	0.535237	0.433950	10.000000	10.273055	9.626492	2999
0.250000	0.268040	0.697017	0.534143	0.435960	10.000000	10.272489	9.590390	2999
0.250000	0.257803	0.699877	0.533987	0.428073	10.000000	10.284531	9.715568	2999
0.250000	0.253307	0.706573	0.535440	0.429500	10.000000	10.291643	9.682378	2999
0.250000	0.257237	0.701137	0.534667	0.429110	10.000000	10.286376	9.598941	2999
0.250000	0.192433	0.681480	0.523413	0.366513	10.000000	10.380772	9.409722	2999
0.250000	0.265510	0.674663	0.528270	0.419087	10.000000	10.275236	9.849360	2999
0.250000	0.210473	0.716237	0.534213	0.401567	10.000000	10.351742	9.550686	2999
0.250000	0.278890	0.670723	0.530393	0.426173	10.000000	10.259023	9.828190	2999
0.250000	0.288763	0.667977	0.531753	0.430073	10.000000	10.245070	9.814935	2999
0.250000	0.242433	0.687953	0.528587	0.410350	10.000000	10.307500	9.482488	2999
0.250000	0.254653	0.697973	0.532830	0.425750	10.000000	10.290492	9.563368	2999
0.250000	0.217040	0.547647	0.483747	0.312057	10.000000	10.341175	10.234916	2999
0.250000	0.247837	0.704477	0.534553	0.424530	10.000000	10.299290	9.757842	2999
0.250000	0.246427	0.709450	0.534690	0.427890	10.000000	10.300739	9.707412	2999
0.250000	0.253023	0.690330	0.531420	0.419057	10.000000	10.291683	9.816841	2999
0.250000	0.290000	0.675197	0.532533	0.436180	10.000000	10.243990	9.773504	2999
0.250000	0.276050	0.695723	0.536727	0.439433	10.000000	10.261212	9.629135	2999
0.250000	0.273357	0.679730	0.531410	0.427433	10.000000	10.265317	9.802909	2999
0.250000	0.247160	0.700957	0.533347	0.420753	10.000000	10.300856	9.556111	2999
0.250000	0.241903	0.698693	0.532237	0.416643	10.000000	10.306127	9.528507	2999
0.250000	0.262520	0.653667	0.523500	0.403100	10.000000	10.279085	9.927969	2999
0.250000	0.254770	0.703200	0.533647	0.428893	10.000000	10.289748	9.715398	2999
0.250000	0.223560	0.720197	0.537087	0.413423	10.000000	10.332736	9.628363	2999
0.250000	0.295623	0.669973	0.533463	0.435457	10.000000	10.238736	9.789711	2999
0.250000	0.233590	0.713670	0.535923	0.419477	10.000000	10.317752	9.614292	2999
0.250000	0.261640	0.660797	0.523783	0.407797	10.000000	10.280146	9.905498	2999
0.250000	0.233113	0.713520	0.534193	0.419090	10.000000	10.318413	9.749778	2999
0.250000	0.239353	0.713157	0.535590	0.423377	10.000000	10.310773	9.626751	2999
0.250000	0.221003	0.679607	0.524633	0.388687	10.000000	10.338615	9.426527	2999
0.250000	0.244680	0.704993	0.533837	0.422360	10.000000	10.302977	9.576258	2999
0.250000	0.267950	0.693047	0.534257	0.432997	10.000000	10.272885	9.564106	2999
0.250000	0.262563	0.700850	0.535363	0.432827	10.000000	10.278624	9.643447	2999
0.250000	0.266053	0.661910	0.525653	0.411243	10.000000	10.273933	9.889627	2999
0.250000	0.278320	0.693197	0.535113	0.440567	10.000000	10.258440	9.682265	2999
0.250000	0.275107	0.695037	0.535107	0.438260	10.000000	10.263692	9.612450	2999
0.250000	0.245717	0.709710	0.535890	0.424910	10.000000	10.301175	9.631556	2999
0.250000	0.273200	0.690613	0.534550	0.433923	10.000000	10.266485	9.558192	2999
0.250000	0.230020	0.670890	0.522180	0.391133	10.000000	10.324075	9.407222	2999
0.250000	0.228403	0.711277	0.534137	0.413560	10.000000	10.326780	9.571127	2999
0.250000	0.254673	0.696637	0.532680	0.424940	10.000000	10.289539	9.777855	2999
0.250000	0.267517	0.693700	0.534340	0.432123	10.000000	10.272438	9.741004	2999
0.250000	0.283947	0.690430	0.536393	0.441320	10.000000	10.252260	9.677097	2999
0.250000	0.259363	0.655057	0.522663	0.402420	10.000000	10.283022	9.929647	2999
0.250000	0.241743	0.711067	0.535613	0.423237	10.000000	10.307604	9.636956	2999
0.250000	0.247240	0.698143	0.532410	0.419730	10.000000	10.298385	9.797263	2999
0.250000	0.268857	0.691590	0.533407	0.433027	10.000000	10.271072	9.744787	2999
0.250000	0.240133	0.703903	0.532730	0.417380	10.000000	10.308773	9.789168	2999
0.250000	0.247907	0.707387	0.535510	0.426133	10.000000	10.298355	9.635512	2999
0.250000	0.267567	0.676813	0.529627	0.421073	10.000000	10.272079	9.835069	2999
0.250000	0.253080	0.669767	0.525547	0.406837	10.000000	10.290635	9.895219	2999
0.250000	0.208403	0.714050	0.534627	0.398683	10.000000	10.354033	9.535812	2999
0.250000	0.270530	0.663860	0.526620	0.415327	10.000000	10.270386	9.871973	2999
0.250000	0.265367	0.698277	0.534430	0.434437	10.000000	10.276562	9.701804	2999
0.250000	0.226933	0.683957	0.526010	0.395890	10.000000	10.327512	9.445477	2999
0.250000	0.222583	0.722430	0.537300	0.414423	10.000000	10.333893	9.698739	2999
0.250000	0.235387	0.710430	0.534997	0.417837	10.000000	10.314995	9.573044	2999
0.250000	0.248247	0.707267	0.535563	0.425657	10.000000	10.298509	9.611943	2999
0.250000	0.228787	0.683810	0.525843	0.398060	10.000000	10.325285	9.441351	2999
0.250000	0.260790	0.692483	0.532587	0.425983	10.000000	10.281161	9.536622	2999
0.250000	0.263570	0.673937	0.528887	0.415703	10.000000	10.277976	9.857573	2999
0.250000	0.266903	0.609027	0.513013	0.378300	10.000000	10.273261	10.031648	2999
0.250000	0.243083	0.710227	0.534680	0.424270	10.000000	10.304471	9.711708	2999
0.250000	0.272737	0.695290	0.536297	0.435817	10.000000	10.267231	9.671533	2999
0.250000	0.260170	0.689440	0.531160	0.424467	10.000000	10.282025	9.793950	2999
0.250000	0.248323	0.691617	0.531543	0.417503	10.000000	10.298532	9.826692	2999
0.250000	0.273940	0.687403	0.533303	0.432737	10.000000	10.263415	9.753256	2999
0.250000	0.278773	0.682160	0.532703	0.432730	10.000000	10.260633	9.509383	2999
0.250000	0.226350	0.720627	0.537190	0.416097	10.000000	10.328326	9.708144	2999
0.250000	0.254440	0.705860	0.534327	0.429920	10.000000	10.290180	9.671189	2999
0.250000	0.244300	0.710663	0.536303	0.424143	10.000000	10.303004	9.654080	2999
0.250000	0.250773	0.706983	0.534750	0.427317	10.000000	10.293554	9.672758	2999
0.250000	0.265363	0.699287	0.535583	0.432930	10.000000	10.276898	9.597210	2999
0.250000	0.269117	0.698403	0.535937	0.435750	10.000000	10.270981	9.625025	2999
0.250000	0.250550	0.659597	0.522163	0.398550	10.000000	10.294481	9.932404	2999
0.250000	0.276190	0.693993	0.534737	0.438053	10.000000	10.261961	9.695580	2999
0.250000	0.238870	0.579113	0.498167	0.342103	10.000000	10.311431	10.141393	2999
0.250000	0.265210	0.697820	0.535280	0.433387	10.000000	10.275292	9.723478	2999
0.250000	0.303010	0.673910	0.536367	0.444340	10.000000	10.228156	9.717048	2999
0.250000	0.264883	0.684730	0.531407	0.425260	10.000000	10.276997	9.809172	2999
0.250000	0.273970	0.688000	0.532940	0.433140	10.000000	10.264529	9.754741	2999
0.250000	0.259340	0.657597	0.522920	0.403823	10.000000	10.284641	9.920523	2999
0.250000	0.262380	0.661963	0.524880	0.409187	10.000000	10.279719	9.907792	2999
0.250000	0.264040	0.687110	0.531547	0.425667	10.000000	10.277476	9.799662	2999
0.250000	0.279790	0.646313	0.524303	0.411203	10.000000	10.256193	9.907897	2999
0.250000	0.277783	0.625760	0.519490	0.397163	10.000000	10.258990	9.974100	2999
0.250000	0.257203	0.703593	0.535070	0.430910	10.000000	10.286610	9.687269	2999
0.250000	0.263697	0.699130	0.535313	0.432523	10.000000	10.277298	9.643000	2999
0.250000	0.283367	0.632320	0.520850	0.404287	10.000000	10.252601	9.943273	2999
0.250000	0.272870	0.694733	0.534787	0.436550	10.000000	10.265183	9.673588	2999
0.250000	0.269253	0.694867	0.534283	0.434413	10.000000	10.271203	9.713182	2999
0.250000	0.264677	0.698653	0.535847	0.433080	10.000000	10.276458	9.686930	2999
0.250000	0.271463	0.681710	0.531047	0.427773	10.000000	10.268532	9.807393	2999
0.250000	0.253053	0.702377	0.533563	0.426853	10.000000	10.290463	9.723908	2999
0.250000	0.222710	0.686373	0.527423	0.393673	10.000000	10.335172	9.449047	2999
0.250000	0.245330	0.709380	0.535437	0.424763	10.000000	10.302420	9.685033	2999
0.250000	0.242830	0.705537	0.533717	0.421627	10.000000	10.307024	9.575203	2999
0.250000	0.231977	0.716703	0.536110	0.420000	10.000000	10.321492	9.671993	2999
0.250000	0.276117	0.676230	0.531517	0.426093	10.000000	10.261257	9.812335	2999
0.250000	0.255250	0.701760	0.534843	0.426480	10.000000	10.288366	9.738049	2999
0.250000	0.260250	0.695763	0.534393	0.428613	10.000000	10.283803	9.545577	2999
0.250000	0.254630	0.704537	0.536120	0.428177	10.000000	10.289220	9.691264	2999
0.250000	0.243107	0.712457	0.537073	0.425217	10.000000	10.305850	9.659343	2999
0.250000	0.257407	0.686900	0.530623	0.420160	10.000000	10.286209	9.812897	2999
0.250000	0.262500	0.698570	0.534653	0.431817	10.000000	10.280034	9.591609	2999
0.250000	0.285347	0.661280	0.529093	0.423187	10.000000	10.249726	9.848607	2999
0.250000	0.255550	0.640187	0.517703	0.390083	10.000000	10.289217	9.976426	2999
0.250000	0.286330	0.683237	0.534943	0.438343	10.000000	10.248716	9.741164	2999
0.250000	0.264427	0.699450	0.534607	0.433130	10.000000	10.277619	9.615678	2999
0.250000	0.267737	0.690887	0.533623	0.430170	10.000000	10.272068	9.549322	2999
0.250000	0.263160	0.699310	0.535100	0.433207	10.000000	10.278150	9.705817	2999
0.250000	0.210580	0.717340	0.535947	0.402133	10.000000	10.352080	9.556743	2999
0.250000	0.285380	0.689870	0.536037	0.440920	10.000000	10.249387	9.619266	2999
0.250000	0.294247	0.672893	0.533440	0.437473	10.000000	10.239593	9.775646	2999
0.250000	0.242837	0.704460	0.533927	0.419993	10.000000	10.306156	9.777949	2999
0.250000	0.256803	0.700503	0.534440	0.429117	10.000000	10.286948	9.729828	2999
0.250000	0.262933	0.697970	0.533993	0.432133	10.000000	10.279533	9.598832	2999
0.250000	0.273930	0.690967	0.534447	0.435017	10.000000	10.264962	9.730924	2999
0.250000	0.272140	0.696413	0.535430	0.437447	10.000000	10.268535	9.607423	2999
