mut_par_size	typ1_err	typ2_err	rej_rate	acp_rate	avg_size	avg_size_thr	avg_par_size	end_gen
0.250000	0.128270	0.783260	0.438047	0.484967	10.000000	10.477155	10.003444	2999
0.250000	0.128187	0.784003	0.438197	0.486547	10.000000	10.475998	10.003165	2999
0.250000	0.151747	0.762927	0.439303	0.485713	10.000000	10.432948	10.003247	2999
0.250000	0.128537	0.783170	0.439680	0.486123	10.000000	10.476720	10.002637	2999
0.250000	0.129197	0.783543	0.438410	0.484967	10.000000	10.475033	10.003119	2999
0.250000	0.119227	0.793370	0.439430	0.486007	10.000000	10.495865	10.002983	2999
0.250000	0.101493	0.811790	0.441183	0.484933	10.000000	10.534526	10.002898	2999
0.250000	0.154640	0.758533	0.438107	0.486930	10.000000	10.425540	10.003079	2999
0.250000	0.127903	0.783313	0.438370	0.486393	10.000000	10.477959	10.003050	2999
0.250000	0.135610	0.777333	0.439090	0.486073	10.000000	10.461820	10.002593	2999
0.250000	0.187937	0.729570	0.442130	0.486047	10.000000	10.372335	10.003215	2999
0.250000	0.124443	0.786400	0.439117	0.483647	10.000000	10.486507	10.002978	2999
0.250000	0.130617	0.782953	0.438767	0.486147	10.000000	10.470817	10.002867	2999
0.250000	0.145813	0.766280	0.437087	0.485963	10.000000	10.441972	10.002709	2999
0.250000	0.121783	0.790943	0.439187	0.486143	10.000000	10.490088	10.003013	2999
0.250000	0.141413	0.771573	0.438297	0.486493	10.000000	10.455489	10.003023	2999
0.250000	0.125553	0.787527	0.437993	0.486587	10.000000	10.481685	10.003552	2999
0.250000	0.145287	0.766740	0.438110	0.485727	10.000000	10.445842	10.002797	2999
0.250000	0.141747	0.770917	0.439570	0.486063	10.000000	10.453074	10.002609	2999
0.250000	0.149937	0.763443	0.439033	0.485987	10.000000	10.436054	10.003350	2999
0.250000	0.152480	0.761213	0.438520	0.486277	10.000000	10.429735	10.003009	2999
0.250000	0.138100	0.774163	0.438627	0.486223	10.000000	10.458190	10.003190	2999
0.250000	0.115033	0.796847	0.439183	0.485143	10.000000	10.503966	10.003596	2999
0.250000	0.124990	0.788473	0.438760	0.486547	10.000000	10.485959	10.003421	2999
0.250000	0.137007	0.774733	0.438310	0.486090	10.000000	10.459500	10.002939	2999
0.250000	0.124773	0.787067	0.439113	0.484607	10.000000	10.485995	10.002951	2999
0.250000	0.133563	0.779857	0.438473	0.486967	10.000000	10.467881	10.002869	2999
0.250000	0.147057	0.766693	0.438243	0.487473	10.000000	10.440924	10.002926	2999
0.250000	0.122117	0.789887	0.438523	0.484980	10.000000	10.488748	10.002961	2999
0.250000	0.138993	0.774493	0.438697	0.486053	10.000000	10.455093	10.003018	2999
0.250000	0.150333	0.763287	0.437830	0.487900	10.000000	10.436280	10.002934	2999
0.250000	0.153290	0.761553	0.439417	0.485733	10.000000	10.430123	10.003258	2999
0.250000	0.112793	0.799460	0.439997	0.485913	10.000000	10.509903	10.003223	2999
0.250000	0.139547	0.771017	0.437837	0.484837	10.000000	10.452859	10.002861	2999
0.250000	0.132940	0.779880	0.438763	0.485830	10.000000	10.467959	10.003134	2999
0.250000	0.116077	0.795477	0.438667	0.484847	10.000000	10.502379	10.002873	2999
0.250000	0.126047	0.785880	0.438530	0.484340	10.000000	10.481252	10.003168	2999
0.250000	0.141393	0.771100	0.437347	0.486390	10.000000	10.450914	10.003054	2999
0.250000	0.117023	0.794153	0.439257	0.483900	10.000000	10.497906	10.003062	2999
0.250000	0.174477	0.741517	0.440737	0.486850	10.000000	10.392347	10.002785	2999
0.250000	0.127027	0.785483	0.438330	0.485927	10.000000	10.478679	10.002757	2999
0.250000	0.098843	0.814877	0.442263	0.483780	10.000000	10.542816	10.003015	2999
0.250000	0.128140	0.784587	0.438590	0.487330	10.000000	10.480656	10.003266	2999
0.250000	0.114663	0.798427	0.439710	0.485397	10.000000	10.506184	10.002988	2999
0.250000	0.142727	0.771107	0.438510	0.486710	10.000000	10.449725	10.003034	2999
0.250000	0.149670	0.763363	0.438547	0.486790	10.000000	10.437610	10.003417	2999
0.250000	0.115220	0.797523	0.438837	0.485963	10.000000	10.504758	10.003457	2999
0.250000	0.156530	0.757147	0.438307	0.485553	10.000000	10.424805	10.003516	2999
0.250000	0.129217	0.782697	0.437697	0.485023	10.000000	10.475676	10.003116	2999
0.250000	0.105717	0.807230	0.440373	0.485527	10.000000	10.526528	10.003233	2999
0.250000	0.138317	0.774543	0.438507	0.486153	10.000000	10.457976	10.003329	2999
0.250000	0.104837	0.806967	0.440267	0.484000	10.000000	10.524268	10.003207	2999
0.250000	0.152430	0.761307	0.438580	0.487063	10.000000	10.431984	10.002698	2999
0.250000	0.139807	0.773297	0.438980	0.485990	10.000000	10.454361	10.002761	2999
0.250000	0.168807	0.745827	0.439770	0.485850	10.000000	10.402073	10.002796	2999
0.250000	0.113767	0.799037	0.439060	0.485503	10.000000	10.508903	10.003015	2999
0.250000	0.162300	0.752270	0.438957	0.486207	10.000000	10.415881	10.003142	2999
0.250000	0.123467	0.788273	0.438220	0.485260	10.000000	10.487747	10.002986	2999
0.250000	0.123507	0.789233	0.438713	0.487483	10.000000	10.487201	10.003118	2999
0.250000	0.118553	0.794050	0.439603	0.486687	10.000000	10.497939	10.003203	2999
0.250000	0.114010	0.798773	0.439773	0.485200	10.000000	10.506558	10.002942	2999
0.250000	0.112380	0.801160	0.440850	0.483660	10.000000	10.515056	10.003077	2999
0.250000	0.136953	0.775370	0.437787	0.486760	10.000000	10.459000	10.003317	2999
0.250000	0.091177	0.821717	0.442800	0.482640	10.000000	10.560762	10.003016	2999
0.250000	0.136477	0.776933	0.438517	0.486467	10.000000	10.460840	10.003113	2999
0.250000	0.109803	0.802797	0.439657	0.485067	10.000000	10.515020	10.002691	2999
0.250000	0.116423	0.795910	0.439770	0.485030	10.000000	10.501546	10.003378	2999
0.250000	0.111787	0.800070	0.439250	0.484980	10.000000	10.513033	10.003048	2999
0.250000	0.121753	0.788930	0.437677	0.484767	10.000000	10.488925	10.002752	2999
0.250000	0.113670	0.797957	0.439280	0.485380	10.000000	10.509947	10.003017	2999
0.250000	0.150600	0.762880	0.438943	0.486560	10.000000	10.435103	10.003261	2999
0.250000	0.115430	0.797203	0.438757	0.485427	10.000000	10.502544	10.002730	2999
0.250000	0.077717	0.837223	0.445150	0.482307	10.000000	10.595471	10.002627	2999
0.250000	0.113537	0.798613	0.439620	0.483697	10.000000	10.508214	10.002967	2999
0.250000	0.112617	0.801130	0.441780	0.485950	10.000000	10.515343	10.002936	2999
0.250000	0.156227	0.757467	0.439277	0.484957	10.000000	10.426030	10.003251	2999
0.250000	0.128890	0.783630	0.438670	0.485750	10.000000	10.476419	10.003108	2999
0.250000	0.132970	0.779667	0.438580	0.486183	10.000000	10.469412	10.003202	2999
0.250000	0.104967	0.808807	0.440100	0.485337	10.000000	10.525312	10.003037	2999
0.250000	0.119503	0.793370	0.439350	0.485393	10.000000	10.496835	10.003356	2999
0.250000	0.166700	0.749007	0.440003	0.487220	10.000000	10.407010	10.003368	2999
0.250000	0.134247	0.778260	0.439197	0.486067	10.000000	10.464446	10.002961	2999
0.250000	0.147120	0.765503	0.438433	0.485537	10.000000	10.440719	10.002676	2999
0.250000	0.125437	0.786167	0.438803	0.485163	10.000000	10.481176	10.002994	2999
0.250000	0.142223	0.771750	0.438783	0.487233	10.000000	10.451736	10.003136	2999
0.250000	0.136970	0.776737	0.439183	0.486643	10.000000	10.461965	10.003342	2999
0.250000	0.122977	0.788447	0.438663	0.486713	10.000000	10.488680	10.002930	2999
0.250000	0.136797	0.775817	0.438600	0.486390	10.000000	10.459441	10.002656	2999
0.250000	0.116663	0.795767	0.439380	0.485577	10.000000	10.500975	10.003222	2999
0.250000	0.142617	0.769943	0.438137	0.487697	10.000000	10.449582	10.003644	2999
0.250000	0.126403	0.786940	0.438880	0.485557	10.000000	10.481853	10.003512	2999
0.250000	0.119387	0.790643	0.438040	0.483813	10.000000	10.494785	10.002968	2999
0.250000	0.159573	0.755187	0.438617	0.486557	10.000000	10.419246	10.002920	2999
0.250000	0.143073	0.769290	0.439210	0.485013	10.000000	10.449131	10.002669	2999
0.250000	0.141397	0.771633	0.438797	0.486463	10.000000	10.452284	10.003018	2999
0.250000	0.151870	0.762793	0.438243	0.486650	10.000000	10.432456	10.002780	2999
0.250000	0.130200	0.782220	0.438950	0.487930	10.000000	10.471105	10.002916	2999
0.250000	0.110747	0.802787	0.439867	0.485310	10.000000	10.513128	10.002949	2999
0.250000	0.120113	0.791433	0.438677	0.485527	10.000000	10.492150	10.002962	2999
0.250000	0.110240	0.800913	0.439703	0.483717	10.000000	10.513387	10.003140	2999
0.250000	0.087060	0.543883	0.365643	0.317500	10.000000	10.569169	10.502413	2999
0.250000	0.114493	0.499803	0.363397	0.304747	10.000000	10.504435	10.502265	2999
0.250000	0.112487	0.502327	0.363060	0.303753	10.000000	10.508940	10.502716	2999
0.250000	0.100633	0.522147	0.364823	0.312133	10.000000	10.536098	10.502738	2999
0.250000	0.113593	0.503073	0.364797	0.305530	10.000000	10.505854	10.502902	2999
0.250000	0.101037	0.521397	0.364997	0.310770	10.000000	10.533926	10.502796	2999
0.250000	0.134433	0.473543	0.366397	0.296033	10.000000	10.463408	10.502674	2999
0.250000	0.111250	0.504587	0.364067	0.305837	10.000000	10.510432	10.502933	2999
0.250000	0.094357	0.532063	0.365827	0.313973	10.000000	10.551108	10.502182	2999
0.250000	0.104663	0.515527	0.364473	0.308810	10.000000	10.527648	10.502784	2999
0.250000	0.086243	0.546327	0.366617	0.319073	10.000000	10.573279	10.502660	2999
0.250000	0.102153	0.520420	0.364373	0.310190	10.000000	10.532476	10.502712	2999
0.250000	0.117537	0.496707	0.365000	0.301980	10.000000	10.499538	10.502790	2999
0.250000	0.084090	0.550183	0.365510	0.320543	10.000000	10.576555	10.502269	2999
0.250000	0.094127	0.533103	0.365187	0.315210	10.000000	10.552402	10.502689	2999
0.250000	0.107723	0.509727	0.363623	0.308367	10.000000	10.517227	10.502661	2999
0.250000	0.097287	0.525080	0.364140	0.311947	10.000000	10.542472	10.502450	2999
0.250000	0.106020	0.512983	0.364170	0.308443	10.000000	10.523424	10.502484	2999
0.250000	0.092387	0.534120	0.364827	0.313813	10.000000	10.555749	10.502977	2999
0.250000	0.079573	0.558640	0.367770	0.322780	10.000000	10.591160	10.502369	2999
0.250000	0.108873	0.509417	0.364453	0.307540	10.000000	10.518047	10.502902	2999
0.250000	0.108450	0.511000	0.364737	0.308050	10.000000	10.518703	10.502780	2999
0.250000	0.110360	0.506333	0.363360	0.304997	10.000000	10.514231	10.502403	2999
0.250000	0.103513	0.518293	0.364613	0.310707	10.000000	10.530564	10.502994	2999
0.250000	0.114430	0.501123	0.364573	0.303863	10.000000	10.503707	10.502279	2999
0.250000	0.127317	0.481437	0.364543	0.298090	10.000000	10.475921	10.502390	2999
0.250000	0.109043	0.509677	0.364443	0.307887	10.000000	10.517514	10.502787	2999
0.250000	0.078317	0.560397	0.367830	0.322547	10.000000	10.595751	10.502783	2999
0.250000	0.093523	0.532237	0.363047	0.313537	10.000000	10.553376	10.502416	2999
0.250000	0.109983	0.508647	0.364310	0.307830	10.000000	10.514368	10.502627	2999
0.250000	0.111183	0.505930	0.363480	0.306687	10.000000	10.512534	10.502915	2999
0.250000	0.088607	0.540140	0.364160	0.316643	10.000000	10.566024	10.502493	2999
0.250000	0.108413	0.508170	0.363093	0.307400	10.000000	10.517049	10.502647	2999
0.250000	0.114727	0.499120	0.363870	0.303180	10.000000	10.502076	10.502352	2999
0.250000	0.098787	0.523333	0.364537	0.310937	10.000000	10.537990	10.502461	2999
0.250000	0.110153	0.508233	0.363660	0.306977	10.000000	10.514105	10.502781	2999
0.250000	0.102347	0.519803	0.364653	0.310977	10.000000	10.532038	10.502477	2999
0.250000	0.120190	0.491480	0.364473	0.301967	10.000000	10.492637	10.502475	2999
0.250000	0.100567	0.522430	0.364973	0.310427	10.000000	10.536120	10.502476	2999
0.250000	0.136587	0.471380	0.366660	0.295167	10.000000	10.460944	10.502422	2999
0.250000	0.106423	0.514653	0.364833	0.309183	10.000000	10.522285	10.502509	2999
0.250000	0.091183	0.536547	0.364647	0.315360	10.000000	10.558773	10.503039	2999
0.250000	0.091113	0.537697	0.365243	0.316650	10.000000	10.558001	10.502681	2999
0.250000	0.109773	0.508737	0.364477	0.307627	10.000000	10.514969	10.502375	2999
0.250000	0.115387	0.500053	0.364217	0.304523	10.000000	10.502929	10.502637	2999
0.250000	0.129883	0.480027	0.365507	0.297890	10.000000	10.472855	10.502616	2999
0.250000	0.092163	0.535383	0.365187	0.315103	10.000000	10.558030	10.502707	2999
0.250000	0.119300	0.495523	0.364870	0.303197	10.000000	10.495250	10.502613	2999
0.250000	0.132660	0.476217	0.366243	0.297570	10.000000	10.467292	10.502571	2999
0.250000	0.124850	0.485040	0.364210	0.299333	10.000000	10.481947	10.502224	2999
0.250000	0.104510	0.515267	0.364940	0.308450	10.000000	10.526966	10.502817	2999
0.250000	0.108923	0.507837	0.364457	0.306003	10.000000	10.515462	10.502589	2999
0.250000	0.083730	0.550590	0.366230	0.320003	10.000000	10.577984	10.502182	2999
0.250000	0.102393	0.520177	0.365073	0.310933	10.000000	10.531699	10.502610	2999
0.250000	0.106977	0.511503	0.364330	0.307317	10.000000	10.521717	10.502792	2999
0.250000	0.111523	0.505637	0.364020	0.305210	10.000000	10.511283	10.502732	2999
0.250000	0.105830	0.513727	0.363743	0.308830	10.000000	10.523178	10.502438	2999
0.250000	0.081200	0.554340	0.365993	0.322113	10.000000	10.585271	10.502371	2999
0.250000	0.122340	0.490933	0.365533	0.301473	10.000000	10.488657	10.502678	2999
0.250000	0.131353	0.478673	0.365323	0.298020	10.000000	10.470361	10.502969	2999
0.250000	0.095990	0.527583	0.363490	0.312237	10.000000	10.545011	10.502541	2999
0.250000	0.094697	0.529960	0.363123	0.312597	10.000000	10.550954	10.502505	2999
0.250000	0.090990	0.536577	0.364550	0.314663	10.000000	10.559971	10.502967	2999
0.250000	0.113687	0.501617	0.364170	0.304617	10.000000	10.505032	10.502443	2999
0.250000	0.101500	0.520070	0.364040	0.310793	10.000000	10.534667	10.502676	2999
0.250000	0.085297	0.546787	0.365650	0.317810	10.000000	10.575204	10.502499	2999
0.250000	0.102240	0.526440	0.367690	0.312817	10.000000	10.543911	10.502935	2999
0.250000	0.113707	0.503047	0.364437	0.304220	10.000000	10.507301	10.502354	2999
0.250000	0.111817	0.504820	0.363287	0.305613	10.000000	10.509870	10.502688	2999
0.250000	0.091443	0.535633	0.364650	0.315757	10.000000	10.557437	10.502926	2999
0.250000	0.134203	0.474293	0.365460	0.295970	10.000000	10.464161	10.502545	2999
0.250000	0.082717	0.551800	0.366400	0.319470	10.000000	10.581275	10.502592	2999
0.250000	0.117517	0.496430	0.364403	0.302923	10.000000	10.497316	10.502587	2999
0.250000	0.091913	0.534453	0.364553	0.313377	10.000000	10.555735	10.502299	2999
0.250000	0.129540	0.479360	0.364643	0.297090	10.000000	10.473512	10.502316	2999
0.250000	0.118467	0.497013	0.364680	0.302673	10.000000	10.495343	10.502953	2999
0.250000	0.114457	0.500677	0.363730	0.304493	10.000000	10.504822	10.502713	2999
0.250000	0.102880	0.518823	0.364447	0.310023	10.000000	10.529737	10.502347	2999
0.250000	0.099737	0.523287	0.364990	0.311183	10.000000	10.537959	10.502225	2999
0.250000	0.100747	0.521103	0.364300	0.311527	10.000000	10.534895	10.502703	2999
0.250000	0.108413	0.510353	0.363957	0.307580	10.000000	10.518695	10.502750	2999
0.250000	0.101250	0.520763	0.364183	0.310673	10.000000	10.533071	10.502339	2999
0.250000	0.106603	0.511420	0.363573	0.307277	10.000000	10.521739	10.502530	2999
0.250000	0.083480	0.550567	0.366630	0.321407	10.000000	10.578772	10.502661	2999
0.250000	0.105793	0.512280	0.363643	0.308533	10.000000	10.522769	10.502795	2999
0.250000	0.092823	0.533523	0.364977	0.313753	10.000000	10.554438	10.502862	2999
0.250000	0.101740	0.522317	0.364787	0.312053	10.000000	10.534874	10.502652	2999
0.250000	0.118850	0.496380	0.364587	0.303343	10.000000	10.495475	10.502602	2999
0.250000	0.094963	0.530283	0.364863	0.313053	10.000000	10.550251	10.502961	2999
0.250000	0.083153	0.550750	0.365887	0.319827	10.000000	10.580302	10.502769	2999
0.250000	0.099903	0.523937	0.363707	0.310987	10.000000	10.537813	10.502684	2999
0.250000	0.104710	0.516190	0.364537	0.309483	10.000000	10.527732	10.502505	2999
0.250000	0.107190	0.511997	0.365043	0.308907	10.000000	10.521813	10.502782	2999
0.250000	0.095933	0.528927	0.364473	0.313683	10.000000	10.546197	10.502537	2999
0.250000	0.084830	0.548093	0.366417	0.318173	10.000000	10.574147	10.502598	2999
0.250000	0.078867	0.558857	0.367193	0.322283	10.000000	10.592513	10.501951	2999
0.250000	0.121070	0.491893	0.364773	0.301377	10.000000	10.491205	10.502686	2999
0.250000	0.106527	0.513557	0.365070	0.309023	10.000000	10.523620	10.503449	2999
0.250000	0.100053	0.523687	0.363890	0.312770	10.000000	10.537427	10.502325	2999
0.250000	0.131653	0.477053	0.365187	0.296807	10.000000	10.467812	10.502423	2999
0.250000	0.073120	0.257777	0.279853	0.147177	10.000000	10.609673	11.002569	2999
0.250000	0.049760	0.300617	0.279133	0.165610	10.000000	10.692348	11.003023	2999
0.250000	0.084723	0.237620	0.280193	0.137870	10.000000	10.575084	11.002499	2999
0.250000	0.057723	0.285217	0.279070	0.158637	10.000000	10.660419	11.002730	2999
0.250000	0.065180	0.268860	0.277613	0.151733	10.000000	10.633540	11.002571	2999
0.250000	0.079790	0.244740	0.279140	0.141150	10.000000	10.588080	11.002935	2999
0.250000	0.054210	0.291397	0.279130	0.161423	10.000000	10.674444	11.003047	2999
0.250000	0.053780	0.291593	0.278933	0.161497	10.000000	10.676259	11.002820	2999
0.250000	0.060420	0.279700	0.279020	0.156063	10.000000	10.650171	11.002603	2999
0.250000	0.041013	0.324973	0.282297	0.174780	10.000000	10.728546	11.002467	2999
0.250000	0.068777	0.265080	0.279773	0.150433	10.000000	10.623228	11.002463	2999
0.250000	0.073267	0.257137	0.279340	0.146470	10.000000	10.609709	11.002589	2999
0.250000	0.050260	0.299183	0.278913	0.164337	10.000000	10.688174	11.002269	2999
0.250000	0.057117	0.285110	0.278890	0.159007	10.000000	10.661662	11.002919	2999
0.250000	0.070113	0.260627	0.279140	0.147993	10.000000	10.618680	11.003035	2999
0.250000	0.061830	0.276107	0.278403	0.154643	10.000000	10.644880	11.002542	2999
0.250000	0.062013	0.274150	0.278000	0.153857	10.000000	10.643159	11.002867	2999
0.250000	0.070200	0.260880	0.278173	0.148370	10.000000	10.618728	11.002374	2999
0.250000	0.064650	0.268143	0.278527	0.151227	10.000000	10.635137	11.002753	2999
0.250000	0.077880	0.247290	0.278937	0.142347	10.000000	10.593125	11.002753	2999
0.250000	0.062983	0.274613	0.278207	0.154987	10.000000	10.640640	11.002620	2999
0.250000	0.055843	0.287833	0.279317	0.159790	10.000000	10.666422	11.002702	2999
0.250000	0.060660	0.278943	0.278540	0.155767	10.000000	10.650459	11.002907	2999
0.250000	0.080417	0.242553	0.278877	0.140540	10.000000	10.586993	11.002729	2999
0.250000	0.059847	0.279380	0.277710	0.155877	10.000000	10.651356	11.002576	2999
0.250000	0.077500	0.250877	0.279637	0.144367	10.000000	10.597295	11.002666	2999
0.250000	0.041107	0.324270	0.282810	0.174623	10.000000	10.728345	11.002691	2999
0.250000	0.063557	0.274073	0.278153	0.154363	10.000000	10.640290	11.002578	2999
0.250000	0.056427	0.286807	0.278520	0.158670	10.000000	10.664163	11.002834	2999
0.250000	0.066797	0.268630	0.279110	0.152567	10.000000	10.630378	11.002651	2999
0.250000	0.054577	0.289337	0.277687	0.160787	10.000000	10.669112	11.002559	2999
0.250000	0.054387	0.290623	0.279077	0.161297	10.000000	10.672063	11.002608	2999
0.250000	0.055800	0.287923	0.279040	0.159680	10.000000	10.666675	11.002635	2999
0.250000	0.051140	0.299990	0.280043	0.165000	10.000000	10.684283	11.002385	2999
0.250000	0.067363	0.266930	0.278463	0.151437	10.000000	10.627485	11.002458	2999
0.250000	0.052440	0.294527	0.279783	0.162587	10.000000	10.680041	11.002881	2999
0.250000	0.068237	0.264883	0.278373	0.149883	10.000000	10.623885	11.002647	2999
0.250000	0.057843	0.283090	0.278713	0.157213	10.000000	10.658713	11.003133	2999
0.250000	0.062917	0.272027	0.277720	0.153440	10.000000	10.641257	11.003062	2999
0.250000	0.065553	0.269243	0.279307	0.151847	10.000000	10.631315	11.002551	2999
0.250000	0.055113	0.293640	0.280170	0.163130	10.000000	10.671436	11.002225	2999
0.250000	0.048443	0.305990	0.280333	0.166860	10.000000	10.697750	11.002744	2999
0.250000	0.056640	0.286373	0.278940	0.159737	10.000000	10.665310	11.003044	2999
0.250000	0.050527	0.299497	0.279733	0.163543	10.000000	10.687929	11.003119	2999
0.250000	0.055730	0.286993	0.278423	0.159563	10.000000	10.667039	11.002776	2999
0.250000	0.066280	0.268803	0.278453	0.151393	10.000000	10.630842	11.002565	2999
0.250000	0.080153	0.245297	0.280023	0.141657	10.000000	10.588380	11.002746	2999
0.250000	0.061207	0.278407	0.278880	0.156720	10.000000	10.646909	11.002562	2999
0.250000	0.054547	0.290087	0.278910	0.160607	10.000000	10.671323	11.002199	2999
0.250000	0.052953	0.292880	0.278723	0.161740	10.000000	10.676653	11.002336	2999
0.250000	0.078653	0.247423	0.279163	0.142950	10.000000	10.591998	11.002674	2999
0.250000	0.053473	0.293243	0.279437	0.161510	10.000000	10.677381	11.003350	2999
0.250000	0.057353	0.285297	0.277937	0.158963	10.000000	10.660967	11.002862	2999
0.250000	0.062433	0.274323	0.278673	0.154103	10.000000	10.642927	11.002695	2999
0.250000	0.078420	0.248000	0.279867	0.143513	10.000000	10.593034	11.002542	2999
0.250000	0.052890	0.294910	0.279873	0.163157	10.000000	10.677621	11.002504	2999
0.250000	0.083837	0.240547	0.281307	0.139563	10.000000	10.578946	11.002402	2999
0.250000	0.057073	0.284233	0.278623	0.157700	10.000000	10.661758	11.002704	2999
0.250000	0.063490	0.271370	0.277683	0.152710	10.000000	10.637900	11.003020	2999
0.250000	0.064727	0.274663	0.280057	0.154263	10.000000	10.641925	11.002869	2999
0.250000	0.059613	0.282050	0.279003	0.156763	10.000000	10.654439	11.002405	2999
0.250000	0.061097	0.277143	0.278100	0.155290	10.000000	10.647484	11.002591	2999
0.250000	0.067093	0.265917	0.278287	0.149653	10.000000	10.627604	11.002900	2999
0.250000	0.073977	0.254527	0.278857	0.146130	10.000000	10.607421	11.002867	2999
0.250000	0.060013	0.278473	0.278493	0.155980	10.000000	10.650375	11.002575	2999
0.250000	0.060133	0.277880	0.278337	0.155420	10.000000	10.649581	11.002865	2999
0.250000	0.062940	0.276210	0.279860	0.154943	10.000000	10.641886	11.002645	2999
0.250000	0.054960	0.289223	0.278607	0.160730	10.000000	10.668635	11.002417	2999
0.250000	0.069223	0.262797	0.278767	0.148900	10.000000	10.621499	11.002876	2999
0.250000	0.058467	0.282330	0.278907	0.157437	10.000000	10.657860	11.003050	2999
0.250000	0.065013	0.270900	0.278443	0.153320	10.000000	10.634759	11.002771	2999
0.250000	0.042037	0.321143	0.282163	0.174290	10.000000	10.723033	11.002438	2999
0.250000	0.065987	0.267543	0.278327	0.150067	10.000000	10.633057	11.002981	2999
0.250000	0.065473	0.269703	0.279123	0.152003	10.000000	10.632907	11.002174	2999
0.250000	0.058860	0.280783	0.279390	0.156203	10.000000	10.655334	11.002989	2999
0.250000	0.056573	0.285690	0.278270	0.158907	10.000000	10.662012	11.002744	2999
0.250000	0.070873	0.260173	0.279097	0.147807	10.000000	10.615812	11.002763	2999
0.250000	0.088530	0.234080	0.281853	0.136983	10.000000	10.565700	11.002860	2999
0.250000	0.071883	0.256757	0.278570	0.146167	10.000000	10.612748	11.002812	2999
0.250000	0.082663	0.242253	0.280390	0.140543	10.000000	10.581077	11.002431	2999
0.250000	0.072473	0.255603	0.278633	0.146033	10.000000	10.609696	11.002707	2999
0.250000	0.066727	0.265850	0.277740	0.150337	10.000000	10.627362	11.002352	2999
0.250000	0.071847	0.258267	0.277963	0.147263	10.000000	10.612860	11.002559	2999
0.250000	0.064807	0.270697	0.278093	0.151973	10.000000	10.634429	11.002744	2999
0.250000	0.061570	0.276587	0.278150	0.155147	10.000000	10.647453	11.002743	2999
0.250000	0.066940	0.266440	0.277650	0.150433	10.000000	10.629811	11.002932	2999
0.250000	0.054437	0.290687	0.278613	0.161067	10.000000	10.671877	11.002542	2999
0.250000	0.067800	0.264243	0.278187	0.150273	10.000000	10.623917	11.002518	2999
0.250000	0.069470	0.261610	0.278117	0.148887	10.000000	10.620463	11.002749	2999
0.250000	0.073780	0.254597	0.278447	0.145117	10.000000	10.605780	11.002633	2999
0.250000	0.072050	0.258887	0.279300	0.147430	10.000000	10.612036	11.002828	2999
0.250000	0.073383	0.256320	0.279007	0.146813	10.000000	10.608375	11.002654	2999
0.250000	0.063473	0.273607	0.279440	0.153730	10.000000	10.640016	11.002830	2999
0.250000	0.066650	0.267453	0.277837	0.151267	10.000000	10.627165	11.002301	2999
0.250000	0.058313	0.283620	0.278373	0.158930	10.000000	10.655759	11.002240	2999
0.250000	0.057313	0.284453	0.278153	0.158100	10.000000	10.660145	11.002417	2999
0.250000	0.064440	0.272540	0.278400	0.153097	10.000000	10.637268	11.002568	2999
0.250000	0.057137	0.284693	0.278967	0.157903	10.000000	10.662139	11.002673	2999
0.250000	0.052543	0.294937	0.279107	0.162280	10.000000	10.679136	11.002785	2999
0.250000	0.074123	0.257450	0.280227	0.146313	10.000000	10.609393	11.002444	2999
0.250000	0.028443	0.120753	0.210900	0.063557	10.000000	10.799385	11.502454	2999
0.250000	0.029037	0.120423	0.211123	0.063447	10.000000	10.796026	11.502430	2999
0.250000	0.029560	0.119327	0.210530	0.063183	10.000000	10.793125	11.502819	2999
0.250000	0.027087	0.124397	0.210897	0.065973	10.000000	10.808578	11.502415	2999
0.250000	0.033067	0.112843	0.211063	0.059787	10.000000	10.773117	11.502821	2999
0.250000	0.033767	0.110980	0.212293	0.058933	10.000000	10.766496	11.502922	2999
0.250000	0.039883	0.102243	0.211660	0.055387	10.000000	10.734473	11.502525	2999
0.250000	0.036430	0.105460	0.211200	0.056623	10.000000	10.752254	11.502804	2999
0.250000	0.025873	0.127650	0.210790	0.067283	10.000000	10.817186	11.502522	2999
0.250000	0.032817	0.112333	0.211240	0.059617	10.000000	10.772972	11.502629	2999
0.250000	0.038433	0.103930	0.211923	0.056300	10.000000	10.743543	11.502653	2999
0.250000	0.024847	0.129913	0.211340	0.068160	10.000000	10.825334	11.502855	2999
0.250000	0.032970	0.111520	0.210127	0.060040	10.000000	10.772628	11.502710	2999
0.250000	0.028263	0.122620	0.210903	0.064243	10.000000	10.800445	11.502707	2999
0.250000	0.027390	0.125940	0.211627	0.066157	10.000000	10.811443	11.502844	2999
0.250000	0.030210	0.117740	0.210523	0.062480	10.000000	10.788442	11.502952	2999
0.250000	0.033957	0.111380	0.211190	0.059820	10.000000	10.767282	11.502838	2999
0.250000	0.026893	0.125283	0.211017	0.065253	10.000000	10.811091	11.502515	2999
0.250000	0.036780	0.106357	0.211347	0.056293	10.000000	10.752341	11.503049	2999
0.250000	0.036037	0.105717	0.211173	0.056860	10.000000	10.753515	11.502520	2999
0.250000	0.042333	0.097430	0.212397	0.052383	10.000000	10.723600	11.502585	2999
0.250000	0.025247	0.128457	0.210683	0.068020	10.000000	10.820619	11.503246	2999
0.250000	0.022500	0.136467	0.211467	0.071537	10.000000	10.841493	11.502834	2999
0.250000	0.028983	0.119807	0.210453	0.063340	10.000000	10.798416	11.502416	2999
0.250000	0.033023	0.112003	0.210950	0.059863	10.000000	10.770293	11.502795	2999
0.250000	0.033240	0.111403	0.210590	0.059107	10.000000	10.770322	11.502461	2999
0.250000	0.026910	0.124073	0.210337	0.065033	10.000000	10.809326	11.502660	2999
0.250000	0.026793	0.125617	0.210750	0.066530	10.000000	10.811475	11.502607	2999
0.250000	0.032110	0.114837	0.211607	0.061327	10.000000	10.778688	11.502688	2999
0.250000	0.027960	0.121900	0.210700	0.064830	10.000000	10.801559	11.502425	2999
0.250000	0.027540	0.122147	0.210327	0.064250	10.000000	10.805774	11.502835	2999
0.250000	0.041810	0.101640	0.213897	0.054907	10.000000	10.730797	11.502663	2999
0.250000	0.038983	0.102573	0.211620	0.055500	10.000000	10.740093	11.502868	2999
0.250000	0.035000	0.108157	0.210950	0.057427	10.000000	10.758297	11.502803	2999
0.250000	0.028713	0.121083	0.211677	0.064137	10.000000	10.799336	11.502799	2999
0.250000	0.031753	0.115147	0.210410	0.061177	10.000000	10.779652	11.502668	2999
0.250000	0.043147	0.096860	0.213210	0.052387	10.000000	10.719376	11.502730	2999
0.250000	0.027497	0.122860	0.210860	0.064133	10.000000	10.804472	11.503019	2999
0.250000	0.026433	0.125510	0.210980	0.066313	10.000000	10.813210	11.502638	2999
0.250000	0.040277	0.100307	0.211713	0.054083	10.000000	10.732384	11.502790	2999
0.250000	0.041110	0.103040	0.212963	0.055333	10.000000	10.736645	11.502871	2999
0.250000	0.030623	0.117040	0.210583	0.062117	10.000000	10.786444	11.502437	2999
0.250000	0.023023	0.133257	0.211420	0.069443	10.000000	10.837780	11.502481	2999
0.250000	0.034917	0.109147	0.210677	0.057717	10.000000	10.760676	11.502749	2999
0.250000	0.027037	0.122950	0.210217	0.064377	10.000000	10.808967	11.502657	2999
0.250000	0.030847	0.115610	0.210967	0.061447	10.000000	10.784867	11.502670	2999
0.250000	0.022447	0.136303	0.211997	0.071693	10.000000	10.844536	11.502921	2999
0.250000	0.030690	0.117017	0.210387	0.062523	10.000000	10.786809	11.502971	2999
0.250000	0.024913	0.128803	0.210990	0.067487	10.000000	10.821571	11.502681	2999
0.250000	0.025570	0.127043	0.210780	0.066650	10.000000	10.819785	11.502856	2999
0.250000	0.037897	0.104040	0.212033	0.055690	10.000000	10.745411	11.502576	2999
0.250000	0.024170	0.132920	0.211973	0.069880	10.000000	10.832519	11.502514	2999
0.250000	0.030333	0.117603	0.210930	0.061637	10.000000	10.788852	11.502965	2999
0.250000	0.039797	0.102323	0.212490	0.054673	10.000000	10.736554	11.502636	2999
0.250000	0.030933	0.116363	0.211133	0.061723	10.000000	10.785701	11.502623	2999
0.250000	0.033927	0.109647	0.210453	0.058483	10.000000	10.764882	11.502598	2999
0.250000	0.029337	0.120683	0.210850	0.063610	10.000000	10.796368	11.502645	2999
0.250000	0.032140	0.114223	0.211177	0.060610	10.000000	10.777887	11.502355	2999
0.250000	0.020367	0.143237	0.213460	0.073970	10.000000	10.858242	11.502388	2999
0.250000	0.036720	0.105980	0.211743	0.056883	10.000000	10.751177	11.502488	2999
0.250000	0.030007	0.118073	0.211140	0.063037	10.000000	10.789897	11.503009	2999
0.250000	0.029090	0.120197	0.211247	0.063443	10.000000	10.795944	11.502644	2999
0.250000	0.034427	0.111867	0.212217	0.059437	10.000000	10.766744	11.502297	2999
0.250000	0.031060	0.115993	0.210800	0.061070	10.000000	10.782896	11.502724	2999
0.250000	0.030820	0.116200	0.210330	0.061230	10.000000	10.783971	11.502716	2999
0.250000	0.024540	0.130677	0.211830	0.067457	10.000000	10.827451	11.502455	2999
0.250000	0.028150	0.121770	0.210900	0.063820	10.000000	10.802011	11.502230	2999
0.250000	0.030697	0.117093	0.209967	0.062387	10.000000	10.786466	11.502684	2999
0.250000	0.023223	0.135227	0.213017	0.070807	10.000000	10.838098	11.502831	2999
0.250000	0.030803	0.116457	0.210807	0.061827	10.000000	10.784461	11.502947	2999
0.250000	0.029550	0.118617	0.210523	0.062600	10.000000	10.792825	11.502498	2999
0.250000	0.026460	0.124120	0.209917	0.065287	10.000000	10.809811	11.502336	2999
0.250000	0.040380	0.100753	0.212000	0.054310	10.000000	10.732006	11.502253	2999
0.250000	0.027653	0.122523	0.210120	0.065037	10.000000	10.804486	11.502777	2999
0.250000	0.028453	0.121093	0.210900	0.064097	10.000000	10.798290	11.502681	2999
0.250000	0.027133	0.123440	0.211093	0.064783	10.000000	10.807097	11.502786	2999
0.250000	0.031757	0.113393	0.209850	0.060423	10.000000	10.777186	11.502511	2999
0.250000	0.044967	0.093547	0.213187	0.051343	10.000000	10.710898	11.502838	2999
0.250000	0.020597	0.142790	0.212953	0.074277	10.000000	10.858649	11.502825	2999
0.250000	0.024710	0.130517	0.211580	0.068680	10.000000	10.824674	11.502703	2999
0.250000	0.026217	0.125543	0.210237	0.066067	10.000000	10.813850	11.502654	2999
0.250000	0.033083	0.112037	0.211050	0.059853	10.000000	10.772265	11.502765	2999
0.250000	0.025773	0.128300	0.210897	0.067143	10.000000	10.820448	11.502646	2999
0.250000	0.030083	0.118300	0.210963	0.062303	10.000000	10.789589	11.502541	2999
0.250000	0.035050	0.109127	0.210493	0.058757	10.000000	10.760798	11.502937	2999
0.250000	0.026757	0.126740	0.211690	0.066473	10.000000	10.813713	11.502865	2999
0.250000	0.031803	0.116890	0.212490	0.061823	10.000000	10.784698	11.502812	2999
0.250000	0.032577	0.113277	0.211343	0.060190	10.000000	10.778045	11.502544	2999
0.250000	0.026783	0.125723	0.211377	0.066083	10.000000	10.810440	11.502442	2999
0.250000	0.027717	0.123243	0.210833	0.065107	10.000000	10.803449	11.502543	2999
0.250000	0.021333	0.139913	0.211570	0.072923	10.000000	10.852310	11.502640	2999
0.250000	0.028883	0.118513	0.209957	0.063410	10.000000	10.796561	11.502853	2999
0.250000	0.040653	0.099617	0.212943	0.054057	10.000000	10.731214	11.502505	2999
0.250000	0.037763	0.104260	0.211327	0.056227	10.000000	10.747145	11.503133	2999
0.250000	0.019450	0.145850	0.213220	0.076047	10.000000	10.867517	11.502024	2999
0.250000	0.036397	0.106663	0.210590	0.056997	10.000000	10.752520	11.502405	2999
0.250000	0.031280	0.114637	0.210790	0.060793	10.000000	10.780399	11.502429	2999
0.250000	0.033673	0.109960	0.210040	0.058263	10.000000	10.766121	11.502500	2999
0.250000	0.027213	0.123523	0.210140	0.065287	10.000000	10.806621	11.502427	2999
0.250000	0.026237	0.126963	0.210307	0.067003	10.000000	10.816226	11.502534	2999
0.250000	0.010213	0.044873	0.172327	0.022900	10.000000	10.982182	12.003065	2999
0.250000	0.009820	0.046327	0.173063	0.023813	10.000000	10.989028	12.002903	2999
0.250000	0.015687	0.035993	0.173793	0.018737	10.000000	10.915572	12.002608	2999
0.250000	0.008117	0.052157	0.174340	0.026253	10.000000	11.020381	12.002779	2999
0.250000	0.011277	0.043400	0.173450	0.022197	10.000000	10.967256	12.002259	2999
0.250000	0.008423	0.049893	0.173230	0.025183	10.000000	11.010798	12.002569	2999
0.250000	0.014303	0.037060	0.173803	0.018963	10.000000	10.924404	12.002550	2999
0.250000	0.010220	0.045530	0.173567	0.023457	10.000000	10.983180	12.002579	2999
0.250000	0.015367	0.037170	0.173997	0.019117	10.000000	10.916695	12.002549	2999
0.250000	0.013093	0.039297	0.173353	0.020143	10.000000	10.935328	12.002278	2999
0.250000	0.006017	0.059403	0.175107	0.029750	10.000000	11.061858	12.002673	2999
0.250000	0.012150	0.041673	0.172663	0.020953	10.000000	10.958400	12.003009	2999
0.250000	0.011067	0.042843	0.173150	0.021597	10.000000	10.967179	12.002760	2999
0.250000	0.015990	0.033790	0.173493	0.017360	10.000000	10.903584	12.002458	2999
0.250000	0.013680	0.040633	0.173933	0.020763	10.000000	10.941443	12.002517	2999
0.250000	0.010230	0.046363	0.173680	0.023683	10.000000	10.982697	12.002313	2999
0.250000	0.014117	0.037987	0.173563	0.019490	10.000000	10.929218	12.002642	2999
0.250000	0.010617	0.043930	0.172540	0.022270	10.000000	10.973012	12.002932	2999
0.250000	0.010270	0.044843	0.172810	0.023290	10.000000	10.981418	12.002597	2999
0.250000	0.008380	0.050197	0.173333	0.025460	10.000000	11.015320	12.002364	2999
0.250000	0.015213	0.034860	0.172913	0.017830	10.000000	10.912777	12.002570	2999
0.250000	0.014620	0.036733	0.173750	0.018950	10.000000	10.919624	12.002568	2999
0.250000	0.007513	0.055270	0.174687	0.027523	10.000000	11.036160	12.002612	2999
0.250000	0.013620	0.037080	0.172950	0.018820	10.000000	10.928113	12.002756	2999
0.250000	0.017667	0.033603	0.174970	0.017410	10.000000	10.891609	12.002588	2999
0.250000	0.009853	0.046147	0.173527	0.023270	10.000000	10.986024	12.002617	2999
0.250000	0.010797	0.050210	0.176020	0.025587	10.000000	11.002393	12.002639	2999
0.250000	0.008457	0.049360	0.172683	0.025080	10.000000	11.008949	12.002637	2999
0.250000	0.009250	0.049017	0.173777	0.024927	10.000000	11.000453	12.002589	2999
0.250000	0.012860	0.041213	0.173797	0.020993	10.000000	10.950493	12.002655	2999
0.250000	0.018110	0.032903	0.174897	0.016953	10.000000	10.886926	12.002888	2999
0.250000	0.015317	0.035067	0.174350	0.018040	10.000000	10.909451	12.003002	2999
0.250000	0.014927	0.035170	0.172813	0.018227	10.000000	10.916659	12.003094	2999
0.250000	0.011943	0.041187	0.173007	0.020980	10.000000	10.956927	12.003047	2999
0.250000	0.011043	0.043260	0.173097	0.021903	10.000000	10.971474	12.002858	2999
0.250000	0.010793	0.043657	0.173100	0.022400	10.000000	10.972653	12.002809	2999
0.250000	0.011637	0.042077	0.173253	0.021317	10.000000	10.961171	12.002772	2999
0.250000	0.012283	0.041307	0.173283	0.021073	10.000000	10.955073	12.002315	2999
0.250000	0.011353	0.042940	0.173223	0.021807	10.000000	10.965371	12.002924	2999
0.250000	0.011120	0.044197	0.174183	0.022767	10.000000	10.974960	12.002936	2999
0.250000	0.013440	0.039007	0.173427	0.019857	10.000000	10.937912	12.002568	2999
0.250000	0.010333	0.045453	0.172483	0.023123	10.000000	10.979156	12.002337	2999
0.250000	0.010770	0.044137	0.173343	0.022587	10.000000	10.973040	12.002409	2999
0.250000	0.013077	0.038507	0.172557	0.019790	10.000000	10.938957	12.002697	2999
0.250000	0.009600	0.048823	0.173733	0.025033	10.000000	10.997148	12.002920	2999
0.250000	0.010093	0.050063	0.175000	0.025130	10.000000	11.004318	12.003157	2999
0.250000	0.015150	0.035827	0.173770	0.018417	10.000000	10.909575	12.002408	2999
0.250000	0.010257	0.045063	0.173610	0.023067	10.000000	10.980859	12.002495	2999
0.250000	0.014393	0.036393	0.173413	0.018553	10.000000	10.921103	12.002386	2999
0.250000	0.007793	0.053023	0.173477	0.026877	10.000000	11.028686	12.002782	2999
0.250000	0.012197	0.040967	0.173403	0.021077	10.000000	10.956237	12.002680	2999
0.250000	0.009693	0.046697	0.173403	0.023863	10.000000	10.988751	12.002482	2999
0.250000	0.014483	0.037607	0.173880	0.019180	10.000000	10.927655	12.002720	2999
0.250000	0.013170	0.038480	0.172923	0.019703	10.000000	10.938976	12.002503	2999
0.250000	0.007567	0.052417	0.173467	0.026833	10.000000	11.028891	12.002688	2999
0.250000	0.011603	0.042490	0.173017	0.021380	10.000000	10.961758	12.002529	2999
0.250000	0.016700	0.033840	0.173313	0.017403	10.000000	10.899583	12.002776	2999
0.250000	0.014867	0.035937	0.173123	0.018220	10.000000	10.918271	12.002610	2999
0.250000	0.012550	0.039843	0.173337	0.020587	10.000000	10.945225	12.002356	2999
0.250000	0.016447	0.033083	0.173330	0.017283	10.000000	10.898264	12.002426	2999
0.250000	0.012330	0.039907	0.172757	0.021080	10.000000	10.950181	12.002364	2999
0.250000	0.010550	0.044390	0.173483	0.022470	10.000000	10.972158	12.002326	2999
0.250000	0.009353	0.047077	0.173040	0.023617	10.000000	10.997027	12.002551	2999
0.250000	0.018877	0.032123	0.174837	0.016553	10.000000	10.879825	12.002777	2999
0.250000	0.012513	0.041337	0.173313	0.021250	10.000000	10.949081	12.002591	2999
0.250000	0.010273	0.044497	0.173390	0.022683	10.000000	10.978025	12.002694	2999
0.250000	0.008597	0.050747	0.173980	0.025677	10.000000	11.013588	12.002787	2999
0.250000	0.019207	0.031047	0.175913	0.015967	10.000000	10.872196	12.002880	2999
0.250000	0.011550	0.042327	0.172513	0.021530	10.000000	10.959746	12.002762	2999
0.250000	0.015347	0.036483	0.174450	0.018647	10.000000	10.913913	12.002363	2999
0.250000	0.013630	0.037730	0.173070	0.019270	10.000000	10.933071	12.002508	2999
0.250000	0.009477	0.047063	0.172983	0.023950	10.000000	10.992604	12.002736	2999
0.250000	0.009940	0.046317	0.173063	0.023667	10.000000	10.986162	12.002672	2999
0.250000	0.006280	0.058957	0.175380	0.029580	10.000000	11.057617	12.002950	2999
0.250000	0.013917	0.038517	0.173630	0.019897	10.000000	10.931319	12.002703	2999
0.250000	0.010303	0.045390	0.173113	0.023447	10.000000	10.979974	12.002630	2999
0.250000	0.009437	0.047183	0.173067	0.023993	10.000000	10.993833	12.002998	2999
0.250000	0.011453	0.042100	0.173100	0.021110	10.000000	10.960999	12.002796	2999
0.250000	0.011743	0.041170	0.171970	0.021113	10.000000	10.952073	12.002377	2999
0.250000	0.013153	0.039570	0.172740	0.020003	10.000000	10.942366	12.002880	2999
0.250000	0.010527	0.043987	0.173087	0.022567	10.000000	10.978315	12.002606	2999
0.250000	0.011830	0.041427	0.172417	0.021117	10.000000	10.956353	12.003012	2999
0.250000	0.009397	0.047023	0.173097	0.024220	10.000000	10.992634	12.003014	2999
0.250000	0.012747	0.040227	0.173647	0.020783	10.000000	10.947486	12.002520	2999
0.250000	0.014130	0.037747	0.173197	0.019577	10.000000	10.927364	12.002442	2999
0.250000	0.012470	0.039537	0.173297	0.020260	10.000000	10.946183	12.002867	2999
0.250000	0.009513	0.048660	0.174107	0.024847	10.000000	10.999835	12.002450	2999
0.250000	0.018023	0.032147	0.174967	0.016517	10.000000	10.882685	12.002506	2999
0.250000	0.011203	0.044977	0.173503	0.022693	10.000000	10.971506	12.002688	2999
0.250000	0.013987	0.036987	0.173077	0.018880	10.000000	10.927167	12.002557	2999
0.250000	0.008297	0.050773	0.173537	0.025820	10.000000	11.017904	12.002770	2999
0.250000	0.013820	0.037910	0.173583	0.019290	10.000000	10.929819	12.002565	2999
0.250000	0.010293	0.044937	0.173063	0.022940	10.000000	10.980854	12.002795	2999
0.250000	0.009850	0.047657	0.173780	0.024350	10.000000	10.992015	12.002538	2999
0.250000	0.014967	0.036010	0.173347	0.018497	10.000000	10.915112	12.002626	2999
0.250000	0.014110	0.036073	0.173400	0.018383	10.000000	10.923000	12.002540	2999
0.250000	0.006340	0.059043	0.174913	0.030087	10.000000	11.060795	12.002565	2999
0.250000	0.010537	0.044627	0.173013	0.023043	10.000000	10.974052	12.002856	2999
0.250000	0.009180	0.047247	0.172700	0.024057	10.000000	10.996197	12.002174	2999
0.250000	0.016223	0.033900	0.173680	0.017540	10.000000	10.901083	12.002637	2999
