mut_par_size	mut_par_patt	typ1_err	typ2_err	            rej_rate	acp_rate	avg_size	avg_size_thr	avg_par_size	avg_patt	avg_patt_thr	avg_par_patt	end_gen
0.250000	0.250000	0.123293	0.181237	0.319983	0.081080	10.000000	10.624286	10.861269	10.000000	10.743775	10.703974	2999
0.250000	0.250000	0.135753	0.471340	0.442200	0.218527	10.000000	10.504886	10.147204	10.000000	11.782998	9.311840	2999
0.250000	0.250000	0.081633	0.350137	0.376823	0.134497	10.000000	10.645113	10.247954	10.000000	12.710506	9.006737	2999
0.250000	0.250000	0.113730	0.173517	0.311490	0.074910	10.000000	11.384155	9.666121	10.000000	10.552283	11.047835	2999
0.250000	0.250000	0.151043	0.531513	0.467887	0.258020	10.000000	10.471867	9.469679	10.000000	11.451966	9.419235	2999
0.250000	0.250000	0.211063	0.582707	0.493450	0.327037	10.000000	10.399664	9.792539	10.000000	10.976670	9.538718	2999
0.250000	0.250000	0.199347	0.455347	0.450993	0.248427	10.000000	10.845570	9.929599	10.000000	10.415404	10.355183	2999
0.250000	0.250000	0.174507	0.376553	0.416680	0.194457	10.000000	10.445414	10.544885	10.000000	11.027866	9.880993	2999
0.250000	0.250000	0.149787	0.362210	0.402820	0.175020	10.000000	12.057660	9.140604	10.000000	10.472123	10.228036	2999
0.250000	0.250000	0.033713	0.421710	0.405310	0.130137	10.000000	13.586460	9.107219	10.000000	10.956152	9.481926	2999
0.250000	0.250000	0.225187	0.560427	0.489830	0.322790	10.000000	10.442607	10.054246	10.000000	10.619820	9.920399	2999
0.250000	0.250000	0.146723	0.242563	0.356357	0.116623	10.000000	11.139727	10.080146	10.000000	10.485304	10.857842	2999
0.250000	0.250000	0.100190	0.260633	0.343060	0.107683	10.000000	10.631678	10.948272	10.000000	10.922836	10.076858	2999
0.250000	0.250000	0.059663	0.104460	0.247953	0.036930	10.000000	10.735364	11.242461	10.000000	13.107311	9.067925	2999
0.250000	0.250000	0.077443	0.113100	0.263020	0.042967	10.000000	10.864071	11.129262	10.000000	10.738978	10.984742	2999
0.250000	0.250000	0.241617	0.456053	0.464700	0.271280	10.000000	12.064730	9.733631	10.000000	10.319943	10.262842	2999
0.250000	0.250000	0.163837	0.484973	0.452923	0.242930	10.000000	12.046339	9.246506	10.000000	10.445865	9.804307	2999
0.250000	0.250000	0.230263	0.492860	0.471903	0.286740	10.000000	11.035307	9.728185	10.000000	10.344824	10.192693	2999
0.250000	0.250000	0.083147	0.355997	0.382257	0.137170	10.000000	10.664018	10.016356	10.000000	12.282039	8.943358	2999
0.250000	0.250000	0.161950	0.300640	0.384420	0.149753	10.000000	10.641322	10.707985	10.000000	10.576011	10.286248	2999
0.250000	0.250000	0.095720	0.138107	0.285130	0.055757	10.000000	10.903622	10.508621	10.000000	10.652402	11.179249	2999
0.250000	0.250000	0.066120	0.263370	0.330047	0.095730	10.000000	10.710065	10.162417	10.000000	12.789788	8.774715	2999
0.250000	0.250000	0.178667	0.437770	0.438937	0.226820	10.000000	10.418647	10.224309	10.000000	11.569769	9.393786	2999
0.250000	0.250000	0.082080	0.133137	0.275180	0.051037	10.000000	10.643657	11.128419	10.000000	11.941749	9.235438	2999
0.250000	0.250000	0.048883	0.055747	0.215737	0.018337	10.000000	11.113664	10.504255	10.000000	10.846159	11.740635	2999
0.250000	0.250000	0.046083	0.074560	0.224640	0.024520	10.000000	10.992518	11.189780	10.000000	10.894798	11.399972	2999
0.250000	0.250000	0.029197	0.039113	0.193420	0.011810	10.000000	13.644334	10.180225	10.000000	11.010890	12.059753	2999
0.250000	0.250000	0.188663	0.566413	0.485830	0.302543	10.000000	10.410001	9.842183	10.000000	11.137659	9.475340	2999
0.250000	0.250000	0.229377	0.533447	0.482627	0.311063	10.000000	10.340242	10.117323	10.000000	11.193066	9.746241	2999
0.250000	0.250000	0.152020	0.547947	0.474193	0.266190	10.000000	10.467160	9.502787	10.000000	12.998564	9.438939	2999
0.250000	0.250000	0.021743	0.388347	0.384793	0.111433	10.000000	12.009072	9.257087	10.000000	11.986184	9.182761	2999
0.250000	0.250000	0.233100	0.515827	0.479813	0.302197	10.000000	10.486252	10.067361	10.000000	10.529353	10.095994	2999
0.250000	0.250000	0.105733	0.194607	0.315583	0.081567	10.000000	12.028939	9.200138	10.000000	10.573789	10.855605	2999
0.250000	0.250000	0.043140	0.030993	0.198750	0.010133	10.000000	10.838123	11.942702	10.000000	13.141451	9.916328	2999
0.250000	0.250000	0.133473	0.344870	0.390747	0.157860	10.000000	12.512042	9.204141	10.000000	10.503346	10.390165	2999
0.250000	0.250000	0.219340	0.606970	0.503907	0.345253	10.000000	11.039588	9.658492	10.000000	10.374857	9.804750	2999
0.250000	0.250000	0.192873	0.579977	0.490447	0.312320	10.000000	10.726557	9.545187	10.000000	10.476503	9.571476	2999
0.250000	0.250000	0.131020	0.328577	0.383547	0.150523	10.000000	10.510079	10.695891	10.000000	12.009440	9.714667	2999
0.250000	0.250000	0.243790	0.595150	0.504057	0.355497	10.000000	10.502970	9.861818	10.000000	10.493007	9.831342	2999
0.250000	0.250000	0.069603	0.068243	0.235523	0.024980	10.000000	10.832978	11.287480	10.000000	10.813124	11.117684	2999
0.250000	0.250000	0.045390	0.060237	0.216003	0.019213	10.000000	10.817261	11.722402	10.000000	13.007809	9.837704	2999
0.250000	0.250000	0.032447	0.070497	0.212850	0.021717	10.000000	12.178402	8.526146	10.000000	10.960558	11.186893	2999
0.250000	0.250000	0.213107	0.461603	0.457080	0.260557	10.000000	12.057239	9.556675	10.000000	10.360783	10.219024	2999
0.250000	0.250000	0.148033	0.451653	0.437393	0.216440	10.000000	11.369152	9.227533	10.000000	10.475619	10.029470	2999
0.250000	0.250000	0.163077	0.339320	0.400113	0.169347	10.000000	10.444940	10.602504	10.000000	11.726242	9.710970	2999
0.250000	0.250000	0.249360	0.531467	0.488883	0.319990	10.000000	10.341737	10.100130	10.000000	10.904247	9.844798	2999
0.250000	0.250000	0.039820	0.053310	0.208900	0.016990	10.000000	11.474850	8.953164	10.000000	10.877051	11.590839	2999
0.250000	0.250000	0.149390	0.264257	0.366127	0.127413	10.000000	10.470541	10.650902	10.000000	11.995017	9.347784	2999
0.250000	0.250000	0.221007	0.611403	0.504553	0.349830	10.000000	10.630917	9.702240	10.000000	10.449483	9.765094	2999
0.250000	0.250000	0.217217	0.504070	0.471127	0.286823	10.000000	10.442968	10.231235	10.000000	10.647375	9.821571	2999
0.250000	0.250000	0.099037	0.257970	0.341207	0.105800	10.000000	13.876820	9.119248	10.000000	10.588061	10.639827	2999
0.250000	0.250000	0.157687	0.432167	0.431673	0.211760	10.000000	10.458810	10.072981	10.000000	11.801148	9.214212	2999
0.250000	0.250000	0.094610	0.252520	0.336787	0.101883	10.000000	10.603607	10.589009	10.000000	12.372768	9.031160	2999
0.250000	0.250000	0.122963	0.332160	0.382877	0.148057	10.000000	11.327924	9.201720	10.000000	10.533120	10.457850	2999
0.250000	0.250000	0.161480	0.416133	0.426307	0.207627	10.000000	10.450277	10.092547	10.000000	11.491665	9.196222	2999
0.250000	0.250000	0.046717	0.079460	0.226767	0.025963	10.000000	12.024164	9.647686	10.000000	10.813778	11.605743	2999
0.250000	0.250000	0.076647	0.319627	0.361557	0.120733	10.000000	10.674919	10.126815	10.000000	12.646925	8.892219	2999
0.250000	0.250000	0.177033	0.569343	0.484333	0.295677	10.000000	12.443891	9.467449	10.000000	10.420766	9.844428	2999
0.250000	0.250000	0.020947	0.414047	0.399790	0.119120	10.000000	12.310192	9.419126	10.000000	14.445194	9.117066	2999
0.250000	0.250000	0.031340	0.027160	0.188547	0.008033	10.000000	10.959873	12.084744	10.000000	13.232812	9.725663	2999
0.250000	0.250000	0.154013	0.235157	0.356423	0.115380	10.000000	10.460378	10.843169	10.000000	12.612160	9.803357	2999
0.250000	0.250000	0.083127	0.070710	0.246510	0.026977	10.000000	10.752153	11.163235	10.000000	10.805168	11.141049	2999
0.250000	0.250000	0.208800	0.495367	0.466870	0.275337	10.000000	10.501862	10.193663	10.000000	10.577765	10.116925	2999
0.250000	0.250000	0.092987	0.206320	0.315057	0.082727	10.000000	12.834617	9.652289	10.000000	10.607932	11.028348	2999
0.250000	0.250000	0.138230	0.241600	0.351767	0.112497	10.000000	10.493464	10.826612	10.000000	12.597028	9.629302	2999
0.250000	0.250000	0.202130	0.499000	0.466087	0.274530	10.000000	10.432514	10.262530	10.000000	10.740855	9.903054	2999
0.250000	0.250000	0.177687	0.359373	0.412383	0.186187	10.000000	10.541916	10.428957	10.000000	10.626641	10.390222	2999
0.250000	0.250000	0.101260	0.156070	0.296173	0.064723	10.000000	10.588570	11.160765	10.000000	11.359717	10.306386	2999
0.250000	0.250000	0.125727	0.222613	0.337937	0.100173	10.000000	15.798875	9.682052	10.000000	10.520373	10.909372	2999
0.250000	0.250000	0.182433	0.585257	0.490857	0.307557	10.000000	11.868736	9.508267	10.000000	10.413214	9.792427	2999
0.250000	0.250000	0.114573	0.205833	0.324987	0.089877	10.000000	11.222245	10.113891	10.000000	10.552737	11.009625	2999
0.250000	0.250000	0.204593	0.437013	0.446403	0.241383	10.000000	10.372687	10.205828	10.000000	14.046688	9.428166	2999
0.250000	0.250000	0.039577	0.043053	0.202957	0.013490	10.000000	10.979704	11.557598	10.000000	11.001087	11.399535	2999
0.250000	0.250000	0.112833	0.261803	0.348383	0.112413	10.000000	10.855704	10.398893	10.000000	10.606539	10.846152	2999
0.250000	0.250000	0.066693	0.100330	0.250307	0.035697	10.000000	10.850841	11.200870	10.000000	10.815400	11.031639	2999
0.250000	0.250000	0.207870	0.507900	0.469727	0.283623	10.000000	10.843300	9.709199	10.000000	10.398404	10.198009	2999
0.250000	0.250000	0.226527	0.438580	0.455373	0.252533	10.000000	10.460783	10.340079	10.000000	10.593218	10.016518	2999
0.250000	0.250000	0.232943	0.557237	0.489957	0.326623	10.000000	12.078509	9.567544	10.000000	10.333052	9.917696	2999
0.250000	0.250000	0.231643	0.546197	0.487287	0.318040	10.000000	10.533453	10.057614	10.000000	10.484185	9.989691	2999
0.250000	0.250000	0.127207	0.513900	0.458283	0.233843	10.000000	10.524656	9.522917	10.000000	11.773359	9.328109	2999
0.250000	0.250000	0.042007	0.048253	0.207467	0.015223	10.000000	10.862543	11.813041	10.000000	13.812584	9.575029	2999
0.250000	0.250000	0.203420	0.505693	0.468367	0.278033	10.000000	11.352503	9.487055	10.000000	10.376698	10.067778	2999
0.250000	0.250000	0.138513	0.275490	0.364757	0.128503	10.000000	10.565156	10.744118	10.000000	10.768881	10.381575	2999
0.250000	0.250000	0.165507	0.335810	0.399290	0.169177	10.000000	10.879060	9.965888	10.000000	10.475445	10.641252	2999
0.250000	0.250000	0.219700	0.514493	0.475290	0.293007	10.000000	11.423516	9.730209	10.000000	10.351631	10.167013	2999
0.250000	0.250000	0.020523	0.380847	0.380823	0.108533	10.000000	14.326281	9.226381	10.000000	12.453356	9.193412	2999
0.250000	0.250000	0.209927	0.460740	0.455570	0.257710	10.000000	15.692845	9.781486	10.000000	10.363568	10.316506	2999
0.250000	0.250000	0.175517	0.368620	0.414170	0.189320	10.000000	10.551361	10.474517	10.000000	10.622497	10.312186	2999
0.250000	0.250000	0.174593	0.352637	0.408973	0.181807	10.000000	10.431901	10.592249	10.000000	11.138729	9.933917	2999
0.250000	0.250000	0.045230	0.081643	0.227573	0.026777	10.000000	12.831281	9.478685	10.000000	10.826412	11.578905	2999
0.250000	0.250000	0.167930	0.304137	0.388327	0.153987	10.000000	12.506875	9.813574	10.000000	10.437338	10.681312	2999
0.250000	0.250000	0.030223	0.041333	0.196053	0.012413	10.000000	10.984118	11.588460	10.000000	12.034061	8.647086	2999
0.250000	0.250000	0.198373	0.536597	0.476627	0.291660	10.000000	14.952848	9.555197	10.000000	10.383452	10.058916	2999
0.250000	0.250000	0.178810	0.573383	0.486490	0.297997	10.000000	12.762921	9.500542	10.000000	10.415653	9.902187	2999
0.250000	0.250000	0.159207	0.340140	0.398023	0.168310	10.000000	10.546507	10.535718	10.000000	10.696169	10.390660	2999
0.250000	0.250000	0.137123	0.255203	0.357313	0.118467	10.000000	10.881044	10.296981	10.000000	10.535884	10.823234	2999
0.250000	0.250000	0.175623	0.575107	0.486747	0.296633	10.000000	10.428472	9.569455	10.000000	12.054502	9.495172	2999
0.250000	0.250000	0.126260	0.407420	0.414300	0.184000	10.000000	12.233723	9.056568	10.000000	10.526259	9.766239	2999
0.250000	0.250000	0.150513	0.342917	0.395507	0.166843	10.000000	10.467835	10.576230	10.000000	11.833163	9.560119	2999
0.250000	0.250000	0.116453	0.292767	0.363403	0.128670	10.000000	11.696570	9.180530	10.000000	10.544906	10.552114	2999
0.250000	0.250000	0.181890	0.406787	0.429457	0.212683	10.000000	11.099538	9.862069	10.000000	10.420242	10.476493	2999
0.250000	0.250000	0.041810	0.022933	0.193297	0.007513	10.000000	12.613667	9.341477	10.000000	10.845706	11.949055	2350
0.250000	0.250000	0.210077	0.396570	0.436743	0.221423	10.000000	10.515218	10.332611	10.000000	10.562688	10.284270	2999
0.250000	0.250000	0.137333	0.276910	0.365367	0.128187	10.000000	11.436443	9.872633	10.000000	10.500243	10.805136	2999
0.250000	0.250000	0.044753	0.194150	0.286577	0.063297	10.000000	12.856147	8.599699	10.000000	10.860414	10.237328	2999
0.250000	0.250000	0.196187	0.575563	0.488927	0.313367	10.000000	10.387962	9.775526	10.000000	12.746137	9.491625	2999
0.250000	0.250000	0.202527	0.471253	0.457590	0.258063	10.000000	10.528062	10.266909	10.000000	10.570269	10.142792	2999
0.250000	0.250000	0.196397	0.439337	0.445240	0.237007	10.000000	10.394587	10.380474	10.000000	11.104643	9.823026	2999
0.250000	0.250000	0.152667	0.246110	0.360160	0.119523	10.000000	10.464843	10.804746	10.000000	12.658967	9.700296	2999
0.250000	0.250000	0.136367	0.558173	0.476460	0.260200	10.000000	10.505693	9.542964	10.000000	12.670869	9.430520	2999
0.250000	0.250000	0.154230	0.319793	0.388980	0.156117	10.000000	10.784717	10.394270	10.000000	10.521697	10.607509	2999
0.250000	0.250000	0.157067	0.348953	0.400790	0.171967	10.000000	10.456297	10.598772	10.000000	12.050934	9.713306	2999
0.250000	0.250000	0.103610	0.436363	0.422787	0.181803	10.000000	10.595700	9.774979	10.000000	12.425065	9.096088	2999
0.250000	0.250000	0.037407	0.036883	0.198263	0.011517	10.000000	10.887474	11.954060	10.000000	11.993897	10.295722	2999
0.250000	0.250000	0.190000	0.569427	0.485867	0.305127	10.000000	10.413875	9.774777	10.000000	10.992932	9.466772	2999
0.250000	0.250000	0.204067	0.366410	0.423890	0.202203	10.000000	10.579087	10.346258	10.000000	10.508884	10.372588	2999
0.250000	0.250000	0.109950	0.504280	0.452767	0.216493	10.000000	10.589014	9.410133	10.000000	11.031191	9.365479	2999
0.250000	0.250000	0.121117	0.238110	0.342120	0.105000	10.000000	11.211575	10.162021	10.000000	10.537249	10.925531	2999
0.250000	0.250000	0.109040	0.420900	0.416863	0.179347	10.000000	10.578126	9.835250	10.000000	12.452110	9.073415	2999
0.250000	0.250000	0.190880	0.320587	0.405027	0.172357	10.000000	10.430064	10.603795	10.000000	10.840187	10.149113	2999
0.250000	0.250000	0.102710	0.209353	0.320943	0.086587	10.000000	13.824120	9.294788	10.000000	10.578473	10.871568	2999
0.250000	0.250000	0.094713	0.177600	0.303403	0.071397	10.000000	10.823553	10.850592	10.000000	10.682826	10.882341	2999
0.250000	0.250000	0.165343	0.261623	0.371310	0.131630	10.000000	11.049681	10.134309	10.000000	10.458338	10.779001	2999
0.250000	0.250000	0.099057	0.207313	0.318730	0.084803	10.000000	11.201776	9.988141	10.000000	10.598456	11.047893	2999
0.250000	0.250000	0.123940	0.401130	0.411593	0.178610	10.000000	11.934412	9.060251	10.000000	10.529186	9.933727	2999
0.250000	0.250000	0.021470	0.285397	0.327363	0.082300	10.000000	11.757679	8.916389	10.000000	13.213715	9.297927	2999
0.250000	0.250000	0.149790	0.297993	0.378773	0.144067	10.000000	10.661488	10.449071	10.000000	10.592939	10.625049	2999
0.250000	0.250000	0.070053	0.109923	0.256793	0.040070	10.000000	10.686175	11.413845	10.000000	13.906765	10.237456	2999
0.250000	0.250000	0.049437	0.077627	0.226803	0.026003	10.000000	10.830142	11.516449	10.000000	11.081266	10.888351	2999
0.250000	0.250000	0.083837	0.172550	0.294627	0.066773	10.000000	12.549283	9.611224	10.000000	10.636817	11.127245	2999
0.250000	0.250000	0.199117	0.576073	0.490470	0.315337	10.000000	11.407999	9.496912	10.000000	10.399393	9.740771	2999
0.250000	0.250000	0.021323	0.109647	0.227880	0.031747	10.000000	11.378627	10.048645	10.000000	12.548537	8.315990	2999
0.250000	0.250000	0.024437	0.076923	0.211660	0.022667	10.000000	12.355146	8.217832	10.000000	11.460574	10.439269	2999
0.250000	0.250000	0.170643	0.442270	0.438847	0.225050	10.000000	10.430447	10.094214	10.000000	13.721994	9.272440	2999
0.250000	0.250000	0.110497	0.420333	0.416087	0.178627	10.000000	10.568178	9.952189	10.000000	14.581528	9.088546	2999
0.250000	0.250000	0.153213	0.336287	0.394857	0.163823	10.000000	10.467254	10.482621	10.000000	11.554246	9.339315	2999
0.250000	0.250000	0.055207	0.090240	0.238693	0.030683	10.000000	16.220896	9.557371	10.000000	10.755146	11.487469	2999
0.250000	0.250000	0.022713	0.138823	0.245050	0.040197	10.000000	14.537970	8.415468	10.000000	11.226577	10.335323	2999
0.250000	0.250000	0.189253	0.523637	0.471137	0.280453	10.000000	10.400047	9.887358	10.000000	11.604222	9.379994	2999
0.250000	0.250000	0.199183	0.445117	0.448177	0.242857	10.000000	10.774070	10.075966	10.000000	10.431349	10.360537	2999
0.250000	0.250000	0.064530	0.072420	0.234933	0.025643	10.000000	10.728105	11.565208	10.000000	11.313231	10.443197	2999
0.250000	0.250000	0.234520	0.551613	0.490013	0.322510	10.000000	10.560134	9.808075	10.000000	10.465372	10.087558	2999
0.250000	0.250000	0.127203	0.199887	0.328880	0.090850	10.000000	13.777692	9.309656	10.000000	10.518186	10.839547	2999
0.250000	0.250000	0.032613	0.051230	0.202530	0.015763	10.000000	10.950522	11.810252	10.000000	12.185711	9.296985	2999
0.250000	0.250000	0.051810	0.146970	0.265133	0.049710	10.000000	10.778407	10.978118	10.000000	13.024707	8.877416	2999
0.250000	0.250000	0.187080	0.569853	0.485867	0.302477	10.000000	10.403422	9.669374	10.000000	11.873142	9.469140	2999
0.250000	0.250000	0.211090	0.437410	0.448793	0.244657	10.000000	10.369513	10.364075	10.000000	11.147673	9.858453	2999
0.250000	0.250000	0.220997	0.452243	0.456737	0.259040	10.000000	10.350539	10.222431	10.000000	12.464327	9.552462	2999
0.250000	0.250000	0.124430	0.271577	0.357150	0.121513	10.000000	10.765884	10.428216	10.000000	10.607483	10.778517	2999
0.250000	0.250000	0.089050	0.185937	0.303757	0.073500	10.000000	10.619809	11.088114	10.000000	12.725985	9.669519	2999
0.250000	0.250000	0.228637	0.596633	0.501553	0.346233	10.000000	10.472213	9.707355	10.000000	10.558196	9.617966	2999
0.250000	0.250000	0.135087	0.461520	0.437823	0.213740	10.000000	12.737103	9.216888	10.000000	10.503566	10.006617	2999
0.250000	0.250000	0.207417	0.543850	0.481127	0.302893	10.000000	10.370375	9.739547	10.000000	15.479360	9.419376	2999
0.250000	0.250000	0.043707	0.236397	0.309120	0.076603	10.000000	10.837772	10.175888	10.000000	11.655794	8.687219	2999
0.250000	0.250000	0.143063	0.273027	0.366480	0.128840	10.000000	11.778200	9.445528	10.000000	10.485992	10.694981	2999
0.250000	0.250000	0.145100	0.528647	0.465207	0.252080	10.000000	10.480879	9.700532	10.000000	11.579721	9.321708	2999
0.250000	0.250000	0.195060	0.336287	0.410740	0.181743	10.000000	10.875991	9.972326	10.000000	10.417940	10.581341	2999
0.250000	0.250000	0.088390	0.138833	0.281660	0.054603	10.000000	10.620677	11.149440	10.000000	12.491757	9.405364	2999
0.250000	0.250000	0.030860	0.350913	0.366610	0.105540	10.000000	12.724000	8.909026	10.000000	11.158976	9.647117	2999
0.250000	0.250000	0.192723	0.410107	0.433363	0.220997	10.000000	10.401506	10.339825	10.000000	11.167102	9.499922	2999
0.250000	0.250000	0.214030	0.468337	0.458743	0.263920	10.000000	10.950821	9.854762	10.000000	10.377021	10.297869	2999
0.250000	0.250000	0.144810	0.379200	0.407890	0.181217	10.000000	10.481383	10.405690	10.000000	11.984925	9.354576	2999
0.250000	0.250000	0.237280	0.496880	0.474827	0.292613	10.000000	10.619221	10.053451	10.000000	10.418951	10.160076	2999
0.250000	0.250000	0.094043	0.095907	0.265507	0.038570	10.000000	10.720404	11.171591	10.000000	10.775011	10.885255	2999
0.250000	0.250000	0.127513	0.223337	0.338803	0.100820	10.000000	11.031907	10.233792	10.000000	10.535758	10.930225	2999
0.250000	0.250000	0.020310	0.253810	0.309960	0.072080	10.000000	12.369541	9.056944	10.000000	14.107219	9.014815	2999
0.250000	0.250000	0.223007	0.550667	0.486597	0.316297	10.000000	10.345062	9.967181	10.000000	11.752965	9.564944	2999
0.250000	0.250000	0.187550	0.491843	0.459407	0.261590	10.000000	10.400628	10.170953	10.000000	12.852904	9.522471	2999
0.250000	0.250000	0.154233	0.318503	0.387673	0.156063	10.000000	10.459612	10.543682	10.000000	12.193080	9.389301	2999
0.250000	0.250000	0.041950	0.362743	0.374593	0.115900	10.000000	10.859818	9.935369	10.000000	11.743864	8.904470	2999
0.250000	0.250000	0.219397	0.455257	0.457880	0.259030	10.000000	10.412466	10.316681	10.000000	10.731991	9.957582	2999
0.250000	0.250000	0.058480	0.367910	0.380947	0.127877	10.000000	14.211394	8.933001	10.000000	10.770526	9.857758	2999
0.250000	0.250000	0.118960	0.456303	0.434273	0.200600	10.000000	12.024110	9.168769	10.000000	10.542110	9.953783	2999
0.250000	0.250000	0.020890	0.201677	0.279970	0.057630	10.000000	15.420319	8.901382	10.000000	12.263347	9.011527	2999
0.250000	0.250000	0.201870	0.504707	0.467733	0.277233	10.000000	11.302658	9.616451	10.000000	10.384198	10.173352	2999
0.250000	0.250000	0.074907	0.171873	0.290130	0.063970	10.000000	12.973206	9.177123	10.000000	10.669486	11.006156	2999
0.250000	0.250000	0.210063	0.471767	0.459530	0.264187	10.000000	10.404459	10.296743	10.000000	10.794778	9.972919	2999
0.250000	0.250000	0.039650	0.028953	0.195263	0.008750	10.000000	10.866345	12.002964	10.000000	12.655882	10.460014	2999
0.250000	0.250000	0.140483	0.504967	0.455887	0.237437	10.000000	10.493507	9.855143	10.000000	13.063120	9.273698	2999
0.250000	0.250000	0.210000	0.381757	0.431047	0.212980	10.000000	10.565882	10.275261	10.000000	10.511484	10.375239	2999
0.250000	0.250000	0.093360	0.116043	0.273370	0.046570	10.000000	10.955675	10.481202	10.000000	10.654773	11.270365	2999
0.250000	0.250000	0.027230	0.026443	0.185167	0.007623	10.000000	11.388700	10.352299	10.000000	11.091823	12.256222	2351
0.250000	0.250000	0.218577	0.496983	0.469007	0.282877	10.000000	10.701302	10.001138	10.000000	10.414426	10.218409	2999
0.250000	0.250000	0.172917	0.371107	0.414810	0.190570	10.000000	13.523441	9.926349	10.000000	10.424147	10.573231	2999
0.250000	0.250000	0.066047	0.183510	0.290963	0.066337	10.000000	10.704044	10.851451	10.000000	12.142151	8.966885	2999
0.250000	0.250000	0.150020	0.345733	0.396230	0.166343	10.000000	11.652882	9.333106	10.000000	10.468510	10.455785	2999
0.250000	0.250000	0.184743	0.457373	0.447477	0.242197	10.000000	11.256778	9.625942	10.000000	10.413698	10.311463	2999
0.250000	0.250000	0.210910	0.555797	0.484987	0.311757	10.000000	13.231441	9.476218	10.000000	10.363555	9.830095	2999
0.250000	0.250000	0.209070	0.389443	0.433353	0.217307	10.000000	10.419192	10.462947	10.000000	10.754048	9.975644	2999
0.250000	0.250000	0.221563	0.603393	0.502517	0.344737	10.000000	11.038221	9.630788	10.000000	10.364356	9.636655	2999
0.250000	0.250000	0.202830	0.466067	0.456027	0.256603	10.000000	10.438676	10.306632	10.000000	10.720978	10.058819	2999
0.250000	0.250000	0.067853	0.124830	0.262990	0.045170	10.000000	10.698654	10.999549	10.000000	11.907921	8.891266	2999
0.250000	0.250000	0.201703	0.393517	0.431260	0.216223	10.000000	10.382706	10.322918	10.000000	11.534110	9.445957	2999
0.250000	0.250000	0.068227	0.120217	0.261040	0.043970	10.000000	10.694503	11.238252	10.000000	11.631136	9.273913	2999
0.250000	0.250000	0.158183	0.240053	0.360763	0.118557	10.000000	10.457437	10.824093	10.000000	11.354778	9.792366	2999
0.250000	0.250000	0.103367	0.403457	0.407353	0.168280	10.000000	10.584207	9.974371	10.000000	12.703669	9.052852	2999
0.250000	0.250000	0.073103	0.075867	0.242137	0.027750	10.000000	10.799278	11.260724	10.000000	10.839907	11.092917	2999
0.250000	0.250000	0.135863	0.547290	0.472793	0.254540	10.000000	12.904232	9.356819	10.000000	10.498118	9.826061	2999
0.250000	0.250000	0.138213	0.357897	0.398063	0.167450	10.000000	12.263794	9.062442	10.000000	10.502504	10.144963	2999
0.250000	0.250000	0.150647	0.393343	0.415240	0.190940	10.000000	11.006406	9.952684	10.000000	10.485519	10.569777	2999
0.250000	0.250000	0.164500	0.266967	0.372980	0.134293	10.000000	10.842823	10.296780	10.000000	10.479698	10.731456	2999
0.250000	0.250000	0.125833	0.228383	0.340937	0.102763	10.000000	10.523764	10.905229	10.000000	11.295414	9.727530	2999
0.250000	0.250000	0.074950	0.124837	0.267927	0.046527	10.000000	10.668996	11.202115	10.000000	15.010329	9.285126	2999
0.250000	0.250000	0.073923	0.103203	0.257280	0.037937	10.000000	11.111475	10.556078	10.000000	10.691868	11.373227	2999
0.250000	0.250000	0.055903	0.349953	0.371293	0.120017	10.000000	12.561052	8.903466	10.000000	10.765958	10.023021	2999
0.250000	0.250000	0.093193	0.284997	0.350840	0.114660	10.000000	10.611965	10.236973	10.000000	12.842936	8.878656	2999
0.250000	0.250000	0.161603	0.305563	0.385980	0.151510	10.000000	10.754579	10.513458	10.000000	10.513459	10.547979	2999
0.250000	0.250000	0.191677	0.556147	0.482620	0.298670	10.000000	13.098414	9.635770	10.000000	10.392932	10.077323	2999
0.250000	0.250000	0.238047	0.575907	0.497280	0.339817	10.000000	10.433860	9.980753	10.000000	10.590803	9.747289	2999
0.250000	0.250000	0.155123	0.375110	0.409490	0.183957	10.000000	12.078089	9.427146	10.000000	10.460723	10.442407	2999
0.250000	0.250000	0.107117	0.217440	0.327023	0.091937	10.000000	11.024966	10.147901	10.000000	10.593355	11.006704	2999
0.250000	0.250000	0.121657	0.438197	0.426427	0.193967	10.000000	10.538490	9.925764	10.000000	13.345962	9.130631	2999
0.250000	0.250000	0.022960	0.340517	0.358913	0.098797	10.000000	12.106119	8.976974	10.000000	11.425957	9.406330	2999
0.250000	0.250000	0.153740	0.384740	0.412507	0.187447	10.000000	17.006235	9.389743	10.000000	10.461734	10.397571	2999
0.250000	0.250000	0.103863	0.273743	0.350527	0.113990	10.000000	10.578642	10.682093	10.000000	11.818728	9.246942	2999
0.250000	0.250000	0.101757	0.212183	0.322000	0.087403	10.000000	10.582282	10.902519	10.000000	12.036948	9.368886	2999
0.250000	0.250000	0.236790	0.586703	0.500000	0.346637	10.000000	10.474335	9.834305	10.000000	10.535224	9.958027	2999
0.250000	0.250000	0.112040	0.289760	0.360580	0.124410	10.000000	14.428424	9.044275	10.000000	10.554810	10.434571	2999
0.250000	0.250000	0.021607	0.215487	0.287777	0.061647	10.000000	11.775994	8.630762	10.000000	11.762435	9.673665	2999
0.250000	0.250000	0.218090	0.593990	0.499523	0.336207	10.000000	11.820369	9.640562	10.000000	10.366128	9.879393	2999
0.250000	0.250000	0.120123	0.252330	0.348397	0.111387	10.000000	12.571834	9.309848	10.000000	10.534908	10.730381	2999
0.250000	0.250000	0.087903	0.238860	0.327877	0.094740	10.000000	10.626946	10.831753	10.000000	11.848893	9.267254	2999
0.250000	0.250000	0.227517	0.498903	0.472773	0.288413	10.000000	10.402048	10.213764	10.000000	10.699147	9.939526	2999
0.250000	0.250000	0.192073	0.465680	0.452643	0.249813	10.000000	10.394742	10.033472	10.000000	12.153352	9.318273	2999
0.250000	0.250000	0.020533	0.328293	0.351647	0.094293	10.000000	12.001821	8.948797	10.000000	12.337473	9.405916	2999
0.250000	0.250000	0.183500	0.370627	0.417537	0.195380	10.000000	12.403766	9.821077	10.000000	10.409159	10.534676	2999
0.250000	0.250000	0.046347	0.083420	0.229007	0.027770	10.000000	10.812901	11.586627	10.000000	12.546031	9.632682	2999
0.250000	0.250000	0.214943	0.613513	0.504693	0.346777	10.000000	10.414480	9.840153	10.000000	10.734344	9.725575	2999
0.250000	0.250000	0.020987	0.155560	0.254283	0.044313	10.000000	11.486439	9.536282	10.000000	12.509281	8.512569	2999
0.250000	0.250000	0.020707	0.057103	0.197633	0.016393	10.000000	11.507664	8.147790	10.000000	12.728466	9.540282	2999
0.250000	0.250000	0.190363	0.330307	0.406580	0.177320	10.000000	10.466972	10.585801	10.000000	10.709936	10.147495	2999
0.250000	0.250000	0.021203	0.372650	0.376717	0.107060	10.000000	13.659273	9.191129	10.000000	11.884473	9.205867	2999
0.250000	0.250000	0.090333	0.130280	0.278563	0.051730	10.000000	10.822753	10.742144	10.000000	10.702508	11.135584	2999
0.250000	0.250000	0.216827	0.444073	0.453643	0.251717	10.000000	10.739139	10.057909	10.000000	10.409842	10.325182	2999
0.250000	0.250000	0.166420	0.350517	0.404873	0.176693	10.000000	10.813912	10.326343	10.000000	10.481035	10.545560	2999
0.250000	0.250000	0.176623	0.491277	0.457137	0.254140	10.000000	13.305748	9.287623	10.000000	10.423661	9.871774	2999
0.250000	0.250000	0.061830	0.095103	0.244757	0.033620	10.000000	12.577213	9.429184	10.000000	10.723677	11.407285	2999
0.250000	0.250000	0.090457	0.120723	0.274080	0.048703	10.000000	10.666894	11.126984	10.000000	10.903714	10.831019	2999
0.250000	0.250000	0.159657	0.546497	0.475620	0.270763	10.000000	11.906467	9.437426	10.000000	10.469869	9.508778	2999
0.250000	0.250000	0.042347	0.062873	0.215237	0.020013	10.000000	10.994897	11.168125	10.000000	10.926585	11.512311	2999
0.250000	0.250000	0.215340	0.579777	0.495490	0.326000	10.000000	10.728492	9.943692	10.000000	10.414064	10.029459	2999
0.250000	0.250000	0.186377	0.541987	0.475977	0.288167	10.000000	17.572648	9.396566	10.000000	10.404595	9.638061	2999
0.250000	0.250000	0.020960	0.362553	0.371120	0.103540	10.000000	13.240654	9.305633	10.000000	12.458225	9.085116	2999
0.250000	0.250000	0.159373	0.289573	0.380120	0.143450	10.000000	12.189962	9.520889	10.000000	10.451289	10.655176	2999
0.250000	0.250000	0.139043	0.314173	0.380333	0.147880	10.000000	14.919172	9.239574	10.000000	10.492552	10.489844	2999
0.250000	0.250000	0.178777	0.570553	0.485623	0.296823	10.000000	11.388933	9.469656	10.000000	10.426672	9.837983	2999
0.250000	0.250000	0.050377	0.300927	0.344740	0.100327	10.000000	10.808504	10.001707	10.000000	12.262895	8.806142	2999
0.250000	0.250000	0.164553	0.496080	0.456857	0.250043	10.000000	10.442953	10.013723	10.000000	12.487555	9.341998	2999
0.250000	0.250000	0.133313	0.469667	0.441467	0.216877	10.000000	10.511450	9.769954	10.000000	11.832580	9.186039	2999
0.250000	0.250000	0.184823	0.333947	0.405910	0.176253	10.000000	10.445601	10.595547	10.000000	10.827603	10.116578	2999
0.250000	0.250000	0.182100	0.524170	0.469370	0.275180	10.000000	11.858091	9.506789	10.000000	10.409972	10.084591	2999
0.250000	0.250000	0.179877	0.376493	0.417600	0.197063	10.000000	10.506061	10.317397	10.000000	10.678770	10.478352	2999
0.250000	0.250000	0.054867	0.079757	0.233333	0.027470	10.000000	11.444059	10.369217	10.000000	10.771376	11.591897	2999
0.250000	0.250000	0.222090	0.505290	0.473363	0.289077	10.000000	13.304313	9.690747	10.000000	10.345833	10.172825	2999
0.250000	0.250000	0.188257	0.404253	0.430577	0.215763	10.000000	10.408496	10.443706	10.000000	11.054003	9.743192	2999
0.250000	0.250000	0.100690	0.194653	0.313497	0.081517	10.000000	10.830100	10.504881	10.000000	10.655123	11.003153	2999
0.250000	0.250000	0.116193	0.195473	0.322273	0.085367	10.000000	11.936684	9.855455	10.000000	10.543625	11.019102	2999
0.250000	0.250000	0.113530	0.293050	0.362410	0.126493	10.000000	11.506313	9.134892	10.000000	10.553814	10.518215	2999
0.250000	0.250000	0.041793	0.073493	0.221063	0.023530	10.000000	10.853126	11.521994	10.000000	11.826484	9.116056	2999
0.250000	0.250000	0.052067	0.332207	0.361353	0.112077	10.000000	12.322392	8.861664	10.000000	10.783996	9.847756	2999
0.250000	0.250000	0.149740	0.543450	0.471657	0.262707	10.000000	10.473741	9.678498	10.000000	11.618656	9.363030	2999
0.250000	0.250000	0.181567	0.324673	0.402023	0.169910	10.000000	10.624758	10.324279	10.000000	10.533209	10.553040	2999
0.250000	0.250000	0.186700	0.519177	0.469900	0.274973	10.000000	11.720869	9.372230	10.000000	10.403563	9.894044	2999
0.250000	0.250000	0.049287	0.053793	0.214583	0.018210	10.000000	12.219961	10.174261	10.000000	10.796055	11.754677	2999
0.250000	0.250000	0.158207	0.503313	0.458310	0.248780	10.000000	10.468526	9.737107	10.000000	14.768902	9.272996	2999
0.250000	0.250000	0.174977	0.488243	0.456247	0.251820	10.000000	10.421777	10.219797	10.000000	13.815845	9.543278	2999
0.250000	0.250000	0.091653	0.241690	0.330887	0.095987	10.000000	12.515183	9.435303	10.000000	10.610224	10.885972	2999
0.250000	0.250000	0.097713	0.475323	0.438403	0.194797	10.000000	10.598303	9.390613	10.000000	12.185292	9.302705	2999
0.250000	0.250000	0.088510	0.165787	0.294547	0.065183	10.000000	13.355030	9.450500	10.000000	10.619445	11.084196	2999
0.250000	0.250000	0.082333	0.217957	0.315370	0.084553	10.000000	13.307086	8.940285	10.000000	10.643985	10.640988	2999
0.250000	0.250000	0.219910	0.594177	0.499727	0.338100	10.000000	10.389163	9.906216	10.000000	10.889469	9.676379	2999
0.250000	0.250000	0.198550	0.546007	0.481097	0.296953	10.000000	10.383994	10.111332	10.000000	12.139043	9.664307	2999
0.250000	0.250000	0.121083	0.237887	0.342373	0.106030	10.000000	10.878756	10.332112	10.000000	10.578084	10.892235	2999
0.250000	0.250000	0.138840	0.493947	0.450680	0.231843	10.000000	10.495743	9.589096	10.000000	11.691202	9.264042	2999
0.250000	0.250000	0.136663	0.508773	0.457233	0.236187	10.000000	10.500610	9.832948	10.000000	12.015155	9.271890	2999
0.250000	0.250000	0.156547	0.323787	0.391207	0.159110	10.000000	10.941845	10.171966	10.000000	10.478910	10.664920	2999
0.250000	0.250000	0.170113	0.281933	0.382000	0.143310	10.000000	10.736350	10.389713	10.000000	10.503217	10.646934	2999
0.250000	0.250000	0.053887	0.085030	0.234087	0.029073	10.000000	12.311327	9.001101	10.000000	10.763912	11.319694	2999
0.250000	0.250000	0.239963	0.517123	0.481010	0.306967	10.000000	10.340287	10.144694	10.000000	10.943432	9.825366	2999
0.250000	0.250000	0.207157	0.565247	0.487867	0.313093	10.000000	11.616514	9.517652	10.000000	10.371013	9.871034	2999
0.250000	0.250000	0.060767	0.065040	0.228650	0.022537	10.000000	11.948103	9.553804	10.000000	10.731632	11.570726	2999
0.250000	0.250000	0.150827	0.297777	0.379420	0.143577	10.000000	10.903315	10.446645	10.000000	10.496704	10.659283	2999
0.250000	0.250000	0.056297	0.069560	0.227773	0.023883	10.000000	10.751957	11.473127	10.000000	13.400008	9.185524	2999
0.250000	0.250000	0.123773	0.360263	0.394640	0.160493	10.000000	11.576671	9.398937	10.000000	10.526613	10.526273	2999
0.250000	0.250000	0.091587	0.204293	0.312897	0.081943	10.000000	12.764972	9.209002	10.000000	10.611249	10.868537	2999
0.250000	0.250000	0.205513	0.297287	0.402963	0.163753	10.000000	11.142855	10.086601	10.000000	10.382057	10.643415	2999
0.250000	0.250000	0.161240	0.301640	0.385547	0.148833	10.000000	11.026217	10.097142	10.000000	10.458824	10.706886	2999
0.250000	0.250000	0.175527	0.416843	0.432080	0.215073	10.000000	10.560338	10.425995	10.000000	10.611524	10.221796	2999
0.250000	0.250000	0.148063	0.512417	0.460463	0.245767	10.000000	12.273118	9.285981	10.000000	10.487305	9.706920	2999
0.250000	0.250000	0.039443	0.027753	0.194227	0.008773	10.000000	11.023185	11.277349	10.000000	10.991258	11.826120	2999
0.250000	0.250000	0.149953	0.379443	0.410013	0.183113	10.000000	10.902715	9.976811	10.000000	10.512438	10.600664	2999
0.250000	0.250000	0.168583	0.313493	0.392260	0.159157	10.000000	11.986125	9.953485	10.000000	10.434056	10.682432	2999
0.250000	0.250000	0.150023	0.248130	0.359780	0.119740	10.000000	10.469175	10.837144	10.000000	12.131067	9.891771	2999
0.250000	0.250000	0.134867	0.287683	0.367527	0.133263	10.000000	10.502852	10.675970	10.000000	12.719681	9.444548	2999
0.250000	0.250000	0.086017	0.150473	0.285590	0.058110	10.000000	10.699031	11.191112	10.000000	10.924246	10.522525	2999
0.250000	0.250000	0.159970	0.260420	0.369317	0.128783	10.000000	10.502845	10.750980	10.000000	10.792076	10.306756	2999
0.250000	0.250000	0.198480	0.472367	0.457170	0.256837	10.000000	10.406078	10.312925	10.000000	10.905380	9.813914	2999
0.250000	0.250000	0.232080	0.397710	0.444127	0.232520	10.000000	10.342256	10.415064	10.000000	11.097759	10.044714	2999
0.250000	0.250000	0.090033	0.095710	0.263343	0.037390	10.000000	10.620436	11.321790	10.000000	12.873199	9.520910	2999
0.250000	0.250000	0.078597	0.130437	0.271953	0.049530	10.000000	11.902970	8.892194	10.000000	10.656700	10.936980	2999
0.250000	0.250000	0.030737	0.260993	0.315823	0.079080	10.000000	11.011128	9.958214	10.000000	14.216060	8.702239	2999
0.250000	0.250000	0.238860	0.591470	0.501907	0.349737	10.000000	11.125644	9.698067	10.000000	10.329001	9.896808	2999
0.250000	0.250000	0.088383	0.147107	0.285407	0.058203	10.000000	10.833200	10.755712	10.000000	10.707033	11.080983	2999
0.250000	0.250000	0.191843	0.473370	0.455347	0.254583	10.000000	10.394333	9.914618	10.000000	14.054170	9.275757	2999
0.250000	0.250000	0.204740	0.412060	0.439623	0.226950	10.000000	10.393073	10.425402	10.000000	10.967984	9.880109	2999
0.250000	0.250000	0.214660	0.468020	0.459313	0.264603	10.000000	10.359223	10.262140	10.000000	12.020847	9.691866	2999
0.250000	0.250000	0.041163	0.170883	0.272567	0.054830	10.000000	11.801995	8.597422	10.000000	10.872782	10.479951	2999
0.250000	0.250000	0.210157	0.446973	0.452127	0.249413	10.000000	10.366753	10.326173	10.000000	12.876960	9.736208	2999
0.250000	0.250000	0.213603	0.453380	0.454130	0.255883	10.000000	11.603509	9.754672	10.000000	10.367352	10.315633	2999
0.250000	0.250000	0.207933	0.418707	0.442407	0.233373	10.000000	10.369368	10.092556	10.000000	12.709938	9.270638	2999
0.250000	0.250000	0.060643	0.088457	0.241293	0.030843	10.000000	10.733354	11.491491	10.000000	11.314231	9.685207	2999
0.250000	0.250000	0.108180	0.216203	0.327333	0.091420	10.000000	14.342746	9.433712	10.000000	10.565083	10.898363	2999
0.250000	0.250000	0.230090	0.540713	0.485240	0.313860	10.000000	10.936931	9.738811	10.000000	10.351215	10.081931	2999
0.250000	0.250000	0.238433	0.423333	0.455023	0.249480	10.000000	10.569310	10.028648	10.000000	10.446131	10.340950	2999
0.250000	0.250000	0.047120	0.176910	0.277690	0.059390	10.000000	10.814428	10.567556	10.000000	11.930756	8.663001	2999
0.250000	0.250000	0.163430	0.208103	0.351130	0.103770	10.000000	11.013276	10.192482	10.000000	10.463154	10.889787	2999
0.250000	0.250000	0.154610	0.257547	0.365427	0.125557	10.000000	11.605459	9.653825	10.000000	10.458683	10.763326	2999
0.250000	0.250000	0.088843	0.141993	0.283503	0.056010	10.000000	11.035582	10.243458	10.000000	10.644186	11.241459	2999
0.250000	0.250000	0.130073	0.391383	0.407797	0.179160	10.000000	12.320178	9.334566	10.000000	10.512300	10.395938	2999
0.250000	0.250000	0.195737	0.457680	0.450813	0.247503	10.000000	12.705895	9.709225	10.000000	10.386835	10.325637	2999
0.250000	0.250000	0.100093	0.492820	0.446567	0.203533	10.000000	12.165048	9.206828	10.000000	10.594435	9.747720	2999
0.250000	0.250000	0.019933	0.262980	0.314973	0.075363	10.000000	13.843401	8.757083	10.000000	13.420131	9.565218	2999
0.250000	0.250000	0.204300	0.421140	0.441413	0.232670	10.000000	10.436525	10.405418	10.000000	10.717937	10.009110	2999
0.250000	0.250000	0.169280	0.366887	0.410597	0.187077	10.000000	10.434086	10.529572	10.000000	12.429821	9.667000	2999
0.250000	0.250000	0.083657	0.121793	0.270670	0.046983	10.000000	10.634999	11.282277	10.000000	11.575404	9.711774	2999
0.250000	0.250000	0.138950	0.355143	0.396987	0.166363	10.000000	11.580016	9.311275	10.000000	10.491596	10.441513	2999
0.250000	0.250000	0.164183	0.315620	0.391530	0.157930	10.000000	11.074584	10.047231	10.000000	10.454436	10.680647	2999
0.250000	0.250000	0.119673	0.224590	0.336053	0.098820	10.000000	10.677411	10.832667	10.000000	10.687173	10.577848	2999
0.250000	0.250000	0.050983	0.055293	0.216840	0.018583	10.000000	11.924843	9.102802	10.000000	10.782444	11.550753	2999
0.250000	0.250000	0.251050	0.579787	0.501773	0.349973	10.000000	10.724241	9.799103	10.000000	10.375009	9.939948	2999
0.250000	0.250000	0.064850	0.172627	0.285263	0.061387	10.000000	11.794333	9.305518	10.000000	10.710060	11.107840	2999
0.250000	0.250000	0.020680	0.066173	0.202453	0.018707	10.000000	12.114683	9.596764	10.000000	12.560002	8.187468	2999
0.250000	0.250000	0.171840	0.405950	0.425603	0.207883	10.000000	12.021288	9.832536	10.000000	10.428371	10.497642	2999
0.250000	0.250000	0.066987	0.126283	0.262600	0.046113	10.000000	10.796644	11.149700	10.000000	10.870760	10.933668	2999
0.250000	0.250000	0.160650	0.374647	0.410993	0.185473	10.000000	10.449108	10.365411	10.000000	14.408871	9.333772	2999
0.250000	0.250000	0.135107	0.402390	0.415833	0.185883	10.000000	12.058956	9.494975	10.000000	10.501334	10.461505	2999
0.250000	0.250000	0.173857	0.545970	0.476220	0.279880	10.000000	11.852991	9.558292	10.000000	10.429581	10.090068	2999
0.250000	0.250000	0.229547	0.445127	0.457107	0.258327	10.000000	10.336267	10.061397	10.000000	12.463963	9.348871	2999
0.250000	0.250000	0.021823	0.118540	0.233343	0.033723	10.000000	12.166768	8.341289	10.000000	11.704904	10.137068	2999
0.250000	0.250000	0.243153	0.444813	0.462207	0.265647	10.000000	10.541288	10.120139	10.000000	10.449822	10.239815	2999
0.250000	0.250000	0.120627	0.207553	0.329550	0.091700	10.000000	10.534929	10.901367	10.000000	11.568435	9.467369	2999
0.250000	0.250000	0.163327	0.508033	0.460627	0.253873	10.000000	12.139687	9.325545	10.000000	10.447934	9.929437	2999
0.250000	0.250000	0.104183	0.169427	0.303833	0.071027	10.000000	10.616010	11.089276	10.000000	10.913682	10.396775	2999
0.250000	0.250000	0.039487	0.420343	0.405083	0.133863	10.000000	11.312592	9.383523	10.000000	11.559719	9.162658	2999
0.250000	0.250000	0.074650	0.206560	0.306237	0.077670	10.000000	13.826227	9.865894	10.000000	10.666414	11.117188	2999
0.250000	0.250000	0.192827	0.521037	0.470583	0.281087	10.000000	11.563948	9.500651	10.000000	10.394077	10.057191	2999
0.250000	0.250000	0.126677	0.363953	0.396480	0.164493	10.000000	10.523510	10.244976	10.000000	12.318861	9.116253	2999
0.250000	0.250000	0.138093	0.302343	0.376097	0.141690	10.000000	12.998728	9.179882	10.000000	10.494850	10.471320	2999
0.250000	0.250000	0.167590	0.372467	0.413263	0.188640	10.000000	10.435608	10.456708	10.000000	11.419658	9.498481	2999
0.250000	0.250000	0.033253	0.032673	0.192637	0.010380	10.000000	13.294144	9.264087	10.000000	10.935401	11.925826	2999
0.250000	0.250000	0.137010	0.209800	0.338090	0.097013	10.000000	11.739164	9.996108	10.000000	10.497364	10.951374	2999
0.250000	0.250000	0.084197	0.176283	0.296563	0.067997	10.000000	10.944978	10.442308	10.000000	10.680896	11.137832	2999
0.250000	0.250000	0.181677	0.428143	0.436277	0.224507	10.000000	10.429354	10.444065	10.000000	10.990149	10.052518	2999
0.250000	0.250000	0.204747	0.472497	0.457920	0.261833	10.000000	10.375888	10.214032	10.000000	12.216209	9.570338	2999
0.250000	0.250000	0.093937	0.221210	0.322453	0.089523	10.000000	11.367953	9.118425	10.000000	10.608196	10.760844	2999
0.250000	0.250000	0.090757	0.124600	0.276367	0.050143	10.000000	11.214239	10.297401	10.000000	10.626550	11.281065	2999
0.250000	0.250000	0.142010	0.226373	0.347650	0.106660	10.000000	10.873602	10.280422	10.000000	10.525298	10.876890	2999
0.250000	0.250000	0.185013	0.497753	0.461177	0.263613	10.000000	10.405535	10.235676	10.000000	12.731175	9.642780	2999
0.250000	0.250000	0.037153	0.027760	0.193573	0.008463	10.000000	10.886780	12.038580	10.000000	15.290685	10.315554	2999
0.250000	0.250000	0.200453	0.581227	0.491353	0.317837	10.000000	11.165038	9.551490	10.000000	10.386112	9.873578	2999
0.250000	0.250000	0.229047	0.541367	0.484977	0.313317	10.000000	10.457523	10.121918	10.000000	10.578332	9.788454	2999
0.250000	0.250000	0.048690	0.061337	0.218887	0.019737	10.000000	10.795443	11.592701	10.000000	12.245274	9.261872	2999
0.250000	0.250000	0.204033	0.547807	0.481980	0.301967	10.000000	10.742807	9.986320	10.000000	10.434281	10.140410	2999
0.250000	0.250000	0.027360	0.042827	0.194467	0.012790	10.000000	11.039512	12.009987	10.000000	11.961299	9.516644	2999
0.250000	0.250000	0.172797	0.310647	0.393417	0.159197	10.000000	10.989354	10.138303	10.000000	10.444562	10.671066	2999
0.250000	0.250000	0.125853	0.237340	0.343623	0.105993	10.000000	10.520349	10.844761	10.000000	12.920922	9.555450	2999
0.250000	0.250000	0.077303	0.151780	0.280670	0.057623	10.000000	11.696975	9.554793	10.000000	10.659954	11.191545	2999
0.250000	0.250000	0.202247	0.423467	0.441313	0.232970	10.000000	11.844638	9.914750	10.000000	10.376265	10.425589	2999
0.250000	0.250000	0.089627	0.383750	0.395980	0.152787	10.000000	10.623410	9.915605	10.000000	13.095229	8.990972	2999
0.250000	0.250000	0.117800	0.300663	0.367627	0.131800	10.000000	10.539544	10.645002	10.000000	14.717445	9.351879	2999
0.250000	0.250000	0.171417	0.368590	0.412523	0.188710	10.000000	10.429678	10.480987	10.000000	11.913358	9.549788	2999
0.250000	0.250000	0.239343	0.587797	0.500560	0.346803	10.000000	10.382320	9.925553	10.000000	10.998864	9.732273	2999
0.250000	0.250000	0.044833	0.100993	0.237410	0.033297	10.000000	10.827348	11.060977	10.000000	11.588433	8.696499	2999
0.250000	0.250000	0.180317	0.405547	0.429370	0.212247	10.000000	10.917040	10.003798	10.000000	10.444596	10.482577	2999
0.250000	0.250000	0.204963	0.379867	0.428340	0.209973	10.000000	18.420174	9.904918	10.000000	10.372748	10.498423	2999
0.250000	0.250000	0.068020	0.157243	0.279420	0.057037	10.000000	12.244363	9.055369	10.000000	10.697225	11.006155	2999
0.250000	0.250000	0.249127	0.492793	0.477070	0.297370	10.000000	10.308157	10.089391	10.000000	11.916548	9.577304	2999
0.250000	0.250000	0.207063	0.441123	0.449093	0.244617	10.000000	10.504450	10.322902	10.000000	10.576384	10.138265	2999
0.250000	0.250000	0.209780	0.417263	0.442147	0.232920	10.000000	11.023827	9.877254	10.000000	10.375379	10.406740	2999
0.250000	0.250000	0.069220	0.139693	0.270853	0.051553	10.000000	14.453401	9.141922	10.000000	10.691187	11.106372	2999
0.250000	0.250000	0.143610	0.272310	0.366470	0.128767	10.000000	11.273824	9.681704	10.000000	10.487362	10.767957	2999
0.250000	0.250000	0.237730	0.585643	0.500893	0.344730	10.000000	10.406626	9.929072	10.000000	10.650728	9.754647	2999
0.250000	0.250000	0.206437	0.370920	0.426160	0.206397	10.000000	11.578896	9.801941	10.000000	10.371376	10.492081	2999
0.250000	0.250000	0.135267	0.286170	0.367703	0.132803	10.000000	13.015018	9.104735	10.000000	10.500709	10.454815	2999
0.250000	0.250000	0.103680	0.386273	0.399663	0.161613	10.000000	10.583827	9.905374	10.000000	14.032907	9.011945	2999
0.250000	0.250000	0.101450	0.147473	0.293423	0.060807	10.000000	10.665163	10.892059	10.000000	10.814407	10.932314	2999
0.250000	0.250000	0.179560	0.429920	0.436367	0.225117	10.000000	10.416050	10.360406	10.000000	11.552568	9.584267	2999
0.250000	0.250000	0.020550	0.052340	0.194040	0.015157	10.000000	15.772316	8.383234	10.000000	11.611047	8.832634	2999
0.250000	0.250000	0.190713	0.588470	0.493287	0.315840	10.000000	11.506880	9.520669	10.000000	10.404037	9.677940	2999
0.250000	0.250000	0.209130	0.452070	0.452140	0.252870	10.000000	10.366537	10.304453	10.000000	11.973284	9.690775	2999
0.250000	0.250000	0.201353	0.394857	0.432277	0.216107	10.000000	12.218082	9.427486	10.000000	10.379902	10.309611	2999
0.250000	0.250000	0.091803	0.141683	0.284630	0.056890	10.000000	10.609127	11.221391	10.000000	13.335167	9.893699	2999
0.250000	0.250000	0.100653	0.184813	0.308467	0.076087	10.000000	10.876587	10.716129	10.000000	10.637761	10.937650	2999
0.250000	0.250000	0.020300	0.144837	0.247280	0.041517	10.000000	14.420034	9.548496	10.000000	12.365917	8.479805	2999
0.250000	0.250000	0.175427	0.557690	0.480897	0.286757	10.000000	11.601942	9.445767	10.000000	10.429235	9.585129	2999
0.250000	0.250000	0.050653	0.202737	0.294087	0.067637	10.000000	11.739037	8.661526	10.000000	10.794284	10.357042	2999
0.250000	0.250000	0.124803	0.225553	0.338393	0.101637	10.000000	10.597340	10.743361	10.000000	10.784190	10.685250	2999
0.250000	0.250000	0.234900	0.437103	0.456720	0.255690	10.000000	10.686673	10.068656	10.000000	10.397753	10.303816	2999
0.250000	0.250000	0.102747	0.218923	0.325333	0.091160	10.000000	12.788147	9.404362	10.000000	10.578750	10.895542	2999
0.250000	0.250000	0.152943	0.253357	0.363450	0.122623	10.000000	10.530377	10.737769	10.000000	10.762778	10.429425	2999
0.250000	0.250000	0.050673	0.107267	0.244290	0.035957	10.000000	10.783094	11.484390	10.000000	14.371846	9.755631	2999
0.250000	0.250000	0.141627	0.254583	0.357737	0.120000	10.000000	10.914636	10.169824	10.000000	10.515079	10.834417	2999
0.250000	0.250000	0.069000	0.347703	0.373900	0.126467	10.000000	10.705971	9.942608	10.000000	11.919343	8.908648	2999
0.250000	0.250000	0.208593	0.438287	0.448980	0.243653	10.000000	10.896797	9.917994	10.000000	10.399285	10.373962	2999
0.250000	0.250000	0.104017	0.144633	0.293700	0.060203	10.000000	10.872481	10.679537	10.000000	10.629478	11.066320	2999
0.250000	0.250000	0.021050	0.330393	0.352380	0.095257	10.000000	12.021746	9.041924	10.000000	11.840646	9.261614	2999
0.250000	0.250000	0.104760	0.473953	0.438130	0.199250	10.000000	11.496906	9.167748	10.000000	10.581937	9.808434	2999
0.250000	0.250000	0.134853	0.296273	0.372077	0.136940	10.000000	10.550781	10.745885	10.000000	10.834332	10.286087	2999
0.250000	0.250000	0.134143	0.228297	0.344563	0.105057	10.000000	10.508833	10.922165	10.000000	11.471398	10.090542	2999
0.250000	0.250000	0.252407	0.554353	0.495500	0.336160	10.000000	10.632214	9.954725	10.000000	10.384494	9.994336	2999
0.250000	0.250000	0.223963	0.547503	0.485713	0.313933	10.000000	10.363571	10.082594	10.000000	11.017416	9.729599	2999
0.250000	0.250000	0.075357	0.156113	0.282203	0.058427	10.000000	12.134911	9.881643	10.000000	10.668965	11.241865	2999
0.250000	0.250000	0.217680	0.493730	0.468573	0.279757	10.000000	10.546607	10.030127	10.000000	10.506017	10.226339	2999
0.250000	0.250000	0.246450	0.589553	0.503570	0.353243	10.000000	10.334087	9.936494	10.000000	10.847367	9.894479	2999
0.250000	0.250000	0.224913	0.492657	0.469700	0.283507	10.000000	10.525866	10.248199	10.000000	10.506229	9.977980	2999
0.250000	0.250000	0.164857	0.430503	0.433447	0.215027	10.000000	10.440794	10.416890	10.000000	11.574148	9.657427	2999
0.250000	0.250000	0.063440	0.052417	0.225080	0.018787	10.000000	12.094631	10.142815	10.000000	10.714887	11.677685	2999
0.250000	0.250000	0.154423	0.510793	0.460210	0.250367	10.000000	10.463711	9.807770	10.000000	12.826510	9.293626	2999
0.250000	0.250000	0.129407	0.461723	0.437090	0.210130	10.000000	12.335058	9.248207	10.000000	10.513908	10.086749	2999
0.250000	0.250000	0.174577	0.237573	0.367053	0.122543	10.000000	10.442832	10.781138	10.000000	10.981663	10.339191	2999
0.250000	0.250000	0.215310	0.528463	0.478990	0.298787	10.000000	10.824119	9.769022	10.000000	10.407231	10.161101	2999
0.250000	0.250000	0.052030	0.061673	0.221133	0.020983	10.000000	12.963768	9.951618	10.000000	10.778912	11.685046	2999
0.250000	0.250000	0.186480	0.481007	0.455600	0.256117	10.000000	10.402131	10.248014	10.000000	13.837699	9.592381	2999
0.250000	0.250000	0.110270	0.318017	0.371160	0.136837	10.000000	10.558696	10.540404	10.000000	13.503286	9.229678	2999
0.250000	0.250000	0.241180	0.588983	0.502190	0.348727	10.000000	10.421665	9.852331	10.000000	10.618454	9.668025	2999
0.250000	0.250000	0.148830	0.306233	0.381157	0.147717	10.000000	11.260451	9.929303	10.000000	10.473445	10.726509	2999
0.250000	0.250000	0.029813	0.048997	0.199780	0.014747	10.000000	10.988601	11.790804	10.000000	14.333555	9.082927	2999
0.250000	0.250000	0.186733	0.474117	0.454223	0.251677	10.000000	10.449566	10.338970	10.000000	10.787879	9.992894	2999
0.250000	0.250000	0.198370	0.344323	0.414063	0.188080	10.000000	10.643205	10.271233	10.000000	10.484762	10.495475	2999
0.250000	0.250000	0.021207	0.386110	0.384207	0.110447	10.000000	12.648084	9.506414	10.000000	12.069494	9.017617	2999
0.250000	0.250000	0.150977	0.389953	0.414330	0.189210	10.000000	10.468695	10.319457	10.000000	12.050473	9.295501	2999
0.250000	0.250000	0.205553	0.428467	0.443527	0.238780	10.000000	10.755146	9.888124	10.000000	10.429239	10.401129	2999
0.250000	0.250000	0.106860	0.362360	0.389690	0.153137	10.000000	10.570776	10.234758	10.000000	12.038662	9.070522	2999
0.250000	0.250000	0.207360	0.521710	0.473760	0.289940	10.000000	10.372134	10.130768	10.000000	11.799544	9.628276	2999
0.250000	0.250000	0.090150	0.150580	0.289087	0.059220	10.000000	10.823692	10.696275	10.000000	10.704853	11.088846	2999
0.250000	0.250000	0.113583	0.198317	0.321170	0.085783	10.000000	11.333576	10.190495	10.000000	10.553174	11.033676	2999
0.250000	0.250000	0.069357	0.104977	0.253807	0.038113	10.000000	10.881858	10.634824	10.000000	10.771810	11.368432	2999
0.250000	0.250000	0.222127	0.490250	0.468963	0.280997	10.000000	10.479826	10.230267	10.000000	10.566683	10.006750	2999
0.250000	0.250000	0.021173	0.242400	0.303267	0.069787	10.000000	12.720330	8.684198	10.000000	11.457290	9.675279	2999
0.250000	0.250000	0.190657	0.399137	0.430177	0.214087	10.000000	12.589862	9.682097	10.000000	10.395355	10.432876	2999
0.250000	0.250000	0.199373	0.402290	0.434243	0.220040	10.000000	10.579291	10.340300	10.000000	10.521683	10.297192	2999
0.250000	0.250000	0.180417	0.339010	0.406607	0.176540	10.000000	10.505745	10.516334	10.000000	10.672311	10.336254	2999
0.250000	0.250000	0.235957	0.514203	0.478210	0.302460	10.000000	14.479497	9.635406	10.000000	10.324966	10.095545	2999
0.250000	0.250000	0.071797	0.131703	0.268103	0.048950	10.000000	10.687892	11.112616	10.000000	11.907427	9.105833	2999
0.250000	0.250000	0.040120	0.042510	0.202927	0.013610	10.000000	13.884175	10.581334	10.000000	10.858335	11.891336	2999
0.250000	0.250000	0.025627	0.310073	0.341663	0.091840	10.000000	11.166506	9.771302	10.000000	14.201436	8.805251	2999
0.250000	0.250000	0.233043	0.541700	0.485963	0.316310	10.000000	10.332148	10.013695	10.000000	12.676672	9.614003	2999
0.250000	0.250000	0.087820	0.283897	0.348450	0.112293	10.000000	10.625606	10.345672	10.000000	12.127623	8.923525	2999
0.250000	0.250000	0.098517	0.230483	0.329023	0.094687	10.000000	11.699455	9.031756	10.000000	10.593020	10.647130	2999
0.250000	0.250000	0.129307	0.255457	0.352740	0.116207	10.000000	11.291292	10.076068	10.000000	10.514764	10.873109	2999
0.250000	0.250000	0.055380	0.092063	0.239183	0.031577	10.000000	10.903925	11.150925	10.000000	10.860869	11.222581	2999
0.250000	0.250000	0.078193	0.124173	0.268510	0.046933	10.000000	10.984479	10.247351	10.000000	10.700720	11.336062	2999
0.250000	0.250000	0.087657	0.453337	0.427430	0.177950	10.000000	11.470136	9.113061	10.000000	10.637901	9.794473	2999
0.250000	0.250000	0.243343	0.605897	0.506487	0.362127	10.000000	10.318980	9.870772	10.000000	11.259428	9.748912	2999
0.250000	0.250000	0.076403	0.205753	0.306613	0.077533	10.000000	11.827647	8.793227	10.000000	10.665137	10.511353	2999
0.250000	0.250000	0.184220	0.593120	0.492827	0.313020	10.000000	11.907874	9.523813	10.000000	10.413962	9.727721	2999
0.250000	0.250000	0.145920	0.317500	0.384263	0.151130	10.000000	11.976827	9.932876	10.000000	10.482020	10.720584	2999
0.250000	0.250000	0.090437	0.216870	0.318710	0.086597	10.000000	12.547733	9.430636	10.000000	10.614374	10.946575	2999
0.250000	0.250000	0.195350	0.594130	0.495197	0.321467	10.000000	10.875959	9.547590	10.000000	10.421092	9.766614	2999
0.250000	0.250000	0.117930	0.281483	0.359453	0.123800	10.000000	10.543726	10.461586	10.000000	11.911923	9.057869	2999
0.250000	0.250000	0.151457	0.535973	0.469817	0.259973	10.000000	11.263442	9.372729	10.000000	10.471785	9.922886	2999
0.250000	0.250000	0.130017	0.451063	0.433807	0.205647	10.000000	12.846177	9.169111	10.000000	10.513502	9.954746	2999
0.250000	0.250000	0.150127	0.294050	0.377693	0.141027	10.000000	10.472120	10.741648	10.000000	11.511029	9.844929	2999
0.250000	0.250000	0.224010	0.616890	0.506280	0.355513	10.000000	12.052064	9.708392	10.000000	10.345585	9.841970	2999
0.250000	0.250000	0.111603	0.245920	0.341250	0.105827	10.000000	10.554295	10.461631	10.000000	12.590516	8.944685	2999
0.250000	0.250000	0.093847	0.171993	0.300180	0.068693	10.000000	10.713843	11.008425	10.000000	10.783820	10.703880	2999
0.250000	0.250000	0.125620	0.322930	0.379787	0.143667	10.000000	10.524425	10.313620	10.000000	12.824759	9.062986	2999
0.250000	0.250000	0.178887	0.257293	0.377387	0.132823	10.000000	10.484848	10.691046	10.000000	10.736270	10.379301	2999
0.250000	0.250000	0.171563	0.528947	0.470007	0.270963	10.000000	11.255675	9.423592	10.000000	10.437166	10.000267	2999
0.250000	0.250000	0.201300	0.467843	0.455557	0.256827	10.000000	10.382722	10.276794	10.000000	11.377109	9.674667	2999
0.250000	0.250000	0.174870	0.500550	0.461917	0.258130	10.000000	10.426154	10.042970	10.000000	11.839795	9.383686	2999
0.250000	0.250000	0.178543	0.428380	0.436300	0.223183	10.000000	10.415909	10.211161	10.000000	11.923776	9.353218	2999
0.250000	0.250000	0.020637	0.276127	0.322080	0.079360	10.000000	13.069913	9.345585	10.000000	12.639277	8.871325	2999
0.250000	0.250000	0.067107	0.104020	0.252690	0.037740	10.000000	10.947592	10.544820	10.000000	10.757049	11.402748	2999
0.250000	0.250000	0.040330	0.096253	0.231613	0.030737	10.000000	12.565197	8.920170	10.000000	10.857958	11.308379	2999
0.250000	0.250000	0.035397	0.034600	0.195590	0.010780	10.000000	11.006900	11.592447	10.000000	11.132829	11.610320	2999
0.250000	0.250000	0.128347	0.287327	0.365420	0.129713	10.000000	10.516847	10.752999	10.000000	11.422439	9.618233	2999
0.250000	0.250000	0.180860	0.481503	0.454507	0.252380	10.000000	10.754256	10.048646	10.000000	10.469861	10.326707	2999
0.250000	0.250000	0.064133	0.264923	0.331337	0.093823	10.000000	10.741214	10.202490	10.000000	14.527606	8.779582	2999
0.250000	0.250000	0.053313	0.391993	0.392950	0.133267	10.000000	10.779112	9.691529	10.000000	13.066067	8.990284	2999
0.250000	0.250000	0.096333	0.161877	0.296230	0.066003	10.000000	12.575644	9.219531	10.000000	10.599309	10.985278	2999
0.250000	0.250000	0.187107	0.424380	0.437907	0.224657	10.000000	10.601088	10.390735	10.000000	10.540796	10.217873	2999
0.250000	0.250000	0.076477	0.358197	0.379810	0.135293	10.000000	11.320822	8.954691	10.000000	10.678477	10.074473	2999
0.250000	0.250000	0.177633	0.340137	0.404303	0.176490	10.000000	10.613922	10.348117	10.000000	10.549552	10.510722	2999
0.250000	0.250000	0.222340	0.520353	0.477440	0.298170	10.000000	12.879587	9.623246	10.000000	10.346315	10.105946	2999
0.250000	0.250000	0.078430	0.139210	0.276860	0.052730	10.000000	11.222593	9.847014	10.000000	10.669566	11.278013	2999
0.250000	0.250000	0.211157	0.516463	0.473583	0.289053	10.000000	10.372334	10.189765	10.000000	11.090013	9.772320	2999
0.250000	0.250000	0.039787	0.059380	0.211910	0.019253	10.000000	12.868287	9.384310	10.000000	10.861183	11.697901	2999
0.250000	0.250000	0.052597	0.057690	0.219833	0.019257	10.000000	10.874551	11.610959	10.000000	10.932884	10.896377	2999
0.250000	0.250000	0.225813	0.492720	0.469280	0.284643	10.000000	11.364794	9.629304	10.000000	10.343449	10.163232	2999
0.250000	0.250000	0.166023	0.440367	0.437113	0.221987	10.000000	10.717057	10.035684	10.000000	10.516792	10.453313	2999
0.250000	0.250000	0.031633	0.029563	0.190307	0.008920	10.000000	11.007029	12.062547	10.000000	11.320905	10.833758	2999
0.250000	0.250000	0.112730	0.281873	0.357003	0.120897	10.000000	10.553185	10.565794	10.000000	11.701447	9.155239	2999
0.250000	0.250000	0.066983	0.110250	0.254987	0.039953	10.000000	10.700089	11.363745	10.000000	12.835477	9.565530	2999
0.250000	0.250000	0.130097	0.526680	0.463730	0.239290	10.000000	10.727668	9.461727	10.000000	10.701222	9.395323	2999
0.250000	0.250000	0.044797	0.054943	0.213433	0.017720	10.000000	12.173578	9.953004	10.000000	10.823788	11.768216	2999
0.250000	0.250000	0.081207	0.114097	0.266600	0.043860	10.000000	10.645278	11.190585	10.000000	13.794972	9.221180	2999
0.250000	0.250000	0.153120	0.383027	0.411957	0.186750	10.000000	10.628451	10.326233	10.000000	10.609920	10.496427	2999
0.250000	0.250000	0.131617	0.315447	0.377757	0.144273	10.000000	15.249831	9.406851	10.000000	10.506266	10.605843	2999
0.250000	0.250000	0.150463	0.208407	0.345043	0.101040	10.000000	10.744854	10.488626	10.000000	10.545924	10.825935	2999
