mut_par_size	mut_par_patt	typ1_err	typ2_err	            avg_size	avg_size_thr	avg_par_size	avg_patt	avg_patt_thr	avg_par_patt	end_gen
0.250000	0.250000	0.173220	0.238050	10.000000	10.535412	10.562934	10.000000	10.490863	10.476893	2999
0.250000	0.250000	0.069613	0.128480	10.000000	11.081455	10.121370	10.000000	10.671892	11.316963	2999
0.250000	0.250000	0.150737	0.439437	10.000000	11.346538	9.764311	10.000000	10.284885	10.252564	2999
0.250000	0.250000	0.121837	0.378627	10.000000	11.642386	9.503779	10.000000	10.389120	10.399384	2999
0.250000	0.250000	0.148560	0.278333	10.000000	10.385630	10.665791	10.000000	11.028513	9.811417	2999
0.250000	0.250000	0.121417	0.429377	10.000000	11.957549	9.534681	10.000000	10.363441	10.274297	2999
0.250000	0.250000	0.170043	0.355543	10.000000	11.092022	9.915034	10.000000	10.294495	10.439987	2999
0.250000	0.250000	0.094530	0.578300	10.000000	11.135527	9.559551	10.000000	10.350509	9.812073	2999
0.250000	0.250000	0.138887	0.421510	10.000000	10.354403	10.345879	10.000000	10.826005	9.990045	2999
0.250000	0.250000	0.096450	0.181177	10.000000	10.542793	10.945903	10.000000	11.519620	9.384642	2999
0.250000	0.250000	0.139227	0.316943	10.000000	10.629817	10.404372	10.000000	10.475708	10.464331	2999
0.250000	0.250000	0.164663	0.388983	10.000000	10.280932	10.347862	10.000000	11.409614	9.760851	2999
0.250000	0.250000	0.146753	0.347310	10.000000	10.351253	10.505606	10.000000	11.155260	9.808688	2999
0.250000	0.250000	0.090930	0.585467	10.000000	10.386614	9.781812	10.000000	10.827415	9.564974	2999
0.250000	0.250000	0.122337	0.227833	10.000000	11.996318	9.571714	10.000000	10.452971	10.802170	2999
0.250000	0.250000	0.051903	0.084967	10.000000	12.358237	8.751657	10.000000	10.751885	11.128767	2999
0.250000	0.250000	0.154757	0.198280	10.000000	10.734702	10.380897	10.000000	10.453378	10.798692	2999
0.250000	0.250000	0.182383	0.298313	10.000000	10.337491	10.533518	10.000000	10.742364	10.104511	2999
0.250000	0.250000	0.106807	0.323657	10.000000	10.457393	10.403440	10.000000	12.042203	9.212967	2999
0.250000	0.250000	0.075627	0.115857	10.000000	10.636218	11.326456	10.000000	11.294935	10.121235	2999
0.250000	0.250000	0.155260	0.519067	10.000000	10.270948	9.970291	10.000000	10.681261	9.795652	2999
0.250000	0.250000	0.032413	0.545753	10.000000	10.707693	9.712330	10.000000	12.315285	9.287774	2999
0.250000	0.250000	0.056197	0.089823	10.000000	10.725725	11.494648	10.000000	11.955780	9.784546	2999
0.250000	0.250000	0.117890	0.555163	10.000000	10.300371	9.874814	10.000000	10.940435	9.606092	2999
0.250000	0.250000	0.100473	0.514913	10.000000	11.433335	9.374151	10.000000	10.378034	9.863713	2999
0.250000	0.250000	0.161633	0.501457	10.000000	10.391495	9.983323	10.000000	10.414732	9.940487	2999
0.250000	0.250000	0.100750	0.321903	10.000000	12.722411	9.455949	10.000000	10.471229	10.582225	2999
0.250000	0.250000	0.013770	0.501700	10.000000	13.381036	9.183342	10.000000	11.078940	9.641563	2999
0.250000	0.250000	0.102550	0.516333	10.000000	10.365808	10.000172	10.000000	11.680636	9.467238	2999
0.250000	0.250000	0.109720	0.398660	10.000000	14.192827	9.207497	10.000000	10.410412	10.120291	2999
0.250000	0.250000	0.020057	0.084750	10.000000	11.683646	8.222058	10.000000	11.372129	10.250556	2999
0.250000	0.250000	0.128657	0.298983	10.000000	10.463139	10.657385	10.000000	10.757778	10.165789	2999
0.250000	0.250000	0.058370	0.074500	10.000000	10.717116	11.522575	10.000000	12.953087	9.605869	2999
0.250000	0.250000	0.147090	0.163423	10.000000	10.426848	10.981609	10.000000	11.928650	9.968500	2999
0.250000	0.250000	0.125630	0.437887	10.000000	11.816333	9.433599	10.000000	10.345618	10.174630	2999
0.250000	0.250000	0.148963	0.289053	10.000000	11.308254	9.846884	10.000000	10.368216	10.640344	2999
0.250000	0.250000	0.051663	0.315883	10.000000	14.113198	8.883872	10.000000	10.671279	10.123487	2999
0.250000	0.250000	0.072623	0.097957	10.000000	10.647820	11.214133	10.000000	11.819838	9.128023	2999
0.250000	0.250000	0.136133	0.294790	10.000000	10.664554	10.180826	10.000000	10.481109	10.648114	2999
0.250000	0.250000	0.166153	0.409263	10.000000	10.501557	10.095065	10.000000	10.406911	10.263590	2999
0.250000	0.250000	0.096563	0.119653	10.000000	13.178015	9.397949	10.000000	10.559173	11.145290	2999
0.250000	0.250000	0.118163	0.241440	10.000000	10.739097	10.233114	10.000000	10.534384	10.825538	2999
0.250000	0.250000	0.091250	0.362093	10.000000	10.483665	10.238954	10.000000	13.551762	9.136425	2999
0.250000	0.250000	0.105807	0.197113	10.000000	10.511360	10.981848	10.000000	11.265979	9.919403	2999
0.250000	0.250000	0.021973	0.034237	10.000000	11.245854	10.512140	10.000000	12.020810	7.969022	2999
0.250000	0.250000	0.121233	0.165647	10.000000	10.540430	10.976258	10.000000	10.787051	10.433156	2999
0.250000	0.250000	0.032647	0.524943	10.000000	13.132304	9.230522	10.000000	10.725408	9.780532	2999
0.250000	0.250000	0.114010	0.558113	10.000000	10.299807	9.827548	10.000000	11.513656	9.557465	2999
0.250000	0.250000	0.153577	0.292480	10.000000	10.362499	10.620018	10.000000	11.049206	9.841663	2999
0.250000	0.250000	0.135000	0.321273	10.000000	10.753689	10.147834	10.000000	10.439427	10.591366	2999
0.250000	0.250000	0.132813	0.211620	10.000000	10.446900	10.870906	10.000000	11.007843	9.907978	2999
0.250000	0.250000	0.099003	0.109220	10.000000	10.634007	11.198133	10.000000	10.806445	10.584685	2999
0.250000	0.250000	0.068077	0.179063	10.000000	10.641566	10.844187	10.000000	13.347302	9.014292	2999
0.250000	0.250000	0.071857	0.174173	10.000000	10.627139	11.123027	10.000000	12.051051	9.663027	2999
0.250000	0.250000	0.053573	0.047393	10.000000	10.892936	11.165596	10.000000	10.860835	11.491465	2999
0.250000	0.250000	0.153147	0.243913	10.000000	10.381705	10.749187	10.000000	11.256024	9.916656	2999
0.250000	0.250000	0.020450	0.531267	10.000000	13.093645	9.230063	10.000000	10.932517	9.701705	2999
0.250000	0.250000	0.049640	0.521220	10.000000	10.582733	9.741134	10.000000	12.767828	9.267021	2999
0.250000	0.250000	0.048253	0.032600	10.000000	10.839808	11.825708	10.000000	11.032238	10.807478	2999
0.250000	0.250000	0.121337	0.112720	10.000000	10.620115	10.935731	10.000000	10.683970	10.870778	2999
0.250000	0.250000	0.115867	0.344790	10.000000	12.993351	9.576185	10.000000	10.421246	10.528433	2999
0.250000	0.250000	0.120160	0.434827	10.000000	10.360535	10.136842	10.000000	14.117815	9.364013	2999
0.250000	0.250000	0.014423	0.311617	10.000000	11.766502	8.841398	10.000000	14.044761	9.591129	2999
0.250000	0.250000	0.127900	0.433817	10.000000	10.342720	10.215716	10.000000	11.443525	9.484346	2999
0.250000	0.250000	0.148193	0.397553	10.000000	10.708680	9.896869	10.000000	10.366308	10.385646	2999
0.250000	0.250000	0.012667	0.404197	10.000000	13.233729	9.033815	10.000000	12.359697	9.548902	2999
0.250000	0.250000	0.123397	0.300220	10.000000	11.158674	9.803969	10.000000	10.432176	10.676280	2999
0.250000	0.250000	0.076163	0.127447	10.000000	10.743081	11.046504	10.000000	10.784705	10.909712	2999
0.250000	0.250000	0.064380	0.348103	10.000000	10.592923	10.134391	10.000000	11.973595	8.984254	2999
0.250000	0.250000	0.157787	0.487053	10.000000	10.404561	10.045420	10.000000	10.439430	9.991803	2999
0.250000	0.250000	0.065180	0.080723	10.000000	10.887521	10.795570	10.000000	10.760706	11.396248	2999
0.250000	0.250000	0.131780	0.227517	10.000000	10.453900	10.834738	10.000000	10.914501	10.128163	2999
0.250000	0.250000	0.074600	0.611707	10.000000	10.574219	9.657230	10.000000	10.560385	9.624397	2999
0.250000	0.250000	0.062343	0.082583	10.000000	10.701722	11.515109	10.000000	11.601627	10.010658	2999
0.250000	0.250000	0.189817	0.477620	10.000000	10.337560	9.942667	10.000000	10.400587	9.967476	2999
0.250000	0.250000	0.132410	0.556033	10.000000	10.548422	9.766858	10.000000	10.351004	9.883262	2999
0.250000	0.250000	0.099260	0.597217	10.000000	10.438656	9.695528	10.000000	10.563908	9.701411	2999
0.250000	0.250000	0.156317	0.385457	10.000000	10.299419	10.377424	10.000000	11.897330	9.748132	2999
0.250000	0.250000	0.037317	0.059450	10.000000	13.229265	9.067995	10.000000	10.865323	11.591674	2999
0.250000	0.250000	0.013983	0.312957	10.000000	12.345895	8.853851	10.000000	12.898598	9.573404	2999
0.250000	0.250000	0.173550	0.335677	10.000000	10.385396	10.418077	10.000000	10.586213	10.187187	2999
0.250000	0.250000	0.056197	0.053200	10.000000	10.751383	11.689489	10.000000	11.220458	10.402470	2999
0.250000	0.250000	0.159200	0.298103	10.000000	11.045917	9.919329	10.000000	10.356938	10.606029	2999
0.250000	0.250000	0.159163	0.512170	10.000000	10.560577	9.864200	10.000000	10.296905	9.976104	2999
0.250000	0.250000	0.102800	0.170317	10.000000	10.525125	11.040136	10.000000	13.775251	9.713016	2999
0.250000	0.250000	0.177163	0.275760	10.000000	10.611069	10.284457	10.000000	10.405016	10.548697	2999
0.250000	0.250000	0.149773	0.373880	10.000000	10.396396	10.417288	10.000000	10.651785	10.090528	2999
0.250000	0.250000	0.111710	0.327023	10.000000	10.442211	10.473535	10.000000	12.664178	9.336086	2999
0.250000	0.250000	0.194300	0.424560	10.000000	10.798768	9.878206	10.000000	10.227540	10.186437	2999
0.250000	0.250000	0.152127	0.323863	10.000000	11.008449	9.857901	10.000000	10.351701	10.549971	2999
0.250000	0.250000	0.161360	0.269357	10.000000	10.355543	10.671638	10.000000	11.085435	10.001528	2999
0.250000	0.250000	0.113827	0.169937	10.000000	10.994524	10.173522	10.000000	10.519594	11.033771	2999
0.250000	0.250000	0.120803	0.220500	10.000000	11.141032	9.985875	10.000000	10.466622	10.886979	2999
0.250000	0.250000	0.095220	0.571183	10.000000	10.356903	9.876089	10.000000	11.027176	9.566988	2999
0.250000	0.250000	0.052017	0.038843	10.000000	12.229335	10.263640	10.000000	10.770750	11.829957	2999
0.250000	0.250000	0.046070	0.392843	10.000000	10.670485	10.156005	10.000000	13.181735	9.042899	2999
0.250000	0.250000	0.129410	0.373650	10.000000	10.400426	10.492638	10.000000	10.846579	9.992768	2999
0.250000	0.250000	0.127450	0.483970	10.000000	10.311558	9.988196	10.000000	14.166397	9.424509	2999
0.250000	0.250000	0.096177	0.400497	10.000000	10.452961	10.227386	10.000000	12.326249	9.252495	2999
0.250000	0.250000	0.056020	0.567910	10.000000	12.340584	9.398872	10.000000	10.518935	9.683099	2999
0.250000	0.250000	0.090130	0.107560	10.000000	10.583048	11.319738	10.000000	12.246425	10.174487	2999
0.250000	0.250000	0.095573	0.386143	10.000000	11.988912	9.341772	10.000000	10.458666	10.358796	2999
0.250000	0.250000	0.070843	0.325170	10.000000	13.424623	9.006517	10.000000	10.575062	10.273432	2999
0.250000	0.250000	0.014323	0.366170	10.000000	13.090015	9.065235	10.000000	11.308114	9.343980	2999
0.250000	0.250000	0.084823	0.249617	10.000000	10.551273	10.756959	10.000000	11.944583	9.321221	2999
0.250000	0.250000	0.110353	0.297213	10.000000	11.922687	9.356700	10.000000	10.457875	10.570858	2999
0.250000	0.250000	0.009470	0.601910	10.000000	12.317175	9.502890	10.000000	11.311893	9.468964	2999
0.250000	0.250000	0.059300	0.093983	10.000000	10.711074	11.478465	10.000000	11.336417	10.213408	2999
0.250000	0.250000	0.025357	0.042257	10.000000	11.061261	10.752393	10.000000	14.078645	8.102122	2999
0.250000	0.250000	0.115000	0.552243	10.000000	10.297240	9.916861	10.000000	12.122017	9.601015	2999
0.250000	0.250000	0.144410	0.466283	10.000000	10.950591	9.732097	10.000000	10.291075	10.183186	2999
0.250000	0.250000	0.106537	0.141887	10.000000	10.531741	11.144120	10.000000	11.252588	10.114790	2999
0.250000	0.250000	0.149667	0.293717	10.000000	10.375037	10.632828	10.000000	11.021875	9.888553	2999
0.250000	0.250000	0.142323	0.466937	10.000000	11.185483	9.649208	10.000000	10.296500	10.164455	2999
0.250000	0.250000	0.143803	0.418103	10.000000	11.103821	9.770693	10.000000	10.323577	10.328006	2999
0.250000	0.250000	0.155870	0.329553	10.000000	10.962326	9.815367	10.000000	10.349717	10.524728	2999
0.250000	0.250000	0.140000	0.556673	10.000000	10.488293	9.805990	10.000000	10.356924	9.805355	2999
0.250000	0.250000	0.107087	0.352893	10.000000	10.440089	10.276063	10.000000	13.627783	9.182422	2999
0.250000	0.250000	0.150087	0.363583	10.000000	10.331351	10.397048	10.000000	11.216517	9.593689	2999
0.250000	0.250000	0.039657	0.335540	10.000000	10.744718	10.091347	10.000000	11.255940	8.893115	2999
0.250000	0.250000	0.016657	0.190607	10.000000	11.998692	9.059455	10.000000	13.742290	8.828063	2999
0.250000	0.250000	0.146053	0.294560	10.000000	10.368922	10.583009	10.000000	11.631043	9.604509	2999
0.250000	0.250000	0.075367	0.457243	10.000000	10.512822	9.893241	10.000000	11.637940	9.176475	2999
0.250000	0.250000	0.012087	0.428757	10.000000	11.913745	9.043386	10.000000	12.949993	9.640628	2999
0.250000	0.250000	0.186633	0.309200	10.000000	10.322484	10.485715	10.000000	10.730551	10.141968	2999
0.250000	0.250000	0.116973	0.174740	10.000000	10.520526	11.023474	10.000000	10.919306	10.126242	2999
0.250000	0.250000	0.105273	0.584317	10.000000	10.358454	9.773235	10.000000	10.719786	9.636802	2999
0.250000	0.250000	0.012837	0.480557	10.000000	11.346333	9.296736	10.000000	11.470682	9.374246	2999
0.250000	0.250000	0.154827	0.244627	10.000000	10.555119	10.542712	10.000000	10.529056	10.537295	2999
0.250000	0.250000	0.166610	0.460553	10.000000	10.522814	10.054225	10.000000	10.341051	10.085738	2999
0.250000	0.250000	0.134860	0.223497	10.000000	13.903974	9.412485	10.000000	10.425684	10.732686	2999
0.250000	0.250000	0.163830	0.244800	10.000000	10.770571	10.150808	10.000000	10.397819	10.705854	2999
0.250000	0.250000	0.107603	0.203770	10.000000	12.165423	9.926961	10.000000	10.499796	10.967652	2999
0.250000	0.250000	0.013023	0.518627	10.000000	11.263940	9.512194	10.000000	12.477501	9.278182	2999
0.250000	0.250000	0.154370	0.366520	10.000000	11.474700	9.749273	10.000000	10.317142	10.426038	2999
0.250000	0.250000	0.131693	0.474620	10.000000	10.896082	9.698307	10.000000	10.331404	10.191178	2999
0.250000	0.250000	0.038850	0.034320	10.000000	10.860991	11.954292	10.000000	13.934381	10.226066	2999
0.250000	0.250000	0.135390	0.251977	10.000000	11.027388	10.087682	10.000000	10.424221	10.771277	2999
0.250000	0.250000	0.109290	0.161460	10.000000	11.258038	9.840088	10.000000	10.512180	11.062591	2999
0.250000	0.250000	0.149063	0.517490	10.000000	10.560050	9.848052	10.000000	10.325175	10.004093	2999
0.250000	0.250000	0.168543	0.374257	10.000000	10.376602	10.320347	10.000000	10.581340	10.183531	2999
0.250000	0.250000	0.055307	0.385083	10.000000	12.117512	9.044453	10.000000	10.618262	10.127892	2999
0.250000	0.250000	0.179397	0.412980	10.000000	10.304973	10.256156	10.000000	10.622487	9.933821	2999
0.250000	0.250000	0.016283	0.252663	10.000000	12.969447	8.804375	10.000000	11.709938	9.373642	2999
0.250000	0.250000	0.175393	0.311287	10.000000	10.770345	10.041984	10.000000	10.342962	10.526940	2999
0.250000	0.250000	0.161327	0.409050	10.000000	10.276789	10.197731	10.000000	11.579773	9.490855	2999
0.250000	0.250000	0.142723	0.390500	10.000000	10.607197	10.154559	10.000000	10.427938	10.372434	2999
0.250000	0.250000	0.055143	0.081567	10.000000	12.989451	9.425644	10.000000	10.732224	11.471473	2999
0.250000	0.250000	0.011950	0.431337	10.000000	12.181623	9.455562	10.000000	14.267581	9.130141	2999
0.250000	0.250000	0.127827	0.536293	10.000000	10.306165	9.993402	10.000000	10.769750	9.701999	2999
0.250000	0.250000	0.110097	0.477580	10.000000	10.373835	10.257423	10.000000	11.062620	9.718076	2999
0.250000	0.250000	0.138303	0.533347	10.000000	10.268574	9.959785	10.000000	10.843144	9.705761	2999
0.250000	0.250000	0.142020	0.314650	10.000000	10.370405	10.567353	10.000000	12.988217	9.668315	2999
0.250000	0.250000	0.118937	0.429020	10.000000	11.451436	9.572434	10.000000	10.372868	10.305875	2999
0.250000	0.250000	0.018480	0.174763	10.000000	12.386397	9.934920	10.000000	11.356233	8.495059	2999
0.250000	0.250000	0.112590	0.342623	10.000000	12.571780	9.400901	10.000000	10.429372	10.461156	2999
0.250000	0.250000	0.063660	0.044353	10.000000	10.705963	11.717790	10.000000	11.571210	10.295852	2999
0.250000	0.250000	0.014347	0.328710	10.000000	11.602384	8.883590	10.000000	12.687262	9.579845	2999
0.250000	0.250000	0.061183	0.195063	10.000000	13.586895	8.943789	10.000000	10.663905	10.747982	2999
0.250000	0.250000	0.135547	0.263227	10.000000	10.555580	10.483425	10.000000	10.585492	10.594179	2999
0.250000	0.250000	0.034110	0.219400	10.000000	12.061699	8.679742	10.000000	10.842419	10.331340	2999
0.250000	0.250000	0.138010	0.364203	10.000000	10.352623	10.340503	10.000000	13.163087	9.410839	2999
0.250000	0.250000	0.009347	0.546133	10.000000	13.608988	9.323206	10.000000	12.302188	9.522303	2999
0.250000	0.250000	0.076170	0.348323	10.000000	12.930411	9.068468	10.000000	10.544949	10.256436	2999
0.250000	0.250000	0.090217	0.209690	10.000000	12.764322	9.082025	10.000000	10.550614	10.710666	2999
0.250000	0.250000	0.159317	0.322970	10.000000	10.436763	10.483427	10.000000	10.584531	10.218158	2999
0.250000	0.250000	0.096953	0.549253	10.000000	10.996190	9.465379	10.000000	10.371796	9.845094	2999
0.250000	0.250000	0.104023	0.559333	10.000000	11.515217	9.536882	10.000000	10.337613	9.855219	2999
0.250000	0.250000	0.160457	0.335527	10.000000	10.690701	10.179855	10.000000	10.382365	10.465923	2999
0.250000	0.250000	0.106573	0.282463	10.000000	10.472802	10.662912	10.000000	14.541617	9.445673	2999
0.250000	0.250000	0.052873	0.054130	10.000000	10.752311	11.676889	10.000000	12.587541	9.676202	2999
0.250000	0.250000	0.129300	0.164023	10.000000	10.553753	10.953099	10.000000	10.700963	10.446828	2999
0.250000	0.250000	0.112397	0.130180	10.000000	10.581315	11.074266	10.000000	10.792914	10.574414	2999
0.250000	0.250000	0.169383	0.340047	10.000000	11.000589	9.954783	10.000000	10.314827	10.476392	2999
0.250000	0.250000	0.160437	0.517763	10.000000	10.361221	9.876536	10.000000	10.435583	9.943814	2999
0.250000	0.250000	0.126957	0.323367	10.000000	10.729027	10.211874	10.000000	10.465232	10.588381	2999
0.250000	0.250000	0.107650	0.500253	10.000000	10.356212	10.085310	10.000000	15.214293	9.510284	2999
0.250000	0.250000	0.162353	0.409337	10.000000	14.361775	9.716862	10.000000	10.274327	10.296252	2999
0.250000	0.250000	0.073540	0.088377	10.000000	10.647449	11.442893	10.000000	13.214597	10.025115	2999
0.250000	0.250000	0.053930	0.580533	10.000000	13.753127	9.420689	10.000000	10.518516	9.729733	2999
0.250000	0.250000	0.192713	0.419900	10.000000	10.382869	10.114372	10.000000	10.408607	10.095834	2999
0.250000	0.250000	0.068850	0.444540	10.000000	16.031166	9.156487	10.000000	10.525661	9.978549	2999
0.250000	0.250000	0.153983	0.444943	10.000000	11.385211	9.640787	10.000000	10.277106	10.189942	2999
0.250000	0.250000	0.020313	0.026127	10.000000	11.979496	8.235119	10.000000	11.990311	8.675917	2999
0.250000	0.250000	0.149003	0.457397	10.000000	10.760843	9.821572	10.000000	10.311950	10.213967	2999
0.250000	0.250000	0.162377	0.400690	10.000000	10.412419	10.289803	10.000000	10.519341	10.112737	2999
0.250000	0.250000	0.125453	0.447360	10.000000	11.540449	9.414228	10.000000	10.341436	10.127577	2999
0.250000	0.250000	0.033090	0.615403	10.000000	10.653475	9.650002	10.000000	11.575534	9.478382	2999
0.250000	0.250000	0.100563	0.169727	10.000000	10.550440	11.068987	10.000000	10.993295	10.220629	2999
0.250000	0.250000	0.146483	0.255217	10.000000	10.509342	10.608217	10.000000	10.606502	10.446465	2999
0.250000	0.250000	0.012320	0.417570	10.000000	11.588621	9.635077	10.000000	13.407411	9.020985	2999
0.250000	0.250000	0.010193	0.525873	10.000000	11.780768	9.561651	10.000000	13.525597	9.254907	2999
0.250000	0.250000	0.111680	0.224897	10.000000	10.871550	10.196923	10.000000	10.518676	10.888368	2999
0.250000	0.250000	0.146170	0.195223	10.000000	10.674573	10.462394	10.000000	10.507200	10.797681	2999
0.250000	0.250000	0.027783	0.022647	10.000000	11.012312	12.167170	10.000000	11.917651	9.558938	2999
0.250000	0.250000	0.147420	0.305350	10.000000	10.640423	10.320642	10.000000	10.454575	10.525687	2999
0.250000	0.250000	0.091617	0.115437	10.000000	10.641571	11.250590	10.000000	10.856998	10.440773	2999
0.250000	0.250000	0.141463	0.490790	10.000000	10.356093	10.137953	10.000000	10.597680	9.874263	2999
0.250000	0.250000	0.067967	0.091447	10.000000	10.701314	11.437786	10.000000	11.030569	10.395711	2999
0.250000	0.250000	0.026087	0.014053	10.000000	11.050429	12.313912	10.000000	13.079661	9.542440	2999
0.250000	0.250000	0.161017	0.182540	10.000000	10.501681	10.810190	10.000000	10.613284	10.442381	2999
0.250000	0.250000	0.196570	0.423167	10.000000	10.504445	10.029948	10.000000	10.302219	10.137185	2999
0.250000	0.250000	0.083123	0.115850	10.000000	10.608510	11.152617	10.000000	11.300084	9.244577	2999
0.250000	0.250000	0.029473	0.248283	10.000000	11.690493	8.695199	10.000000	10.900198	10.122986	2999
0.250000	0.250000	0.080663	0.581920	10.000000	10.394987	9.766475	10.000000	12.373776	9.499857	2999
0.250000	0.250000	0.151217	0.500843	10.000000	10.250267	9.992761	10.000000	10.946522	9.612420	2999
0.250000	0.250000	0.156760	0.420423	10.000000	10.348659	10.280573	10.000000	10.647324	10.036967	2999
0.250000	0.250000	0.094557	0.505100	10.000000	10.395810	10.020651	10.000000	11.975394	9.415782	2999
0.250000	0.250000	0.041457	0.436197	10.000000	10.676918	9.983983	10.000000	13.951887	9.081642	2999
0.250000	0.250000	0.133487	0.352650	10.000000	10.576866	10.294620	10.000000	10.506838	10.443304	2999
0.250000	0.250000	0.053413	0.213130	10.000000	12.276359	8.830795	10.000000	10.698898	10.562846	2999
0.250000	0.250000	0.076713	0.296370	10.000000	12.752660	9.077412	10.000000	10.563696	10.464927	2999
0.250000	0.250000	0.055890	0.057273	10.000000	10.734602	11.650959	10.000000	15.793680	9.778239	2999
0.250000	0.250000	0.163370	0.334160	10.000000	11.155366	9.756732	10.000000	10.318153	10.487952	2999
0.250000	0.250000	0.144120	0.428217	10.000000	10.308222	10.206508	10.000000	11.226550	9.524016	2999
0.250000	0.250000	0.108403	0.385597	10.000000	10.419356	10.250851	10.000000	12.787959	9.269814	2999
0.250000	0.250000	0.112207	0.558623	10.000000	10.758454	9.696018	10.000000	10.342147	9.965333	2999
0.250000	0.250000	0.125940	0.487647	10.000000	11.488181	9.627034	10.000000	10.314004	10.137423	2999
0.250000	0.250000	0.205653	0.255897	10.000000	10.902708	10.001010	10.000000	10.288211	10.608218	2999
0.250000	0.250000	0.016797	0.206633	10.000000	12.123390	9.074978	10.000000	13.009533	8.864721	2999
0.250000	0.250000	0.140810	0.467267	10.000000	10.620286	9.968775	10.000000	10.372558	10.205055	2999
0.250000	0.250000	0.053187	0.051110	10.000000	11.228653	10.586199	10.000000	10.770293	11.703519	2999
0.250000	0.250000	0.120623	0.487360	10.000000	10.328100	10.028664	10.000000	11.347243	9.456035	2999
0.250000	0.250000	0.164973	0.354783	10.000000	10.350148	10.422233	10.000000	10.704059	10.111007	2999
0.250000	0.250000	0.092387	0.149350	10.000000	12.611119	9.911549	10.000000	10.562290	11.156136	2999
0.250000	0.250000	0.063447	0.233117	10.000000	10.642378	10.595596	10.000000	12.149335	8.944172	2999
0.250000	0.250000	0.099617	0.120927	10.000000	13.214468	10.127475	10.000000	10.549854	11.238594	2999
0.250000	0.250000	0.024247	0.560890	10.000000	11.611334	9.319951	10.000000	10.768865	9.658059	2999
0.250000	0.250000	0.142790	0.276530	10.000000	10.384572	10.620753	10.000000	13.561851	9.557431	2999
0.250000	0.250000	0.129547	0.373130	10.000000	12.881967	9.718855	10.000000	10.369075	10.468482	2999
0.250000	0.250000	0.135343	0.279983	10.000000	12.380749	9.596687	10.000000	10.400643	10.645165	2999
0.250000	0.250000	0.179150	0.463980	10.000000	10.218250	10.099239	10.000000	10.842946	9.823783	2999
0.250000	0.250000	0.097487	0.320927	10.000000	11.962785	9.282266	10.000000	10.483552	10.495162	2999
0.250000	0.250000	0.119643	0.264923	10.000000	11.775536	9.692675	10.000000	10.446626	10.745456	2999
0.250000	0.250000	0.135893	0.546957	10.000000	10.328932	9.911298	10.000000	10.583568	9.892608	2999
0.250000	0.250000	0.013613	0.348463	10.000000	13.491164	9.420986	10.000000	12.055330	8.988497	2999
0.250000	0.250000	0.011630	0.463590	10.000000	12.213984	9.175337	10.000000	11.460953	9.491096	2999
0.250000	0.250000	0.135550	0.187983	10.000000	10.442218	10.935766	10.000000	11.141190	10.043550	2999
0.250000	0.250000	0.073297	0.044867	10.000000	10.816735	11.265992	10.000000	10.776396	11.290683	2999
0.250000	0.250000	0.116457	0.187683	10.000000	11.162730	10.097427	10.000000	10.491242	10.984768	2999
0.250000	0.250000	0.153443	0.357320	10.000000	10.587910	10.279608	10.000000	10.428818	10.364463	2999
0.250000	0.250000	0.023510	0.012517	10.000000	11.158468	12.447293	10.000000	12.306671	9.402903	2999
0.250000	0.250000	0.114800	0.188613	10.000000	10.701275	10.547217	10.000000	10.590324	10.876376	2999
0.250000	0.250000	0.092010	0.273103	10.000000	10.516817	10.461354	10.000000	12.937634	9.056183	2999
0.250000	0.250000	0.164433	0.385497	10.000000	10.319528	10.363435	10.000000	10.756548	9.983138	2999
0.250000	0.250000	0.152473	0.405303	10.000000	10.328936	10.348121	10.000000	10.797222	9.961194	2999
0.250000	0.250000	0.057480	0.099207	10.000000	14.940994	8.733604	10.000000	10.718386	10.998116	2999
0.250000	0.250000	0.104803	0.188393	10.000000	10.543859	10.976712	10.000000	10.927179	10.388358	2999
0.250000	0.250000	0.170587	0.368600	10.000000	10.866202	9.887197	10.000000	10.298481	10.394775	2999
0.250000	0.250000	0.115543	0.406327	10.000000	11.835558	9.330117	10.000000	10.390726	10.219615	2999
0.250000	0.250000	0.017027	0.322420	10.000000	11.171484	9.815933	10.000000	12.074463	8.822858	2999
0.250000	0.250000	0.069387	0.081343	10.000000	10.665371	11.389466	10.000000	13.323154	9.363598	2999
0.250000	0.250000	0.086060	0.596770	10.000000	10.444496	9.809706	10.000000	10.676405	9.602725	2999
0.250000	0.250000	0.197367	0.430260	10.000000	10.390977	10.080339	10.000000	10.379808	10.064580	2999
0.250000	0.250000	0.183813	0.293860	10.000000	10.351173	10.507912	10.000000	10.680985	10.205976	2999
0.250000	0.250000	0.132573	0.389133	10.000000	11.617291	9.462455	10.000000	10.354667	10.316924	2999
0.250000	0.250000	0.112413	0.263893	10.000000	10.464522	10.771404	10.000000	11.465485	9.721258	2999
0.250000	0.250000	0.047283	0.626660	10.000000	10.660222	9.622680	10.000000	10.705652	9.586562	2999
0.250000	0.250000	0.113193	0.587057	10.000000	10.381311	9.729656	10.000000	10.595037	9.707994	2999
0.250000	0.250000	0.072330	0.104333	10.000000	10.647327	11.352041	10.000000	11.893253	9.708099	2999
0.250000	0.250000	0.097440	0.587327	10.000000	10.335367	9.755170	10.000000	11.144584	9.587961	2999
0.250000	0.250000	0.125350	0.231163	10.000000	10.446678	10.629217	10.000000	11.394562	9.210530	2999
0.250000	0.250000	0.010260	0.529150	10.000000	12.151302	9.458045	10.000000	11.776666	9.337244	2999
0.250000	0.250000	0.099547	0.454117	10.000000	10.410835	10.151488	10.000000	12.623921	9.364562	2999
0.250000	0.250000	0.145223	0.323570	10.000000	12.180241	9.616576	10.000000	10.357629	10.517907	2999
0.250000	0.250000	0.091030	0.165507	10.000000	10.563736	11.122035	10.000000	11.355468	10.120529	2999
0.250000	0.250000	0.075613	0.578150	10.000000	10.424899	9.787487	10.000000	11.247152	9.477379	2999
0.250000	0.250000	0.074490	0.110120	10.000000	12.077404	9.889812	10.000000	10.636604	11.342498	2999
0.250000	0.250000	0.067777	0.189283	10.000000	10.638058	10.688155	10.000000	12.385575	8.892300	2999
0.250000	0.250000	0.127060	0.290873	10.000000	12.850413	9.646826	10.000000	10.415573	10.654259	2999
0.250000	0.250000	0.053500	0.600577	10.000000	10.874006	9.480119	10.000000	10.561848	9.686035	2999
0.250000	0.250000	0.127100	0.303777	10.000000	11.038544	9.935403	10.000000	10.422815	10.663840	2999
0.250000	0.250000	0.141657	0.265493	10.000000	10.413508	10.723245	10.000000	10.951519	10.040844	2999
0.250000	0.250000	0.162527	0.342450	10.000000	10.389598	10.464197	10.000000	10.653706	10.116473	2999
0.250000	0.250000	0.025010	0.411917	10.000000	12.316861	8.990834	10.000000	10.844924	9.884089	2999
0.250000	0.250000	0.024293	0.466663	10.000000	11.449930	9.104435	10.000000	10.844908	9.744311	2999
0.250000	0.250000	0.108103	0.186437	10.000000	10.564996	10.964244	10.000000	10.803294	10.387258	2999
0.250000	0.250000	0.119270	0.515630	10.000000	11.763121	9.551662	10.000000	10.312816	10.016188	2999
0.250000	0.250000	0.082050	0.118543	10.000000	13.285518	9.289660	10.000000	10.605108	11.162738	2999
0.250000	0.250000	0.027630	0.417057	10.000000	10.823585	9.952651	10.000000	11.762263	9.007400	2999
0.250000	0.250000	0.082910	0.316343	10.000000	10.533698	10.506324	10.000000	11.533304	9.211766	2999
0.250000	0.250000	0.159567	0.299323	10.000000	10.378461	10.584362	10.000000	10.783695	10.091524	2999
0.250000	0.250000	0.103227	0.151363	10.000000	12.158246	9.148668	10.000000	10.530797	10.911874	2999
0.250000	0.250000	0.093430	0.183437	10.000000	12.754957	9.719272	10.000000	10.548982	11.031051	2999
0.250000	0.250000	0.154823	0.369120	10.000000	11.832371	9.587905	10.000000	10.316157	10.375785	2999
0.250000	0.250000	0.013737	0.355057	10.000000	14.446123	9.216894	10.000000	11.534650	9.134967	2999
0.250000	0.250000	0.116563	0.466990	10.000000	12.273112	9.451311	10.000000	10.352335	10.117943	2999
0.250000	0.250000	0.204167	0.407563	10.000000	10.208032	10.210020	10.000000	10.827310	9.899529	2999
0.250000	0.250000	0.122893	0.368363	10.000000	10.763956	10.205802	10.000000	10.439567	10.486589	2999
0.250000	0.250000	0.082580	0.343607	10.000000	10.523901	10.238998	10.000000	12.227197	9.063119	2999
0.250000	0.250000	0.074103	0.071510	10.000000	11.214932	10.328844	10.000000	10.670586	11.518511	2999
0.250000	0.250000	0.202163	0.422153	10.000000	10.358349	10.086083	10.000000	10.395614	10.071808	2999
0.250000	0.250000	0.173690	0.385510	10.000000	10.306434	10.338268	10.000000	10.721586	9.994076	2999
0.250000	0.250000	0.148933	0.328857	10.000000	10.946774	9.938373	10.000000	10.364628	10.551781	2999
0.250000	0.250000	0.102497	0.305080	10.000000	10.475444	10.437472	10.000000	12.445824	9.169571	2999
0.250000	0.250000	0.013533	0.345770	10.000000	13.920379	9.358959	10.000000	12.282012	9.013822	2999
0.250000	0.250000	0.133513	0.262920	10.000000	10.412231	10.677603	10.000000	12.829199	9.551760	2999
0.250000	0.250000	0.124680	0.270910	10.000000	11.097854	10.022064	10.000000	10.437687	10.749986	2999
0.250000	0.250000	0.067973	0.578543	10.000000	10.464927	9.831935	10.000000	10.991027	9.463359	2999
0.250000	0.250000	0.173307	0.335973	10.000000	10.619504	10.135464	10.000000	10.375857	10.444992	2999
0.250000	0.250000	0.100860	0.171920	10.000000	11.157455	10.239449	10.000000	10.539681	11.063577	2999
0.250000	0.250000	0.128233	0.418070	10.000000	10.350046	10.286396	10.000000	11.971735	9.530355	2999
0.250000	0.250000	0.111877	0.141630	10.000000	10.774687	10.708259	10.000000	10.589908	10.967641	2999
0.250000	0.250000	0.102270	0.254817	10.000000	10.495269	10.717989	10.000000	12.885240	9.372673	2999
0.250000	0.250000	0.159987	0.335613	10.000000	11.195402	9.784758	10.000000	10.322856	10.496909	2999
0.250000	0.250000	0.016690	0.204903	10.000000	11.968514	8.900105	10.000000	12.013231	9.019924	2999
0.250000	0.250000	0.098020	0.512383	10.000000	12.860684	9.391030	10.000000	10.381661	9.926427	2999
0.250000	0.250000	0.131263	0.512607	10.000000	10.286958	10.042837	10.000000	11.425214	9.640587	2999
0.250000	0.250000	0.071977	0.542690	10.000000	12.133891	9.366253	10.000000	10.460718	9.821932	2999
0.250000	0.250000	0.136863	0.545430	10.000000	10.291461	9.884632	10.000000	10.697575	9.662467	2999
0.250000	0.250000	0.148357	0.489450	10.000000	10.414131	10.147988	10.000000	10.467810	9.795960	2999
0.250000	0.250000	0.117477	0.549430	10.000000	10.315075	9.951092	10.000000	10.903877	9.655796	2999
0.250000	0.250000	0.163613	0.423700	10.000000	11.129080	9.578594	10.000000	10.267946	10.194745	2999
0.250000	0.250000	0.153687	0.372800	10.000000	10.331814	10.417783	10.000000	10.924832	9.787856	2999
0.250000	0.250000	0.144303	0.283630	10.000000	10.413081	10.671291	10.000000	10.823322	10.021642	2999
0.250000	0.250000	0.039393	0.397390	10.000000	10.713637	10.044033	10.000000	13.050311	9.006778	2999
0.250000	0.250000	0.106763	0.096653	10.000000	10.822413	10.732723	10.000000	10.598968	11.163284	2999
0.250000	0.250000	0.126127	0.288803	10.000000	10.461878	10.670358	10.000000	10.802991	10.254286	2999
0.250000	0.250000	0.036273	0.454777	10.000000	10.720075	9.847831	10.000000	12.156287	9.094194	2999
0.250000	0.250000	0.056813	0.082187	10.000000	12.665366	9.811282	10.000000	10.724500	11.523013	2999
0.250000	0.250000	0.145283	0.345600	10.000000	10.413205	10.472943	10.000000	10.685616	10.188841	2999
0.250000	0.250000	0.040200	0.053917	10.000000	12.356978	8.760630	10.000000	10.850593	11.439001	2999
0.250000	0.250000	0.149820	0.311460	10.000000	11.471243	9.611137	10.000000	10.355436	10.537902	2999
0.250000	0.250000	0.093743	0.448780	10.000000	10.431213	9.963831	10.000000	13.024919	9.216322	2999
0.250000	0.250000	0.129150	0.178387	10.000000	10.456557	10.970867	10.000000	11.584804	9.863491	2999
0.250000	0.250000	0.043520	0.439017	10.000000	12.066261	9.087125	10.000000	10.668947	9.967054	2999
0.250000	0.250000	0.065490	0.132353	10.000000	10.667384	11.034461	10.000000	12.212176	9.015219	2999
0.250000	0.250000	0.145600	0.369043	10.000000	12.082202	9.466810	10.000000	10.332987	10.340508	2999
0.250000	0.250000	0.164103	0.280043	10.000000	10.338052	10.611138	10.000000	12.228662	9.731477	2999
0.250000	0.250000	0.131510	0.471543	10.000000	10.359746	10.228315	10.000000	10.712164	9.849422	2999
0.250000	0.250000	0.173850	0.350720	10.000000	10.531546	10.314283	10.000000	10.408763	10.286976	2999
0.250000	0.250000	0.155203	0.214347	10.000000	10.600122	10.629889	10.000000	10.521772	10.592957	2999
0.250000	0.250000	0.120520	0.146377	10.000000	10.990836	10.234872	10.000000	10.510218	11.080663	2999
0.250000	0.250000	0.054213	0.074190	10.000000	13.527491	9.187801	10.000000	10.742840	11.439540	2999
0.250000	0.250000	0.112603	0.280687	10.000000	10.456461	10.716021	10.000000	13.129968	9.643085	2999
0.250000	0.250000	0.043937	0.045473	10.000000	10.896218	11.674925	10.000000	10.998012	11.045312	2999
0.250000	0.250000	0.055087	0.094823	10.000000	10.728998	11.444173	10.000000	11.753549	9.551913	2999
0.250000	0.250000	0.158813	0.311117	10.000000	10.517410	10.406112	10.000000	10.500043	10.406606	2999
0.250000	0.250000	0.027703	0.018313	10.000000	11.010788	12.067849	10.000000	12.477590	8.969742	2999
0.250000	0.250000	0.155557	0.243460	10.000000	10.397904	10.729412	10.000000	10.902244	10.187902	2999
0.250000	0.250000	0.145267	0.267950	10.000000	11.800022	9.736458	10.000000	10.383911	10.687841	2999
0.250000	0.250000	0.052807	0.089707	10.000000	10.737832	11.379012	10.000000	14.035798	9.226515	2999
0.250000	0.250000	0.134253	0.345387	10.000000	12.279532	9.367313	10.000000	10.372617	10.374797	2999
0.250000	0.250000	0.039753	0.021483	10.000000	11.259925	11.020577	10.000000	10.879056	11.980398	2999
0.250000	0.250000	0.117970	0.147663	10.000000	10.530570	11.018442	10.000000	10.875011	10.528214	2999
0.250000	0.250000	0.110047	0.226500	10.000000	10.486168	10.856813	10.000000	12.107819	9.653816	2999
0.250000	0.250000	0.157800	0.306267	10.000000	11.032997	9.839256	10.000000	10.350214	10.576692	2999
0.250000	0.250000	0.112397	0.261613	10.000000	14.600240	9.132949	10.000000	10.465214	10.508839	2999
0.250000	0.250000	0.071673	0.301543	10.000000	11.999429	8.935114	10.000000	10.581305	10.248238	2999
0.250000	0.250000	0.131767	0.254203	10.000000	10.432689	10.772953	10.000000	11.023181	10.077386	2999
0.250000	0.250000	0.133407	0.541317	10.000000	10.319060	9.941686	10.000000	10.635439	9.710632	2999
0.250000	0.250000	0.163143	0.530973	10.000000	10.465155	9.778141	10.000000	10.322419	9.853479	2999
0.250000	0.250000	0.152307	0.227740	10.000000	11.034564	10.045056	10.000000	10.394704	10.791568	2999
0.250000	0.250000	0.136527	0.311813	10.000000	10.681263	10.180643	10.000000	10.462304	10.599046	2999
0.250000	0.250000	0.074900	0.093553	10.000000	10.838900	10.993745	10.000000	10.729077	11.161091	2999
0.250000	0.250000	0.126827	0.284740	10.000000	10.421004	10.538977	10.000000	13.591462	9.320504	2999
0.250000	0.250000	0.106820	0.133760	10.000000	10.601925	10.994830	10.000000	10.785457	10.747569	2999
0.250000	0.250000	0.160750	0.455110	10.000000	10.711811	9.886270	10.000000	10.292399	10.183034	2999
0.250000	0.250000	0.145957	0.494680	10.000000	11.691308	9.564581	10.000000	10.255935	10.009252	2999
0.250000	0.250000	0.157767	0.357853	10.000000	10.436061	10.395060	10.000000	10.560303	10.211723	2999
0.250000	0.250000	0.108067	0.156947	10.000000	13.042550	9.870277	10.000000	10.514787	11.084045	2999
0.250000	0.250000	0.015950	0.231563	10.000000	12.705697	8.753017	10.000000	12.216759	9.378183	2999
0.250000	0.250000	0.066263	0.064507	10.000000	10.952661	10.834938	10.000000	10.734687	11.464280	2999
0.250000	0.250000	0.092713	0.524370	10.000000	11.269798	9.500170	10.000000	10.392677	10.048164	2999
0.250000	0.250000	0.139280	0.256540	10.000000	10.400922	10.743484	10.000000	11.764272	9.831803	2999
0.250000	0.250000	0.038733	0.601673	10.000000	11.402490	9.458487	10.000000	10.644771	9.640931	2999
0.250000	0.250000	0.185907	0.399320	10.000000	10.300836	10.265159	10.000000	10.611660	9.992215	2999
0.250000	0.250000	0.135640	0.325037	10.000000	10.567197	10.353787	10.000000	10.526230	10.483692	2999
0.250000	0.250000	0.186853	0.320307	10.000000	10.545806	10.197482	10.000000	10.389242	10.429429	2999
0.250000	0.250000	0.109800	0.539613	10.000000	11.379433	9.490696	10.000000	10.324757	9.871704	2999
0.250000	0.250000	0.015780	0.223483	10.000000	12.755808	8.867175	10.000000	15.921186	9.128540	2999
0.250000	0.250000	0.085870	0.153023	10.000000	11.128201	9.985671	10.000000	10.592912	11.170381	2999
0.250000	0.250000	0.056890	0.074903	10.000000	10.725438	11.518157	10.000000	11.794992	9.530069	2999
0.250000	0.250000	0.011953	0.450880	10.000000	12.614810	9.420068	10.000000	11.450497	9.195195	2999
0.250000	0.250000	0.092313	0.503600	10.000000	12.506976	9.333036	10.000000	10.407323	9.897601	2999
0.250000	0.250000	0.167543	0.364313	10.000000	10.721833	10.031043	10.000000	10.337504	10.412595	2999
0.250000	0.250000	0.148657	0.481133	10.000000	11.213985	9.705851	10.000000	10.278409	10.111896	2999
0.250000	0.250000	0.018647	0.098563	10.000000	12.577976	9.537073	10.000000	11.934962	8.334472	2999
0.250000	0.250000	0.155427	0.272253	10.000000	10.576628	10.410247	10.000000	10.489550	10.548140	2999
0.250000	0.250000	0.108203	0.125943	10.000000	10.842190	10.548309	10.000000	10.580233	11.116547	2999
0.250000	0.250000	0.010960	0.465203	10.000000	12.654309	9.546186	10.000000	11.934742	9.146254	2999
0.250000	0.250000	0.182363	0.355343	10.000000	10.525351	10.154276	10.000000	10.383020	10.350136	2999
0.250000	0.250000	0.091233	0.110153	10.000000	10.582442	11.298234	10.000000	12.042718	10.052888	2999
0.250000	0.250000	0.035437	0.622037	10.000000	10.971819	9.524155	10.000000	10.658505	9.616192	2999
0.250000	0.250000	0.122710	0.375453	10.000000	10.844972	9.891180	10.000000	10.421451	10.510847	2999
0.250000	0.250000	0.098423	0.193497	10.000000	10.893172	10.458780	10.000000	10.569608	10.964112	2999
0.250000	0.250000	0.093113	0.227640	10.000000	11.567173	9.708051	10.000000	10.533360	10.911970	2999
0.250000	0.250000	0.160303	0.458833	10.000000	10.275049	10.161616	10.000000	10.797549	9.755622	2999
0.250000	0.250000	0.115123	0.188550	10.000000	11.716428	9.557830	10.000000	10.485135	10.922730	2999
0.250000	0.250000	0.098197	0.134337	10.000000	11.078026	10.403948	10.000000	10.564956	11.168023	2999
0.250000	0.250000	0.133360	0.274217	10.000000	10.680907	10.183729	10.000000	10.498053	10.713590	2999
0.250000	0.250000	0.130760	0.190680	10.000000	10.716829	10.525639	10.000000	10.529709	10.822405	2999
0.250000	0.250000	0.014940	0.288587	10.000000	11.965218	9.644499	10.000000	12.697684	8.786053	2999
0.250000	0.250000	0.100590	0.225240	10.000000	10.561923	10.897889	10.000000	10.846379	10.343881	2999
0.250000	0.250000	0.113157	0.225640	10.000000	13.279987	9.668992	10.000000	10.476463	10.851716	2999
0.250000	0.250000	0.029970	0.330130	10.000000	10.838155	10.035006	10.000000	12.229997	8.852380	2999
0.250000	0.250000	0.039930	0.578307	10.000000	12.187648	9.370756	10.000000	10.607873	9.804992	2999
0.250000	0.250000	0.119133	0.222337	10.000000	11.075349	9.974061	10.000000	10.471957	10.880706	2999
0.250000	0.250000	0.131533	0.322853	10.000000	10.872182	10.068923	10.000000	10.423777	10.609030	2999
0.250000	0.250000	0.016083	0.231297	10.000000	12.641813	9.362753	10.000000	11.499210	8.761612	2999
0.250000	0.250000	0.080560	0.138470	10.000000	13.364493	9.557217	10.000000	10.602277	11.174754	2999
0.250000	0.250000	0.064243	0.490503	10.000000	13.599179	9.245703	10.000000	10.526922	9.960494	2999
0.250000	0.250000	0.135113	0.375140	10.000000	10.377748	10.468332	10.000000	10.915675	9.791685	2999
0.250000	0.250000	0.124370	0.311917	10.000000	10.414408	10.612129	10.000000	12.081671	9.654012	2999
0.250000	0.250000	0.099050	0.133427	10.000000	12.218792	9.935406	10.000000	10.550174	11.189598	2999
0.250000	0.250000	0.163040	0.429447	10.000000	10.395069	10.239488	10.000000	10.503506	10.015568	2999
0.250000	0.250000	0.068353	0.601283	10.000000	11.064603	9.528901	10.000000	10.441981	9.763209	2999
0.250000	0.250000	0.149020	0.472220	10.000000	10.311665	10.159246	10.000000	10.702845	9.948685	2999
0.250000	0.250000	0.146267	0.549643	10.000000	10.596544	9.749006	10.000000	10.302180	9.841007	2999
0.250000	0.250000	0.171630	0.514357	10.000000	10.366247	9.851339	10.000000	10.397900	9.909124	2999
0.250000	0.250000	0.056977	0.599267	10.000000	10.488725	9.763046	10.000000	12.918334	9.479534	2999
0.250000	0.250000	0.112907	0.150483	10.000000	10.543877	11.050912	10.000000	10.865417	10.415590	2999
0.250000	0.250000	0.079817	0.325183	10.000000	10.542066	10.482834	10.000000	11.566801	9.198824	2999
0.250000	0.250000	0.194243	0.386993	10.000000	10.577409	10.113816	10.000000	10.301701	10.238209	2999
0.250000	0.250000	0.061307	0.189297	10.000000	10.669703	10.630483	10.000000	11.840783	8.818967	2999
0.250000	0.250000	0.102300	0.190543	10.000000	10.575610	10.989611	10.000000	10.832242	10.321689	2999
0.250000	0.250000	0.052003	0.578260	10.000000	10.566291	9.692318	10.000000	10.957341	9.414907	2999
0.250000	0.250000	0.131947	0.354810	10.000000	10.440725	10.535433	10.000000	10.723026	10.005947	2999
0.250000	0.250000	0.073357	0.320273	10.000000	10.566606	10.265794	10.000000	12.321967	8.996286	2999
0.250000	0.250000	0.126237	0.293567	10.000000	10.444694	10.686931	10.000000	10.876364	10.105820	2999
0.250000	0.250000	0.101867	0.225947	10.000000	11.354205	9.136501	10.000000	10.510105	10.660148	2999
0.250000	0.250000	0.166293	0.403773	10.000000	10.297933	10.319632	10.000000	10.807497	9.936289	2999
0.250000	0.250000	0.138733	0.283597	10.000000	11.510569	9.880983	10.000000	10.391100	10.682070	2999
0.250000	0.250000	0.058697	0.421370	10.000000	14.022606	9.091561	10.000000	10.593139	10.018265	2999
0.250000	0.250000	0.183177	0.316373	10.000000	10.291619	10.490895	10.000000	11.075286	9.785083	2999
0.250000	0.250000	0.194153	0.369303	10.000000	10.468768	10.169462	10.000000	10.378515	10.258464	2999
0.250000	0.250000	0.149657	0.320037	10.000000	10.591335	10.313179	10.000000	10.466426	10.478717	2999
0.250000	0.250000	0.093057	0.147133	10.000000	10.739835	10.687753	10.000000	10.672554	11.027462	2999
0.250000	0.250000	0.100680	0.409047	10.000000	11.748990	9.376642	10.000000	10.432215	10.300040	2999
0.250000	0.250000	0.072530	0.524440	10.000000	12.578795	9.344513	10.000000	10.465369	9.916462	2999
0.250000	0.250000	0.068627	0.308363	10.000000	10.589366	10.393815	10.000000	12.965709	9.036229	2999
0.250000	0.250000	0.113563	0.418453	10.000000	11.968099	9.326550	10.000000	10.387903	10.179321	2999
0.250000	0.250000	0.077050	0.259543	10.000000	10.581004	10.510874	10.000000	11.459128	9.001023	2999
0.250000	0.250000	0.046347	0.145933	10.000000	12.296709	8.663245	10.000000	10.769522	10.704688	2999
0.250000	0.250000	0.016123	0.209427	10.000000	11.754683	8.803765	10.000000	13.888915	9.177521	2999
0.250000	0.250000	0.177587	0.296123	10.000000	11.011682	9.899694	10.000000	10.312412	10.562838	2999
0.250000	0.250000	0.072340	0.102563	10.000000	10.647364	11.176517	10.000000	12.712351	9.097269	2999
0.250000	0.250000	0.140463	0.464320	10.000000	10.340351	10.221835	10.000000	10.724271	9.902355	2999
0.250000	0.250000	0.016693	0.202573	10.000000	12.262967	8.603000	10.000000	11.760217	9.663483	2999
0.250000	0.250000	0.145867	0.347230	10.000000	10.928572	9.936154	10.000000	10.362347	10.514177	2999
0.250000	0.250000	0.154057	0.455930	10.000000	10.404216	10.209388	10.000000	10.499725	9.948972	2999
0.250000	0.250000	0.186620	0.374873	10.000000	11.471317	9.746044	10.000000	10.244388	10.331716	2999
0.250000	0.250000	0.051750	0.460403	10.000000	11.549080	9.143680	10.000000	10.606480	9.940591	2999
0.250000	0.250000	0.171660	0.365477	10.000000	10.491084	10.339457	10.000000	10.431568	10.201589	2999
0.250000	0.250000	0.086920	0.224270	10.000000	11.461718	9.731737	10.000000	10.555722	10.948297	2999
0.250000	0.250000	0.171817	0.312607	10.000000	10.510062	10.410971	10.000000	10.461305	10.341742	2999
0.250000	0.250000	0.159660	0.307043	10.000000	10.431752	10.497648	10.000000	10.612792	10.299163	2999
0.250000	0.250000	0.081563	0.424393	10.000000	10.487636	10.200532	10.000000	13.938837	9.255700	2999
0.250000	0.250000	0.102517	0.251083	10.000000	10.501538	10.833724	10.000000	11.293617	9.718465	2999
0.250000	0.250000	0.041090	0.056157	10.000000	11.066804	10.668125	10.000000	10.881891	11.743376	2999
0.250000	0.250000	0.151813	0.461220	10.000000	10.264273	10.125195	10.000000	12.027950	9.596458	2999
0.250000	0.250000	0.129080	0.226777	10.000000	12.730020	9.646152	10.000000	10.435156	10.805843	2999
0.250000	0.250000	0.115087	0.559017	10.000000	10.552675	9.881751	10.000000	10.409124	9.974260	2999
0.250000	0.250000	0.153340	0.284763	10.000000	10.378981	10.647597	10.000000	10.957344	9.942555	2999
0.250000	0.250000	0.180967	0.463193	10.000000	10.307895	10.077619	10.000000	10.502625	9.923131	2999
0.250000	0.250000	0.138597	0.293900	10.000000	11.719572	9.863812	10.000000	10.386551	10.659947	2999
0.250000	0.250000	0.192737	0.354777	10.000000	10.415910	10.292758	10.000000	10.443926	10.200136	2999
0.250000	0.250000	0.140443	0.322240	10.000000	10.368736	10.516528	10.000000	12.004048	9.573128	2999
0.250000	0.250000	0.070827	0.335720	10.000000	10.569495	10.273419	10.000000	12.165779	9.032891	2999
0.250000	0.250000	0.021953	0.544417	10.000000	10.845707	9.658478	10.000000	12.403167	9.280090	2999
0.250000	0.250000	0.135233	0.412173	10.000000	10.335460	10.297775	10.000000	14.747287	9.558042	2999
0.250000	0.250000	0.130220	0.281913	10.000000	11.549944	9.700853	10.000000	10.410976	10.678916	2999
0.250000	0.250000	0.165267	0.382930	10.000000	11.045287	9.761664	10.000000	10.291155	10.360932	2999
0.250000	0.250000	0.185497	0.387700	10.000000	10.362957	10.251159	10.000000	10.506160	10.129008	2999
0.250000	0.250000	0.049940	0.352067	10.000000	10.665675	10.154036	10.000000	12.310216	8.963654	2999
0.250000	0.250000	0.014883	0.273257	10.000000	12.370612	8.888317	10.000000	12.033712	9.295114	2999
0.250000	0.250000	0.152953	0.444497	10.000000	10.396765	10.178908	10.000000	10.527976	10.100478	2999
0.250000	0.250000	0.143447	0.290363	10.000000	12.316257	9.549329	10.000000	10.375463	10.584198	2999
0.250000	0.250000	0.119947	0.269187	10.000000	10.440349	10.558164	10.000000	13.948895	9.257866	2999
0.250000	0.250000	0.172990	0.415477	10.000000	10.748981	9.916504	10.000000	10.285220	10.266864	2999
0.250000	0.250000	0.023430	0.006483	10.000000	11.153977	12.583085	10.000000	12.510193	9.415287	1129
0.250000	0.250000	0.125880	0.503987	10.000000	10.851247	9.551035	10.000000	10.331422	10.039254	2999
0.250000	0.250000	0.130863	0.204527	10.000000	10.451399	10.899836	10.000000	11.045188	10.021107	2999
0.250000	0.250000	0.042980	0.027077	10.000000	11.010284	11.172311	10.000000	10.909090	11.807422	2999
0.250000	0.250000	0.063693	0.578760	10.000000	10.469781	9.865913	10.000000	11.777990	9.457623	2999
0.250000	0.250000	0.144837	0.335690	10.000000	10.460955	10.532867	10.000000	10.609206	10.130102	2999
0.250000	0.250000	0.013570	0.553663	10.000000	13.770707	9.374799	10.000000	11.108721	9.487859	2999
0.250000	0.250000	0.014703	0.317663	10.000000	12.010252	9.258817	10.000000	12.437877	9.016827	2999
0.250000	0.250000	0.053693	0.623953	10.000000	10.857989	9.566097	10.000000	10.535721	9.689621	2999
0.250000	0.250000	0.119757	0.274960	10.000000	10.441774	10.594941	10.000000	11.517704	9.340762	2999
0.250000	0.250000	0.092240	0.385683	10.000000	10.470115	10.256714	10.000000	12.261836	9.220219	2999
0.250000	0.250000	0.153273	0.321113	10.000000	11.158296	9.812269	10.000000	10.345880	10.548520	2999
0.250000	0.250000	0.120317	0.468067	10.000000	11.283585	9.407655	10.000000	10.342619	10.056455	2999
0.250000	0.250000	0.140357	0.159663	10.000000	10.606079	10.555027	10.000000	10.592605	10.899870	2999
0.250000	0.250000	0.154030	0.219567	10.000000	10.425855	10.776764	10.000000	10.807057	10.269685	2999
0.250000	0.250000	0.070013	0.080043	10.000000	11.330812	8.929307	10.000000	10.672082	11.210471	2999
0.250000	0.250000	0.076007	0.068197	10.000000	10.661505	11.505189	10.000000	11.192751	10.460381	2999
0.250000	0.250000	0.120347	0.241923	10.000000	10.453779	10.803379	10.000000	12.099444	9.714495	2999
0.250000	0.250000	0.126010	0.353903	10.000000	10.389443	10.351773	10.000000	11.979860	9.328165	2999
0.250000	0.250000	0.154403	0.544490	10.000000	10.371309	9.768671	10.000000	10.415879	9.810090	2999
0.250000	0.250000	0.140623	0.526420	10.000000	10.342637	9.988962	10.000000	10.559832	9.894148	2999
0.250000	0.250000	0.096213	0.419270	10.000000	10.441353	10.141304	10.000000	11.611396	9.240419	2999
0.250000	0.250000	0.148323	0.278430	10.000000	10.682178	10.241383	10.000000	10.446540	10.637217	2999
0.250000	0.250000	0.063397	0.361470	10.000000	16.440867	9.059321	10.000000	10.588373	10.236855	2999
0.250000	0.250000	0.120040	0.279440	10.000000	11.263451	9.819522	10.000000	10.440471	10.732038	2999
0.250000	0.250000	0.114707	0.091973	10.000000	11.017291	10.480159	10.000000	10.542676	11.260872	2999
0.250000	0.250000	0.010780	0.492547	10.000000	12.038131	9.151383	10.000000	12.381352	9.657749	2999
0.250000	0.250000	0.067763	0.354040	10.000000	11.551001	9.068382	10.000000	10.575393	10.270454	2999
0.250000	0.250000	0.152490	0.354190	10.000000	10.329671	10.466099	10.000000	11.179453	9.776004	2999
0.250000	0.250000	0.100577	0.420200	10.000000	14.159159	9.218770	10.000000	10.427994	10.086006	2999
