mut_par_size	typ1_err	typ2_err	rej_rate	acp_rate	avg_size	avg_size_thr	avg_par_size	end_gen
0.250000	0.246490	0.637303	0.515990	0.383337	10.000000	10.300031	10.003007	2999
0.250000	0.291873	0.602053	0.517967	0.389423	10.000000	10.242592	10.003374	2999
0.250000	0.282963	0.609240	0.517813	0.388270	10.000000	10.253565	10.003405	2999
0.250000	0.265680	0.622663	0.516340	0.384880	10.000000	10.275211	10.002864	2999
0.250000	0.263020	0.624330	0.514500	0.386510	10.000000	10.278666	10.002852	2999
0.250000	0.242453	0.639360	0.515717	0.381447	10.000000	10.304714	10.002742	2999
0.250000	0.253900	0.631377	0.514730	0.385303	10.000000	10.289150	10.002711	2999
0.250000	0.299150	0.594700	0.517983	0.389017	10.000000	10.231780	10.002830	2999
0.250000	0.295310	0.599333	0.518453	0.388550	10.000000	10.238535	10.003222	2999
0.250000	0.268940	0.618260	0.514433	0.387190	10.000000	10.271010	10.002952	2999
0.250000	0.307627	0.590103	0.518900	0.390233	10.000000	10.223341	10.003182	2999
0.250000	0.252033	0.632937	0.515790	0.383293	10.000000	10.292596	10.002582	2999
0.250000	0.252977	0.633087	0.515340	0.385500	10.000000	10.291479	10.002960	2999
0.250000	0.252627	0.631543	0.515213	0.382550	10.000000	10.291673	10.003151	2999
0.250000	0.279757	0.611863	0.516497	0.389290	10.000000	10.255943	10.002765	2999
0.250000	0.272237	0.616563	0.515917	0.386267	10.000000	10.265294	10.002674	2999
0.250000	0.250370	0.633570	0.515093	0.383033	10.000000	10.294515	10.003010	2999
0.250000	0.250583	0.634840	0.516213	0.384307	10.000000	10.295489	10.002948	2999
0.250000	0.235767	0.645857	0.516573	0.380663	10.000000	10.314714	10.003405	2999
0.250000	0.239403	0.643537	0.516283	0.381483	10.000000	10.309361	10.003190	2999
0.250000	0.258887	0.627547	0.515933	0.384353	10.000000	10.285311	10.003505	2999
0.250000	0.258187	0.629643	0.515867	0.386013	10.000000	10.284751	10.002781	2999
0.250000	0.231497	0.648133	0.515997	0.378397	10.000000	10.321237	10.002945	2999
0.250000	0.233040	0.647513	0.517843	0.378367	10.000000	10.319050	10.002874	2999
0.250000	0.276963	0.612237	0.516263	0.387030	10.000000	10.261246	10.003457	2999
0.250000	0.269100	0.620660	0.516367	0.386973	10.000000	10.270098	10.003173	2999
0.250000	0.276843	0.613947	0.516270	0.388553	10.000000	10.260949	10.003119	2999
0.250000	0.284303	0.607327	0.516497	0.388153	10.000000	10.251708	10.002904	2999
0.250000	0.254210	0.630533	0.515187	0.383920	10.000000	10.289953	10.003132	2999
0.250000	0.253670	0.630413	0.514277	0.383303	10.000000	10.289240	10.003382	2999
0.250000	0.223820	0.653677	0.517007	0.377160	10.000000	10.330761	10.002637	2999
0.250000	0.296990	0.597937	0.517337	0.390073	10.000000	10.235029	10.002846	2999
0.250000	0.256477	0.628523	0.514793	0.383607	10.000000	10.287436	10.003187	2999
0.250000	0.268640	0.619627	0.515847	0.387200	10.000000	10.271616	10.002836	2999
0.250000	0.238643	0.644877	0.516447	0.381593	10.000000	10.311530	10.003396	2999
0.250000	0.236997	0.644133	0.516487	0.379850	10.000000	10.313237	10.003043	2999
0.250000	0.217153	0.659767	0.519317	0.374560	10.000000	10.340628	10.002918	2999
0.250000	0.218190	0.660890	0.518923	0.376480	10.000000	10.341811	10.003303	2999
0.250000	0.234377	0.646403	0.516067	0.379607	10.000000	10.316803	10.002996	2999
0.250000	0.245477	0.637887	0.514993	0.383113	10.000000	10.301305	10.003202	2999
0.250000	0.267583	0.620677	0.515443	0.386720	10.000000	10.272246	10.003021	2999
0.250000	0.212980	0.664040	0.520320	0.373310	10.000000	10.349686	10.003162	2999
0.250000	0.235770	0.645787	0.516857	0.380423	10.000000	10.315121	10.003240	2999
0.250000	0.281570	0.610873	0.516343	0.389957	10.000000	10.255672	10.003500	2999
0.250000	0.255563	0.631147	0.514690	0.386387	10.000000	10.288974	10.003567	2999
0.250000	0.266040	0.622947	0.516900	0.385493	10.000000	10.275244	10.003063	2999
0.250000	0.271470	0.616383	0.514690	0.386983	10.000000	10.268002	10.002731	2999
0.250000	0.277450	0.611377	0.515730	0.386187	10.000000	10.260311	10.003181	2999
0.250000	0.265627	0.621823	0.515037	0.385530	10.000000	10.274459	10.002730	2999
0.250000	0.264213	0.622743	0.515387	0.386260	10.000000	10.276526	10.003037	2999
0.250000	0.255403	0.628810	0.514737	0.384063	10.000000	10.289016	10.003511	2999
0.250000	0.282900	0.609127	0.519113	0.386057	10.000000	10.254521	10.002952	2999
0.250000	0.257013	0.629247	0.515240	0.384253	10.000000	10.285596	10.002629	2999
0.250000	0.257027	0.629640	0.516377	0.385497	10.000000	10.285982	10.003207	2999
0.250000	0.287160	0.605713	0.517410	0.388823	10.000000	10.247507	10.003053	2999
0.250000	0.227497	0.650823	0.517040	0.377407	10.000000	10.326560	10.002966	2999
0.250000	0.228370	0.652100	0.517057	0.379050	10.000000	10.325943	10.003387	2999
0.250000	0.243753	0.637697	0.514627	0.382353	10.000000	10.302811	10.002907	2999
0.250000	0.240983	0.641493	0.516003	0.380763	10.000000	10.308216	10.002976	2999
0.250000	0.306530	0.591323	0.518470	0.392210	10.000000	10.224220	10.003278	2999
0.250000	0.282040	0.607947	0.516237	0.387360	10.000000	10.253588	10.002758	2999
0.250000	0.262547	0.624460	0.514513	0.386630	10.000000	10.279780	10.002954	2999
0.250000	0.243770	0.638443	0.515123	0.381840	10.000000	10.303618	10.002664	2999
0.250000	0.238910	0.643987	0.516470	0.381363	10.000000	10.310940	10.002814	2999
0.250000	0.251583	0.631443	0.514597	0.382313	10.000000	10.294274	10.003728	2999
0.250000	0.241547	0.640793	0.516023	0.381360	10.000000	10.306134	10.002757	2999
0.250000	0.257060	0.630723	0.516093	0.385590	10.000000	10.287378	10.003184	2999
0.250000	0.293630	0.599997	0.517643	0.389567	10.000000	10.239750	10.003081	2999
0.250000	0.257777	0.627710	0.514803	0.384473	10.000000	10.283542	10.002430	2999
0.250000	0.265520	0.622107	0.515000	0.386233	10.000000	10.274190	10.002510	2999
0.250000	0.272367	0.616390	0.515160	0.387177	10.000000	10.266337	10.003607	2999
0.250000	0.282747	0.607487	0.516163	0.386910	10.000000	10.252583	10.003043	2999
0.250000	0.270910	0.618490	0.515793	0.386820	10.000000	10.268781	10.002947	2999
0.250000	0.283017	0.607830	0.515913	0.387877	10.000000	10.252846	10.003020	2999
0.250000	0.233953	0.645020	0.516087	0.378410	10.000000	10.316983	10.002713	2999
0.250000	0.230930	0.650320	0.517153	0.379343	10.000000	10.322036	10.003025	2999
0.250000	0.251140	0.633780	0.516277	0.383200	10.000000	10.294939	10.003079	2999
0.250000	0.259847	0.625653	0.515700	0.384617	10.000000	10.282132	10.003257	2999
0.250000	0.263810	0.622680	0.514737	0.384793	10.000000	10.276534	10.003075	2999
0.250000	0.297597	0.595733	0.516953	0.389093	10.000000	10.233907	10.003281	2999
0.250000	0.233717	0.646610	0.516747	0.378900	10.000000	10.318203	10.003277	2999
0.250000	0.289750	0.605250	0.518510	0.390047	10.000000	10.246579	10.003325	2999
0.250000	0.262200	0.624287	0.515113	0.385607	10.000000	10.279959	10.002996	2999
0.250000	0.246667	0.636620	0.514763	0.382280	10.000000	10.299427	10.003080	2999
0.250000	0.283217	0.608537	0.516377	0.389017	10.000000	10.252296	10.002967	2999
0.250000	0.248290	0.635150	0.515370	0.382740	10.000000	10.298124	10.002673	2999
0.250000	0.251203	0.634233	0.516113	0.384223	10.000000	10.294056	10.003049	2999
0.250000	0.289227	0.605110	0.516830	0.391487	10.000000	10.245212	10.003210	2999
0.250000	0.304353	0.592080	0.518393	0.390510	10.000000	10.225505	10.002557	2999
0.250000	0.226267	0.653453	0.517970	0.377010	10.000000	10.329549	10.003583	2999
0.250000	0.250933	0.633303	0.516370	0.382773	10.000000	10.294558	10.003300	2999
0.250000	0.266400	0.621437	0.515827	0.386413	10.000000	10.274344	10.003163	2999
0.250000	0.262330	0.622983	0.514350	0.385003	10.000000	10.278923	10.002822	2999
0.250000	0.265387	0.620937	0.514863	0.385913	10.000000	10.274761	10.003069	2999
0.250000	0.265013	0.623577	0.514820	0.387260	10.000000	10.276280	10.003326	2999
0.250000	0.229947	0.650213	0.516257	0.379990	10.000000	10.322651	10.002830	2999
0.250000	0.266057	0.620707	0.514640	0.386430	10.000000	10.273138	10.002705	2999
0.250000	0.279103	0.610263	0.516477	0.387787	10.000000	10.257139	10.003453	2999
0.250000	0.255117	0.631167	0.515827	0.384387	10.000000	10.288459	10.003042	2999
0.250000	0.241890	0.639227	0.516367	0.379787	10.000000	10.306566	10.003422	2999
0.250000	0.210340	0.394373	0.434800	0.220650	10.000000	10.351361	10.502797	2999
0.250000	0.186020	0.416983	0.433717	0.220993	10.000000	10.389284	10.503086	2999
0.250000	0.164913	0.441553	0.437210	0.221887	10.000000	10.425655	10.502960	2999
0.250000	0.210303	0.393033	0.434897	0.219517	10.000000	10.351020	10.502712	2999
0.250000	0.224990	0.379313	0.436357	0.218610	10.000000	10.330040	10.502851	2999
0.250000	0.223703	0.380413	0.436230	0.219250	10.000000	10.332378	10.502755	2999
0.250000	0.184647	0.418947	0.434373	0.221013	10.000000	10.392630	10.502834	2999
0.250000	0.189383	0.413613	0.433863	0.221377	10.000000	10.382550	10.502560	2999
0.250000	0.175013	0.430763	0.435387	0.221580	10.000000	10.407147	10.502895	2999
0.250000	0.202773	0.401603	0.434753	0.221393	10.000000	10.362743	10.502733	2999
0.250000	0.204550	0.399097	0.433953	0.220433	10.000000	10.361113	10.502753	2999
0.250000	0.214113	0.389167	0.435297	0.219317	10.000000	10.345672	10.502363	2999
0.250000	0.156920	0.451573	0.438867	0.222683	10.000000	10.440318	10.503062	2999
0.250000	0.171463	0.434307	0.435067	0.222940	10.000000	10.414178	10.503009	2999
0.250000	0.179503	0.424043	0.434570	0.221507	10.000000	10.399593	10.502826	2999
0.250000	0.170390	0.434520	0.434990	0.221763	10.000000	10.415066	10.502483	2999
0.250000	0.158443	0.449463	0.438953	0.222750	10.000000	10.435934	10.502475	2999
0.250000	0.191803	0.411943	0.433873	0.221307	10.000000	10.380245	10.502306	2999
0.250000	0.175180	0.429263	0.434830	0.222273	10.000000	10.407628	10.502279	2999
0.250000	0.229500	0.376067	0.437597	0.218040	10.000000	10.323894	10.502849	2999
0.250000	0.208460	0.395027	0.434570	0.220057	10.000000	10.354585	10.502473	2999
0.250000	0.193113	0.409880	0.433790	0.219757	10.000000	10.377856	10.503082	2999
0.250000	0.194347	0.408287	0.433947	0.220317	10.000000	10.376728	10.502962	2999
0.250000	0.221513	0.384583	0.436183	0.220037	10.000000	10.336528	10.502809	2999
0.250000	0.171187	0.434490	0.436313	0.222123	10.000000	10.413911	10.502908	2999
0.250000	0.202260	0.401617	0.434463	0.221000	10.000000	10.364659	10.502855	2999
0.250000	0.186787	0.417017	0.435170	0.221637	10.000000	10.387162	10.502760	2999
0.250000	0.189337	0.414470	0.434610	0.220903	10.000000	10.383898	10.502452	2999
0.250000	0.183797	0.419890	0.434800	0.221343	10.000000	10.392860	10.502580	2999
0.250000	0.205740	0.398353	0.434567	0.221217	10.000000	10.357823	10.502383	2999
0.250000	0.187603	0.416900	0.435177	0.221237	10.000000	10.388089	10.502982	2999
0.250000	0.190223	0.414130	0.434230	0.221383	10.000000	10.382502	10.502465	2999
0.250000	0.183050	0.422077	0.435080	0.221350	10.000000	10.394851	10.502698	2999
0.250000	0.206253	0.400850	0.438857	0.219273	10.000000	10.361852	10.502516	2999
0.250000	0.190673	0.412957	0.434120	0.222223	10.000000	10.381164	10.502406	2999
0.250000	0.206030	0.396987	0.434633	0.219657	10.000000	10.357585	10.502584	2999
0.250000	0.196137	0.407827	0.434167	0.221560	10.000000	10.372506	10.502463	2999
0.250000	0.165690	0.440493	0.436440	0.221953	10.000000	10.423432	10.502872	2999
0.250000	0.195097	0.406320	0.433480	0.218843	10.000000	10.375427	10.502777	2999
0.250000	0.208493	0.394960	0.434533	0.221153	10.000000	10.354380	10.502533	2999
0.250000	0.197240	0.407230	0.437290	0.219120	10.000000	10.374878	10.503117	2999
0.250000	0.209477	0.394980	0.435223	0.219547	10.000000	10.352893	10.502782	2999
0.250000	0.210423	0.394927	0.436403	0.220187	10.000000	10.351804	10.502125	2999
0.250000	0.176733	0.427930	0.435480	0.221633	10.000000	10.404466	10.502419	2999
0.250000	0.190143	0.412907	0.434457	0.220683	10.000000	10.382853	10.502892	2999
0.250000	0.179103	0.423160	0.434037	0.220243	10.000000	10.400219	10.502462	2999
0.250000	0.148670	0.460727	0.440253	0.222163	10.000000	10.453361	10.502187	2999
0.250000	0.171653	0.431607	0.435373	0.220620	10.000000	10.411964	10.502574	2999
0.250000	0.182513	0.420660	0.435523	0.220117	10.000000	10.395625	10.502750	2999
0.250000	0.248890	0.359837	0.441200	0.216867	10.000000	10.297395	10.502787	2999
0.250000	0.170370	0.434417	0.435520	0.221263	10.000000	10.414008	10.502478	2999
0.250000	0.198500	0.407623	0.436503	0.220597	10.000000	10.373281	10.502619	2999
0.250000	0.214563	0.389897	0.436900	0.217737	10.000000	10.346516	10.502389	2999
0.250000	0.215977	0.389720	0.435607	0.221200	10.000000	10.343660	10.502575	2999
0.250000	0.183120	0.420393	0.433853	0.221907	10.000000	10.394187	10.502522	2999
0.250000	0.178903	0.426257	0.435407	0.222163	10.000000	10.401845	10.502907	2999
0.250000	0.173960	0.429253	0.434770	0.220893	10.000000	10.408638	10.503002	2999
0.250000	0.180880	0.422443	0.434483	0.221267	10.000000	10.397843	10.502483	2999
0.250000	0.223257	0.382650	0.435843	0.220567	10.000000	10.333226	10.503159	2999
0.250000	0.193160	0.411327	0.434477	0.221273	10.000000	10.377611	10.501976	2999
0.250000	0.193350	0.408423	0.433453	0.221353	10.000000	10.377011	10.502574	2999
0.250000	0.198143	0.406353	0.434817	0.221610	10.000000	10.370118	10.502509	2999
0.250000	0.181550	0.422427	0.434640	0.221777	10.000000	10.396204	10.502437	2999
0.250000	0.178043	0.426397	0.436123	0.220903	10.000000	10.402426	10.502752	2999
0.250000	0.160663	0.448430	0.439330	0.222133	10.000000	10.433692	10.502497	2999
0.250000	0.178323	0.427820	0.435323	0.222293	10.000000	10.401528	10.502524	2999
0.250000	0.225627	0.378000	0.436530	0.217593	10.000000	10.328660	10.502434	2999
0.250000	0.212263	0.391613	0.435783	0.219557	10.000000	10.347154	10.502121	2999
0.250000	0.180833	0.422717	0.434840	0.220883	10.000000	10.397420	10.502597	2999
0.250000	0.194830	0.410247	0.435310	0.221367	10.000000	10.377208	10.503147	2999
0.250000	0.176353	0.428193	0.435070	0.221347	10.000000	10.405228	10.502799	2999
0.250000	0.197223	0.407480	0.434757	0.221857	10.000000	10.371968	10.502679	2999
0.250000	0.184163	0.421273	0.435370	0.221560	10.000000	10.391601	10.502508	2999
0.250000	0.222673	0.382613	0.436137	0.219237	10.000000	10.333534	10.502633	2999
0.250000	0.199900	0.404060	0.434517	0.220763	10.000000	10.367839	10.502718	2999
0.250000	0.187417	0.416143	0.434310	0.220490	10.000000	10.386599	10.502322	2999
0.250000	0.156110	0.452927	0.439050	0.223230	10.000000	10.439899	10.502576	2999
0.250000	0.176033	0.428860	0.434937	0.222730	10.000000	10.404562	10.502099	2999
0.250000	0.233877	0.372160	0.437833	0.218157	10.000000	10.318008	10.502331	2999
0.250000	0.214127	0.394110	0.440240	0.218623	10.000000	10.351845	10.502818	2999
0.250000	0.196930	0.407107	0.434280	0.221193	10.000000	10.372569	10.502578	2999
0.250000	0.197713	0.404977	0.434133	0.220723	10.000000	10.369406	10.502414	2999
0.250000	0.190540	0.412540	0.433633	0.221403	10.000000	10.381431	10.502485	2999
0.250000	0.214197	0.390253	0.435463	0.220150	10.000000	10.345682	10.502483	2999
0.250000	0.209357	0.395637	0.434943	0.220657	10.000000	10.353160	10.502611	2999
0.250000	0.174320	0.431247	0.434940	0.222237	10.000000	10.408468	10.502961	2999
0.250000	0.189497	0.414023	0.434197	0.221317	10.000000	10.383956	10.502627	2999
0.250000	0.204730	0.399013	0.435367	0.219573	10.000000	10.359788	10.502406	2999
0.250000	0.189897	0.413390	0.434433	0.221197	10.000000	10.382006	10.502345	2999
0.250000	0.184900	0.418473	0.434000	0.221693	10.000000	10.390459	10.502376	2999
0.250000	0.188197	0.414817	0.434977	0.220857	10.000000	10.384351	10.502002	2999
0.250000	0.184260	0.418397	0.434263	0.221110	10.000000	10.392245	10.502730	2999
0.250000	0.211017	0.391997	0.435090	0.220053	10.000000	10.350585	10.502680	2999
0.250000	0.203737	0.397987	0.433877	0.218833	10.000000	10.359372	10.502502	2999
0.250000	0.221683	0.383433	0.436307	0.219447	10.000000	10.334995	10.502745	2999
0.250000	0.191440	0.413603	0.435550	0.221097	10.000000	10.380297	10.502373	2999
0.250000	0.180280	0.424480	0.435003	0.221660	10.000000	10.398677	10.502793	2999
0.250000	0.205927	0.397547	0.435000	0.219867	10.000000	10.357777	10.502564	2999
0.250000	0.250790	0.357263	0.442307	0.215973	10.000000	10.295114	10.502767	2999
0.250000	0.178137	0.425970	0.434893	0.221407	10.000000	10.400586	10.502496	2999
0.250000	0.111090	0.215227	0.327540	0.092063	10.000000	10.533401	11.002563	2999
0.250000	0.110447	0.217907	0.328633	0.094153	10.000000	10.534053	11.002565	2999
0.250000	0.115553	0.211850	0.328070	0.092303	10.000000	10.522795	11.002508	2999
0.250000	0.115193	0.211803	0.328523	0.091937	10.000000	10.522622	11.002550	2999
0.250000	0.114817	0.212037	0.327687	0.092470	10.000000	10.524727	11.002826	2999
0.250000	0.110390	0.217433	0.327983	0.092667	10.000000	10.534068	11.002359	2999
0.250000	0.118493	0.208940	0.328830	0.092030	10.000000	10.517326	11.002750	2999
0.250000	0.118733	0.207750	0.328427	0.091413	10.000000	10.514768	11.002416	2999
0.250000	0.108213	0.220803	0.328847	0.093540	10.000000	10.540966	11.002581	2999
0.250000	0.115080	0.210947	0.327747	0.090873	10.000000	10.523471	11.002847	2999
0.250000	0.127647	0.199737	0.329307	0.089600	10.000000	10.497077	11.002495	2999
0.250000	0.115760	0.212830	0.329010	0.091850	10.000000	10.523460	11.002720	2999
0.250000	0.120803	0.206357	0.328750	0.090850	10.000000	10.511814	11.002668	2999
0.250000	0.114760	0.212620	0.328513	0.092407	10.000000	10.525126	11.002578	2999
0.250000	0.104800	0.224340	0.328147	0.094643	10.000000	10.549080	11.002556	2999
0.250000	0.105770	0.223723	0.328130	0.094933	10.000000	10.545720	11.002650	2999
0.250000	0.114133	0.213717	0.328620	0.092533	10.000000	10.525881	11.002965	2999
0.250000	0.105277	0.223763	0.328793	0.093893	10.000000	10.547901	11.002171	2999
0.250000	0.105950	0.224003	0.328440	0.094473	10.000000	10.547365	11.002845	2999
0.250000	0.123563	0.202717	0.328870	0.089480	10.000000	10.503825	11.002688	2999
0.250000	0.108527	0.219703	0.328790	0.092843	10.000000	10.540174	11.002452	2999
0.250000	0.109290	0.219493	0.328897	0.093350	10.000000	10.538588	11.002632	2999
0.250000	0.094890	0.237533	0.329873	0.096887	10.000000	10.575132	11.002577	2999
0.250000	0.103100	0.226893	0.328990	0.094170	10.000000	10.553641	11.002878	2999
0.250000	0.109607	0.218043	0.328120	0.092040	10.000000	10.536659	11.002597	2999
0.250000	0.108730	0.218247	0.327377	0.093413	10.000000	10.537781	11.002689	2999
0.250000	0.120670	0.205107	0.328393	0.090953	10.000000	10.510734	11.002636	2999
0.250000	0.114110	0.213790	0.329127	0.092073	10.000000	10.527072	11.002749	2999
0.250000	0.127657	0.200733	0.329793	0.091003	10.000000	10.496071	11.002477	2999
0.250000	0.091410	0.244837	0.331633	0.098020	10.000000	10.584091	11.002201	2999
0.250000	0.101067	0.229057	0.329577	0.094947	10.000000	10.558046	11.002598	2999
0.250000	0.101493	0.228510	0.329523	0.095363	10.000000	10.555728	11.002811	2999
0.250000	0.123530	0.204170	0.328903	0.091097	10.000000	10.505256	11.002488	2999
0.250000	0.106853	0.221263	0.327900	0.093887	10.000000	10.543240	11.002798	2999
0.250000	0.110470	0.217640	0.328427	0.093673	10.000000	10.535136	11.002517	2999
0.250000	0.107690	0.220153	0.328553	0.093543	10.000000	10.540882	11.002495	2999
0.250000	0.117663	0.210440	0.328797	0.092140	10.000000	10.518149	11.003059	2999
0.250000	0.113513	0.213510	0.328270	0.092340	10.000000	10.527013	11.002761	2999
0.250000	0.103667	0.226850	0.329257	0.094687	10.000000	10.553488	11.002755	2999
0.250000	0.124790	0.201350	0.328603	0.091033	10.000000	10.502774	11.002664	2999
0.250000	0.121090	0.207097	0.328623	0.091743	10.000000	10.511081	11.002352	2999
0.250000	0.106060	0.224317	0.329697	0.094520	10.000000	10.547469	11.002456	2999
0.250000	0.119407	0.207997	0.329237	0.091513	10.000000	10.515746	11.002684	2999
0.250000	0.125633	0.203560	0.331380	0.090657	10.000000	10.505349	11.002840	2999
0.250000	0.097317	0.234463	0.330017	0.095977	10.000000	10.567845	11.002683	2999
0.250000	0.125037	0.202543	0.329207	0.090900	10.000000	10.502130	11.002780	2999
0.250000	0.102123	0.228007	0.329120	0.094520	10.000000	10.554378	11.002353	2999
0.250000	0.125823	0.200470	0.328093	0.090747	10.000000	10.501603	11.002928	2999
0.250000	0.125437	0.201030	0.328840	0.090743	10.000000	10.501190	11.003053	2999
0.250000	0.114873	0.213160	0.328767	0.092647	10.000000	10.525822	11.002717	2999
0.250000	0.127690	0.198303	0.329270	0.089710	10.000000	10.496554	11.002851	2999
0.250000	0.104950	0.222803	0.328450	0.093657	10.000000	10.547849	11.002382	2999
0.250000	0.109580	0.220323	0.329597	0.094077	10.000000	10.537717	11.002342	2999
0.250000	0.100657	0.230023	0.329750	0.095260	10.000000	10.560908	11.002473	2999
0.250000	0.110870	0.217610	0.329567	0.092923	10.000000	10.534245	11.002719	2999
0.250000	0.110690	0.218307	0.328407	0.093490	10.000000	10.534424	11.002825	2999
0.250000	0.120450	0.206837	0.328820	0.091150	10.000000	10.511961	11.003147	2999
0.250000	0.108687	0.220203	0.328157	0.094723	10.000000	10.539457	11.002288	2999
0.250000	0.121773	0.204830	0.329337	0.090707	10.000000	10.508279	11.002338	2999
0.250000	0.112130	0.216037	0.328977	0.092650	10.000000	10.531152	11.002605	2999
0.250000	0.115550	0.210950	0.327910	0.091803	10.000000	10.522596	11.002891	2999
0.250000	0.105663	0.222800	0.328243	0.093820	10.000000	10.546073	11.002725	2999
0.250000	0.114383	0.213537	0.329113	0.092130	10.000000	10.526542	11.002398	2999
0.250000	0.105703	0.223433	0.328833	0.093727	10.000000	10.546139	11.002642	2999
0.250000	0.119693	0.208367	0.329457	0.091253	10.000000	10.514844	11.002667	2999
0.250000	0.107967	0.221490	0.328897	0.093710	10.000000	10.541490	11.003223	2999
0.250000	0.100940	0.228527	0.328273	0.095263	10.000000	10.559090	11.003114	2999
0.250000	0.110863	0.220333	0.330633	0.093650	10.000000	10.536501	11.002358	2999
0.250000	0.109820	0.220470	0.329703	0.093793	10.000000	10.538392	11.002698	2999
0.250000	0.118210	0.208643	0.328037	0.091580	10.000000	10.516631	11.002685	2999
0.250000	0.111990	0.217360	0.329357	0.093063	10.000000	10.533027	11.002461	2999
0.250000	0.100147	0.231013	0.329183	0.096273	10.000000	10.560877	11.002551	2999
0.250000	0.097707	0.232513	0.328693	0.094977	10.000000	10.565506	11.002220	2999
0.250000	0.127570	0.200427	0.329537	0.090737	10.000000	10.496941	11.002770	2999
0.250000	0.108457	0.221163	0.328927	0.094537	10.000000	10.540945	11.002657	2999
0.250000	0.113810	0.214290	0.328513	0.092880	10.000000	10.527460	11.002479	2999
0.250000	0.111830	0.215537	0.328987	0.092503	10.000000	10.532402	11.002628	2999
0.250000	0.103330	0.226143	0.328913	0.094653	10.000000	10.551913	11.002446	2999
0.250000	0.095073	0.237603	0.329683	0.096443	10.000000	10.573858	11.002535	2999
0.250000	0.086123	0.248923	0.331823	0.097470	10.000000	10.599247	11.002701	2999
0.250000	0.116473	0.211500	0.328500	0.092240	10.000000	10.521295	11.002756	2999
0.250000	0.136277	0.189393	0.329360	0.088230	10.000000	10.477385	11.002404	2999
0.250000	0.086867	0.249760	0.332583	0.098287	10.000000	10.596066	11.002550	2999
0.250000	0.097913	0.233467	0.330487	0.095050	10.000000	10.566721	11.002853	2999
0.250000	0.119957	0.206217	0.328673	0.090620	10.000000	10.512599	11.002614	2999
0.250000	0.115750	0.210707	0.328007	0.091620	10.000000	10.522734	11.002694	2999
0.250000	0.133323	0.194620	0.330387	0.089047	10.000000	10.485048	11.002518	2999
0.250000	0.113327	0.213023	0.327547	0.091630	10.000000	10.527917	11.002842	2999
0.250000	0.124893	0.201030	0.327837	0.090670	10.000000	10.501709	11.002473	2999
0.250000	0.095177	0.237210	0.330660	0.096367	10.000000	10.572610	11.002410	2999
0.250000	0.099010	0.232290	0.328990	0.095283	10.000000	10.563912	11.002809	2999
0.250000	0.104487	0.225677	0.330037	0.094737	10.000000	10.548939	11.002318	2999
0.250000	0.122037	0.204467	0.328970	0.090767	10.000000	10.508397	11.002617	2999
0.250000	0.144737	0.183497	0.331737	0.087570	10.000000	10.461478	11.002933	2999
0.250000	0.107537	0.219740	0.328407	0.093510	10.000000	10.541431	11.002428	2999
0.250000	0.088487	0.245100	0.331030	0.096897	10.000000	10.591647	11.002548	2999
0.250000	0.122550	0.204523	0.328957	0.091013	10.000000	10.508226	11.002518	2999
0.250000	0.120603	0.206297	0.328587	0.091593	10.000000	10.511737	11.002784	2999
0.250000	0.142977	0.184793	0.331610	0.087650	10.000000	10.465016	11.002716	2999
0.250000	0.105393	0.222803	0.328470	0.093883	10.000000	10.546697	11.002606	2999
0.250000	0.067237	0.081917	0.241427	0.029540	10.000000	10.661402	11.502632	2999
0.250000	0.051153	0.098260	0.240180	0.033190	10.000000	10.727265	11.502452	2999
0.250000	0.056870	0.093467	0.241330	0.031980	10.000000	10.705907	11.502393	2999
0.250000	0.054137	0.095237	0.239457	0.032550	10.000000	10.713980	11.502445	2999
0.250000	0.044420	0.110103	0.241480	0.035717	10.000000	10.765720	11.502901	2999
0.250000	0.043203	0.112017	0.242583	0.036090	10.000000	10.769599	11.502967	2999
0.250000	0.049570	0.100613	0.239903	0.033343	10.000000	10.734312	11.502508	2999
0.250000	0.061540	0.086407	0.240517	0.030460	10.000000	10.683419	11.502760	2999
0.250000	0.047660	0.103023	0.239427	0.034260	10.000000	10.745645	11.502822	2999
0.250000	0.053200	0.096550	0.239417	0.032773	10.000000	10.720086	11.503382	2999
0.250000	0.074440	0.074840	0.242467	0.027833	10.000000	10.637072	11.502659	2999
0.250000	0.060840	0.087513	0.240487	0.030787	10.000000	10.687023	11.502871	2999
0.250000	0.052920	0.094967	0.239010	0.032213	10.000000	10.716432	11.502587	2999
0.250000	0.057727	0.090950	0.240020	0.031793	10.000000	10.700034	11.503055	2999
0.250000	0.054050	0.093273	0.238607	0.031650	10.000000	10.713128	11.502710	2999
0.250000	0.051473	0.099040	0.240773	0.033430	10.000000	10.727684	11.502563	2999
0.250000	0.050727	0.099070	0.239550	0.033410	10.000000	10.730668	11.502814	2999
0.250000	0.049003	0.101430	0.239823	0.033670	10.000000	10.737381	11.502598	2999
0.250000	0.057190	0.090727	0.239960	0.031647	10.000000	10.702287	11.502523	2999
0.250000	0.059523	0.089110	0.239923	0.030490	10.000000	10.691169	11.502503	2999
0.250000	0.056707	0.091933	0.239890	0.031813	10.000000	10.702543	11.502319	2999
0.250000	0.066747	0.080800	0.240237	0.029460	10.000000	10.662280	11.502605	2999
0.250000	0.070590	0.080583	0.243047	0.029003	10.000000	10.655648	11.502694	2999
0.250000	0.056673	0.092407	0.239237	0.031820	10.000000	10.706244	11.502647	2999
0.250000	0.049453	0.100433	0.239573	0.033440	10.000000	10.735534	11.502814	2999
0.250000	0.058080	0.090897	0.240573	0.031293	10.000000	10.698566	11.502896	2999
0.250000	0.058030	0.090383	0.239987	0.031167	10.000000	10.698201	11.502525	2999
0.250000	0.059213	0.088010	0.239363	0.030363	10.000000	10.693361	11.502905	2999
0.250000	0.052980	0.095600	0.239597	0.032563	10.000000	10.720619	11.502863	2999
0.250000	0.055007	0.094273	0.239817	0.031543	10.000000	10.710739	11.502685	2999
0.250000	0.037503	0.123760	0.245113	0.039020	10.000000	10.804957	11.502881	2999
0.250000	0.064960	0.082557	0.240387	0.029533	10.000000	10.670317	11.502344	2999
0.250000	0.043433	0.110567	0.241550	0.035787	10.000000	10.767481	11.502454	2999
0.250000	0.055323	0.093610	0.239657	0.031893	10.000000	10.708317	11.502974	2999
0.250000	0.062313	0.085913	0.240583	0.030127	10.000000	10.679787	11.502541	2999
0.250000	0.045670	0.106733	0.241093	0.034440	10.000000	10.755293	11.502807	2999
0.250000	0.057397	0.091453	0.239780	0.031623	10.000000	10.701063	11.502439	2999
0.250000	0.051577	0.098410	0.240403	0.033170	10.000000	10.728105	11.502768	2999
0.250000	0.055570	0.093237	0.239573	0.032173	10.000000	10.705662	11.502232	2999
0.250000	0.060850	0.088210	0.240657	0.031143	10.000000	10.685608	11.502055	2999
0.250000	0.051153	0.098207	0.239373	0.033140	10.000000	10.726682	11.502620	2999
0.250000	0.047307	0.104717	0.241307	0.034000	10.000000	10.746711	11.502400	2999
0.250000	0.064967	0.083197	0.241237	0.029707	10.000000	10.669435	11.502508	2999
0.250000	0.053490	0.095840	0.239787	0.032510	10.000000	10.718878	11.502595	2999
0.250000	0.048540	0.102310	0.241000	0.033623	10.000000	10.740518	11.502604	2999
0.250000	0.052113	0.097927	0.240187	0.033140	10.000000	10.726383	11.502731	2999
0.250000	0.047083	0.103700	0.240393	0.033813	10.000000	10.746521	11.502314	2999
0.250000	0.047560	0.103997	0.240590	0.034297	10.000000	10.748398	11.502843	2999
0.250000	0.046020	0.105973	0.241293	0.034767	10.000000	10.754890	11.502967	2999
0.250000	0.057967	0.089457	0.238727	0.031563	10.000000	10.696959	11.502690	2999
0.250000	0.048603	0.103040	0.240540	0.034227	10.000000	10.740586	11.502659	2999
0.250000	0.057093	0.091947	0.239597	0.032607	10.000000	10.702203	11.502479	2999
0.250000	0.052003	0.098307	0.240147	0.032977	10.000000	10.724608	11.502744	2999
0.250000	0.050857	0.098543	0.240193	0.032767	10.000000	10.728627	11.501963	2999
0.250000	0.050750	0.099683	0.240130	0.033373	10.000000	10.730258	11.502662	2999
0.250000	0.050353	0.098697	0.239160	0.032560	10.000000	10.731607	11.502696	2999
0.250000	0.057303	0.090593	0.239423	0.031130	10.000000	10.700196	11.502746	2999
0.250000	0.059700	0.087713	0.239213	0.030357	10.000000	10.690533	11.502767	2999
0.250000	0.050947	0.099687	0.239733	0.033843	10.000000	10.730586	11.502717	2999
0.250000	0.061007	0.086953	0.240190	0.030603	10.000000	10.686187	11.502725	2999
0.250000	0.065730	0.082457	0.240007	0.029553	10.000000	10.665936	11.502378	2999
0.250000	0.047447	0.105273	0.241753	0.035267	10.000000	10.748217	11.503010	2999
0.250000	0.045360	0.107603	0.240987	0.035117	10.000000	10.757527	11.502691	2999
0.250000	0.054087	0.094607	0.239697	0.032330	10.000000	10.713993	11.502309	2999
0.250000	0.055197	0.093823	0.239940	0.031887	10.000000	10.710692	11.502866	2999
0.250000	0.070143	0.078813	0.242320	0.028780	10.000000	10.651073	11.502826	2999
0.250000	0.052930	0.095460	0.239830	0.032457	10.000000	10.719427	11.502570	2999
0.250000	0.053560	0.096620	0.239977	0.032437	10.000000	10.716293	11.502349	2999
0.250000	0.057970	0.089003	0.239080	0.031610	10.000000	10.697106	11.502912	2999
0.250000	0.062633	0.084383	0.239957	0.029917	10.000000	10.679444	11.502357	2999
0.250000	0.047737	0.104023	0.240547	0.033370	10.000000	10.747097	11.503004	2999
0.250000	0.054720	0.096023	0.240073	0.032577	10.000000	10.714060	11.502564	2999
0.250000	0.051020	0.098897	0.240253	0.032847	10.000000	10.728930	11.502903	2999
0.250000	0.044970	0.108457	0.241953	0.035033	10.000000	10.759923	11.502855	2999
0.250000	0.061437	0.085090	0.239290	0.029657	10.000000	10.682357	11.502697	2999
0.250000	0.059507	0.088643	0.239703	0.031133	10.000000	10.691464	11.502937	2999
0.250000	0.053917	0.095687	0.239893	0.032627	10.000000	10.716739	11.502628	2999
0.250000	0.047427	0.103017	0.239827	0.033833	10.000000	10.745940	11.502628	2999
0.250000	0.052620	0.097867	0.239797	0.033270	10.000000	10.722713	11.502731	2999
0.250000	0.059000	0.088380	0.239703	0.031127	10.000000	10.692659	11.502697	2999
0.250000	0.063063	0.084673	0.239890	0.029600	10.000000	10.676217	11.502738	2999
0.250000	0.052780	0.096527	0.240030	0.032843	10.000000	10.720683	11.502723	2999
0.250000	0.043263	0.111817	0.242167	0.036083	10.000000	10.770279	11.502347	2999
0.250000	0.058933	0.088337	0.239340	0.030757	10.000000	10.693964	11.502695	2999
0.250000	0.054243	0.094793	0.239450	0.032013	10.000000	10.714273	11.502575	2999
0.250000	0.050903	0.099110	0.240790	0.033483	10.000000	10.729287	11.502803	2999
0.250000	0.059640	0.089103	0.239733	0.031177	10.000000	10.691711	11.502676	2999
0.250000	0.068607	0.080047	0.241367	0.029057	10.000000	10.656289	11.502753	2999
0.250000	0.071287	0.078513	0.243427	0.028787	10.000000	10.651678	11.502953	2999
0.250000	0.051220	0.098160	0.239757	0.032587	10.000000	10.726634	11.502572	2999
0.250000	0.056507	0.091570	0.239590	0.030980	10.000000	10.703487	11.502588	2999
0.250000	0.061300	0.086590	0.239423	0.030837	10.000000	10.683684	11.502727	2999
0.250000	0.064947	0.082843	0.240327	0.029940	10.000000	10.669986	11.502893	2999
0.250000	0.053147	0.095840	0.240107	0.032397	10.000000	10.720959	11.503075	2999
0.250000	0.047543	0.103890	0.240600	0.034053	10.000000	10.746153	11.502394	2999
0.250000	0.057167	0.091440	0.239600	0.031647	10.000000	10.701766	11.502664	2999
0.250000	0.062817	0.087017	0.241870	0.030867	10.000000	10.680888	11.502991	2999
0.250000	0.058747	0.089487	0.240237	0.030760	10.000000	10.694943	11.502644	2999
0.250000	0.058397	0.090353	0.240627	0.031120	10.000000	10.697247	11.502392	2999
0.250000	0.061243	0.087557	0.240373	0.030980	10.000000	10.684730	11.502486	2999
0.250000	0.026913	0.034803	0.190080	0.010247	10.000000	10.905460	12.002687	2999
0.250000	0.026613	0.033430	0.188357	0.010020	10.000000	10.897636	12.002574	2999
0.250000	0.019990	0.045673	0.191027	0.013000	10.000000	10.986107	12.002555	2999
0.250000	0.032233	0.026997	0.189613	0.008043	10.000000	10.846587	12.002659	2999
0.250000	0.029797	0.029293	0.189063	0.009007	10.000000	10.863855	12.002690	2999
0.250000	0.027787	0.031907	0.188667	0.009483	10.000000	10.884761	12.002633	2999
0.250000	0.026680	0.032843	0.188060	0.009747	10.000000	10.898119	12.002433	2999
0.250000	0.023853	0.037770	0.189330	0.010540	10.000000	10.928484	12.002887	2999
0.250000	0.026683	0.033367	0.188823	0.009963	10.000000	10.896728	12.002584	2999
0.250000	0.020787	0.043347	0.190230	0.012350	10.000000	10.976626	12.002394	2999
0.250000	0.028347	0.032313	0.189450	0.009487	10.000000	10.885150	12.002769	2999
0.250000	0.025940	0.034957	0.189617	0.010577	10.000000	10.906925	12.002708	2999
0.250000	0.029563	0.030850	0.189223	0.009230	10.000000	10.872872	12.002472	2999
0.250000	0.029767	0.029370	0.188870	0.008863	10.000000	10.863054	12.002934	2999
0.250000	0.032800	0.026747	0.189580	0.008300	10.000000	10.839181	12.002873	2999
0.250000	0.020053	0.044880	0.190313	0.012687	10.000000	10.979479	12.002550	2999
0.250000	0.036633	0.023940	0.189977	0.007573	10.000000	10.812136	12.002656	2999
0.250000	0.022080	0.040197	0.188750	0.011330	10.000000	10.947198	12.002708	2999
0.250000	0.021507	0.042673	0.190103	0.012157	10.000000	10.964711	12.002634	2999
0.250000	0.029167	0.030900	0.189193	0.009180	10.000000	10.876655	12.002654	2999
0.250000	0.023920	0.036660	0.188223	0.010910	10.000000	10.929542	12.002896	2999
0.250000	0.032350	0.027617	0.189027	0.008367	10.000000	10.845226	12.002638	2999
0.250000	0.026000	0.033520	0.188503	0.009943	10.000000	10.901794	12.002509	2999
0.250000	0.030473	0.028367	0.188923	0.008683	10.000000	10.858367	12.002618	2999
0.250000	0.022223	0.039983	0.189253	0.011347	10.000000	10.944788	12.002622	2999
0.250000	0.024840	0.035547	0.189447	0.010120	10.000000	10.916102	12.002718	2999
0.250000	0.031747	0.028260	0.189173	0.008743	10.000000	10.851626	12.002828	2999
0.250000	0.033470	0.026363	0.189623	0.007920	10.000000	10.834977	12.002700	2999
0.250000	0.028093	0.031863	0.189360	0.009430	10.000000	10.884415	12.002569	2999
0.250000	0.020217	0.044187	0.191017	0.012387	10.000000	10.981000	12.002479	2999
0.250000	0.034070	0.026063	0.190050	0.007907	10.000000	10.833048	12.003054	2999
0.250000	0.032850	0.026903	0.190233	0.008130	10.000000	10.838483	12.002311	2999
0.250000	0.022783	0.038520	0.189037	0.011067	10.000000	10.938656	12.002535	2999
0.250000	0.028417	0.032393	0.189307	0.009643	10.000000	10.885270	12.002422	2999
0.250000	0.025413	0.035357	0.188933	0.010170	10.000000	10.911191	12.002619	2999
0.250000	0.024790	0.035563	0.188413	0.010113	10.000000	10.914320	12.002222	2999
0.250000	0.027403	0.032183	0.188427	0.009640	10.000000	10.890103	12.002522	2999
0.250000	0.026963	0.032790	0.188310	0.009490	10.000000	10.894767	12.002342	2999
0.250000	0.031173	0.028243	0.188983	0.008630	10.000000	10.850989	12.002545	2999
0.250000	0.025013	0.036207	0.189513	0.010413	10.000000	10.918182	12.002465	2999
0.250000	0.028593	0.030867	0.188113	0.009090	10.000000	10.874895	12.002458	2999
0.250000	0.028023	0.031523	0.189187	0.009213	10.000000	10.881782	12.002919	2999
0.250000	0.026907	0.032783	0.188733	0.009620	10.000000	10.893486	12.002755	2999
0.250000	0.020247	0.045053	0.191020	0.012640	10.000000	10.980135	12.002786	2999
0.250000	0.031493	0.028587	0.190350	0.008367	10.000000	10.853661	12.002396	2999
0.250000	0.022147	0.039607	0.189087	0.011303	10.000000	10.945727	12.002831	2999
0.250000	0.019690	0.045443	0.190957	0.013010	10.000000	10.984745	12.002755	2999
0.250000	0.033583	0.026017	0.189327	0.008000	10.000000	10.835101	12.002541	2999
0.250000	0.024700	0.035643	0.188723	0.010290	10.000000	10.919224	12.002658	2999
0.250000	0.028047	0.031517	0.188643	0.009327	10.000000	10.882419	12.002683	2999
0.250000	0.021857	0.041373	0.189767	0.011643	10.000000	10.953865	12.002807	2999
0.250000	0.030057	0.029027	0.188787	0.008637	10.000000	10.864206	12.002878	2999
0.250000	0.029833	0.030273	0.189383	0.009010	10.000000	10.868482	12.002638	2999
0.250000	0.033847	0.026620	0.190230	0.008130	10.000000	10.834836	12.002470	2999
0.250000	0.025277	0.035443	0.189020	0.010433	10.000000	10.915871	12.002605	2999
0.250000	0.026027	0.033843	0.188380	0.009793	10.000000	10.900118	12.002817	2999
0.250000	0.023893	0.038023	0.189737	0.010887	10.000000	10.933078	12.002207	2999
0.250000	0.024960	0.034747	0.188123	0.010427	10.000000	10.911080	12.003121	2999
0.250000	0.021430	0.041847	0.189793	0.011910	10.000000	10.962114	12.002505	2999
0.250000	0.031600	0.027803	0.189453	0.008583	10.000000	10.850672	12.002441	2999
0.250000	0.025983	0.034767	0.188720	0.010517	10.000000	10.907630	12.002716	2999
0.250000	0.030497	0.028763	0.188840	0.008940	10.000000	10.856644	12.002149	2999
0.250000	0.023313	0.038143	0.189150	0.010960	10.000000	10.935530	12.002757	2999
0.250000	0.025347	0.034470	0.188380	0.010237	10.000000	10.909707	12.002816	2999
0.250000	0.026957	0.032303	0.188270	0.009503	10.000000	10.889252	12.002706	2999
0.250000	0.020563	0.044443	0.190850	0.012693	10.000000	10.977891	12.002598	2999
0.250000	0.031590	0.028030	0.189560	0.008417	10.000000	10.850372	12.002799	2999
0.250000	0.022507	0.039903	0.189780	0.011573	10.000000	10.946306	12.002668	2999
0.250000	0.019337	0.048867	0.192553	0.013940	10.000000	11.002691	12.002477	2999
0.250000	0.026463	0.032983	0.188400	0.009843	10.000000	10.896812	12.002533	2999
0.250000	0.021080	0.041927	0.189553	0.011873	10.000000	10.967163	12.002530	2999
0.250000	0.029590	0.030100	0.190130	0.009137	10.000000	10.868454	12.002494	2999
0.250000	0.027130	0.033307	0.188763	0.010000	10.000000	10.895403	12.002369	2999
0.250000	0.022337	0.040530	0.189370	0.011830	10.000000	10.949606	12.002350	2999
0.250000	0.035667	0.024967	0.190867	0.007810	10.000000	10.820900	12.002505	2999
0.250000	0.029847	0.030543	0.189423	0.009410	10.000000	10.868197	12.002601	2999
0.250000	0.019010	0.047437	0.191853	0.012990	10.000000	10.999757	12.002437	2999
0.250000	0.029313	0.031120	0.189367	0.009263	10.000000	10.875160	12.002486	2999
0.250000	0.025410	0.034827	0.189147	0.010177	10.000000	10.908764	12.002687	2999
0.250000	0.037647	0.023373	0.190740	0.007340	10.000000	10.803030	12.002480	2999
0.250000	0.026933	0.032483	0.187943	0.009453	10.000000	10.894237	12.002652	2999
0.250000	0.031430	0.028113	0.188693	0.008597	10.000000	10.852457	12.002996	2999
0.250000	0.028240	0.031353	0.188737	0.009350	10.000000	10.881216	12.002658	2999
0.250000	0.027213	0.031873	0.188190	0.009550	10.000000	10.888709	12.002870	2999
0.250000	0.026430	0.032813	0.188353	0.009623	10.000000	10.898663	12.002565	2999
0.250000	0.029763	0.029937	0.188910	0.009187	10.000000	10.867411	12.002460	2999
0.250000	0.024380	0.035763	0.189503	0.010480	10.000000	10.921459	12.002425	2999
0.250000	0.022473	0.039320	0.189017	0.011300	10.000000	10.944604	12.002589	2999
0.250000	0.024143	0.036870	0.189457	0.010397	10.000000	10.927018	12.002756	2999
0.250000	0.028557	0.030920	0.188957	0.009320	10.000000	10.876904	12.002482	2999
0.250000	0.023460	0.037480	0.188483	0.010770	10.000000	10.931747	12.002796	2999
0.250000	0.025923	0.033943	0.188190	0.009940	10.000000	10.903299	12.002426	2999
0.250000	0.027247	0.032570	0.188567	0.009797	10.000000	10.890323	12.002670	2999
0.250000	0.022020	0.041103	0.189390	0.011607	10.000000	10.956741	12.002692	2999
0.250000	0.029033	0.030160	0.188270	0.009110	10.000000	10.872530	12.002682	2999
0.250000	0.024327	0.036597	0.189193	0.010750	10.000000	10.925261	12.002618	2999
0.250000	0.033750	0.027130	0.190070	0.008083	10.000000	10.836786	12.002514	2999
0.250000	0.030010	0.029763	0.188980	0.008723	10.000000	10.867669	12.002847	2999
0.250000	0.024443	0.040177	0.191863	0.011347	10.000000	10.939343	12.002384	2999
0.250000	0.025793	0.034017	0.187970	0.010173	10.000000	10.903032	12.002614	2999
